#File generated by ModelExp v0.7.2
#Read datafile: ../../rescale/Ac_CoFe_C_DisorderedWafer_300K_LangevinSAXSscaled.xye
#Started Fit at 2019-01-13 12:44:53.273085
#Finished Fit at 2019-01-13 12:44:53.288820
#[[Fit Statistics]]
#    # fitting method   = leastsq
#    # function evals   = 0
#    # data points      = 1047
#    # variables        = 0
#    chi-square         = 223380.954
#    reduced chi-square = 213.353347
#    Akaike info crit   = 5615.00833
#    Bayesian info crit = 5615.00833
#[[Variables]]
#    Ms:            298.4 (fixed)
#    mu:            23400 (fixed)
#    chi:           0 (fixed)
#    sigMu:         0 (fixed)
#    orderHermite:  50 (fixed)
#    T:             300 (fixed)

#[[Data]] 0
#B / T	M / kAm-1	sM / kAm-1	Mmodel / kAm-1
-2.2951323242	-301.3631774287	7.9389827007	-295.9185127796898
-2.2906272461	-306.0449699963	7.7679139831	-295.91363232882173
-2.2843831055	-307.5495972005	8.1632417898	-295.9068360829186
-2.2771459961	-297.9105679325	7.780174757	-295.8989124363667
-2.2699024414	-299.3265888095	8.0417225347	-295.8909311397937
-2.265409668	-302.1812924959	6.9734795934	-295.8859551400912
-2.2581485352	-302.1693165779	7.7933553483	-295.87787116629215
-2.2551683594	-296.9760537183	7.6365238571	-295.87453820568044
-2.2476490234	-299.4885324573	8.2480234963	-295.86608946853823
-2.2429162109	-296.9714585843	9.7598848735	-295.8607426243811
-2.2361492188	-304.030952691	8.6376692968	-295.85305837216026
-2.2319029297	-299.3556769458	7.2242011047	-295.84821270870026
-2.2218984375	-300.8230760196	8.2658024823	-295.8367228333662
-2.2181546875	-293.9621207566	9.6388689546	-295.8323965936559
-2.2099081055	-295.9761888818	8.9175654094	-295.8228152214798
-2.2061524414	-300.4256430537	8.0217818323	-295.8184279270344
-2.1979067383	-297.4821530405	8.6883462927	-295.8087428587492
-2.1949237305	-294.3989596489	7.3822888828	-295.8052212146225
-2.1846762695	-295.688702874	7.2894169358	-295.7930501232905
-2.1836788086	-295.0980490114	7.7398801732	-295.79185932061387
-2.1721613281	-296.5870498293	7.1600956534	-295.77803014088056
-2.1704530273	-297.9524880993	9.6141377024	-295.77596646424183
-2.1599510742	-294.2811895008	8.9576640821	-295.7632080839921
-2.1596801758	-298.4852548194	8.6022912823	-295.7628773393202
-2.1492623047	-292.4618195155	7.4341083004	-295.75009471902587
-2.1489291992	-298.9690679323	7.8011977644	-295.74968395722703
-2.1382055664	-296.4170086751	7.729610017	-295.7363919629991
-2.1362135742	-296.9704206244	8.6788118383	-295.733908182118
-2.1249521484	-289.5914578371	8.9078850313	-295.7197789250401
-2.121465625	-296.6819030582	8.2619068803	-295.71537411480654
-2.1122203125	-300.7595580486	9.7200340763	-295.7036233494592
-2.1100136719	-298.8205082081	6.6853891988	-295.7008034937069
-2.1019667969	-301.6460454696	7.3071542513	-295.69047026821613
-2.1002689453	-293.9730551655	7.3664572589	-295.68827989188327
-2.0902583008	-298.5460330202	6.8251542754	-295.67529294860674
-2.0889895508	-295.4610626427	7.9858537712	-295.6736380949144
-2.076518457	-292.5529923359	8.1229769222	-295.6572641903452
-2.0764886719	-295.6373913247	9.0370496892	-295.6572248486134
-2.0649673828	-291.9239943648	7.0133677996	-295.64192179553925
-2.0630141602	-291.3304353725	6.4609474045	-295.63931049951157
-2.0547688477	-301.5611499157	7.1776484741	-295.6282324905801
-2.0525174805	-297.0480376461	8.0707641649	-295.62519219176846
-2.0440232422	-296.4875210662	6.8133587973	-295.6136610710487
-2.0412992187	-292.6238014824	7.9590578678	-295.60994282501605
-2.0337529297	-299.9229282163	6.7945858289	-295.59959025098334
-2.0308011719	-294.7912570391	5.7118505691	-295.5955198715517
-2.0185289062	-286.7353391153	8.8438937861	-295.5784691742934
-2.0162665039	-290.6886354459	8.8243743413	-295.5753032050045
-2.0075338867	-294.2022545077	7.476413193	-295.56301599233024
-2.0053227539	-299.1688326338	5.7897833945	-295.55988784331765
-1.9965413086	-291.608835923	6.8617168568	-295.54739609599324
-1.9917722656	-295.3543025896	8.8327300303	-295.5405659021427
-1.9840421875	-295.993779175	6.4589054716	-295.52942518697165
-1.9790897461	-295.6400689411	6.7390179932	-295.5222419081063
-1.9672973633	-289.3610369514	7.2819146943	-295.50499203746733
-1.9668162109	-292.8103077038	9.7385842537	-295.5042838167289
-1.9555838867	-291.4353024753	7.0715063629	-295.48765163685516
-1.9550566406	-294.2988415176	7.1077557696	-295.4868662251774
-1.945084082	-290.888239393	5.654099406	-295.47193041980637
-1.9440701172	-298.329645831	7.5577408586	-295.4704032323557
-1.9333373047	-290.7298630264	7.2658003852	-295.4541397418973
-1.9318616211	-285.0751407479	7.2227461899	-295.45188949911426
-1.9195959961	-290.8123595014	7.01635805	-295.4330519843789
-1.9173271484	-296.6808076758	6.5292239328	-295.4295410795305
-1.9081042969	-290.9580541231	7.1259417681	-295.4151833205994
-1.9058655273	-284.3974960971	6.3104784619	-295.4116771357465
-1.8971	-296.0629847504	9.0254961459	-295.39786962657575
-1.895862207	-292.6310986582	5.9578635856	-295.39590956009647
-1.8841508789	-292.5039813761	5.3673414584	-295.37723701684223
-1.8838665039	-292.7198490283	7.545119301	-295.3767807221836
-1.8701273437	-289.5689095852	6.2726778045	-295.3545702058155
-1.8683727539	-292.8972838604	7.3418733686	-295.3517102411525
-1.858899707	-290.3338206856	5.9077197357	-295.33617600240814
-1.8566327148	-292.1718813102	8.4619039843	-295.332435001267
-1.8476430664	-294.0462994338	6.2994127472	-295.3175098616206
-1.8453896484	-295.2663769147	7.517671195	-295.3137458116983
-1.8369047852	-294.3109604289	6.5854583624	-295.29949006757965
-1.8331427734	-292.4494072556	6.1953297391	-295.29312713986826
-1.824415625	-288.7397620014	7.5047195553	-295.27826531773803
-1.8176681641	-285.4530887737	7.4307646835	-295.26667696342525
-1.8121705078	-286.457341087	6.472027721	-295.2571712722897
-1.8066604492	-295.5804390536	6.4693614784	-295.2475860896025
-1.8019001953	-284.4954754539	5.8399981923	-295.23925805309386
-1.7956712891	-296.5814712452	8.2619427117	-295.22829392773906
-1.7914363281	-290.9352077558	7.2010012964	-295.2207960048105
-1.7826594727	-287.4728823163	6.1528209224	-295.20514331612816
-1.779687793	-286.7129174445	6.6251836622	-295.1998086215883
-1.7689004883	-289.9144746808	7.3689168745	-295.18029286039905
-1.7661797852	-282.0499667185	7.0846441092	-295.1753330781225
-1.7581787109	-287.682788097	7.797138548	-295.1606583471212
-1.7564339844	-289.1503777282	5.5289723179	-295.1574405972516
-1.7481949219	-290.6836444999	8.4880638801	-295.1421587489608
-1.7459351563	-289.6365380373	7.3866395923	-295.13794212180665
-1.7376610352	-287.3417137639	6.6904699139	-295.122409367505
-1.7357074219	-291.5121504552	8.1016506346	-295.1187202983849
-1.7229369141	-288.1756322846	7.2751903059	-295.0943992639463
-1.7202222656	-286.119657904	5.8307762938	-295.08918276125405
-1.7111935547	-288.362723924	6.4952057481	-295.07171401167324
-1.7104777344	-286.6578187108	7.0067440748	-295.07032115245806
-1.7009631836	-285.3327751706	8.288751199	-295.0516961764162
-1.7004811523	-291.6018248426	8.2941788524	-295.05074704078913
-1.6892101562	-290.6392062458	5.584336858	-295.0283996632869
-1.6872282227	-284.7778393216	6.3824559773	-295.02443915126725
-1.6747046875	-283.4347978917	6.8441926204	-294.9991965186859
-1.6727523438	-281.3896424164	6.957152928	-294.99522728960284
-1.6630290039	-289.4336480831	8.5854409025	-294.97532038342877
-1.6614966797	-282.1368663167	7.7864747012	-294.9721619543342
-1.6540401367	-283.9478025556	6.4533233736	-294.95670899087975
-1.6502479492	-287.3072482883	6.8490840808	-294.9487964798356
-1.6430225586	-289.7946240204	5.4964070794	-294.9336193945651
-1.6375093262	-290.1008406476	5.4028838394	-294.9219486446287
-1.6343083008	-280.4004313714	6.0356676033	-294.9151363860569
-1.6240047852	-287.3868275499	6.3959236003	-294.8930266318632
-1.6177600586	-280.1658948532	6.5625082961	-294.8794893401239
-1.6145002441	-280.3885553956	7.7455722041	-294.87238112707877
-1.6052527344	-278.8084474186	6.1260763499	-294.85205928675657
-1.6039956543	-282.8688688424	7.0405852199	-294.8492787021243
-1.5935295898	-282.9629954445	6.1410125002	-294.82595809461066
-1.5930107422	-291.7228643401	5.9055000484	-294.8247940201849
-1.5827669434	-280.5913489058	6.7523873649	-294.80165499085496
-1.5795171875	-281.8555184938	7.0081058335	-294.7942516254366
-1.568064209	-283.9658123522	6.2903557465	-294.7679156129358
-1.5657967773	-293.2425933294	6.2844085517	-294.76265598831804
-1.5573341797	-285.8430111305	6.1220963927	-294.74289055896776
-1.5550508789	-286.0975991523	7.941489942	-294.73752077909387
-1.5470799805	-280.7145740214	7.3055111332	-294.7186508757082
-1.5440615234	-288.4534614757	6.226988482	-294.7114542749035
-1.5345828125	-284.9070468799	7.5927279061	-294.6886711065499
-1.5310671387	-281.6803638643	6.9139098214	-294.6801490623991
-1.5191019043	-284.5362612114	6.3395326798	-294.6508495873109
-1.5175688477	-282.7909452517	6.6191743279	-294.64706217444115
-1.5070975098	-285.2900458803	7.0368515831	-294.6209867016641
-1.5050881836	-283.9212344187	6.2949905458	-294.6159416348612
-1.4973753418	-274.3933902361	6.4414007272	-294.5964503004459
-1.4963204102	-277.9993163124	7.0447841895	-294.5937687325525
-1.4863643555	-284.5248702856	7.2903792732	-294.56827360643535
-1.4860930176	-281.257016195	7.0054150326	-294.5675739916867
-1.4726157715	-285.9642082771	7.1447266631	-294.53249997613307
-1.4725939453	-283.867122463	6.3642324298	-294.5324426535905
-1.4626105957	-282.4954544364	5.7241119102	-294.5060438450486
-1.4613828125	-283.7959339618	4.972273863	-294.5027723313099
-1.4508729492	-284.7823051242	6.513367291	-294.47454151339474
-1.4503905762	-280.7200783778	6.1831053734	-294.4732359787218
-1.4411217285	-282.5249188016	6.3648262048	-294.4479802512234
-1.440386377	-282.3061324098	5.9128521809	-294.4459626511567
-1.4303865234	-276.9047661481	5.3190711898	-294.41831991685336
-1.4258968262	-281.6515834122	7.4586728571	-294.40578286817487
-1.4163932617	-280.3361888582	8.4039680127	-294.3789828959032
-1.4128848633	-277.5571296467	5.8953498423	-294.36899812620203
-1.4046728516	-279.21416741	6.0989240798	-294.34543204495213
-1.4023821289	-281.4199289011	5.5820675012	-294.33880910626664
-1.3941782715	-278.7131926273	6.3993192342	-294.3149115662981
-1.3924010254	-277.2841821257	7.8504815101	-294.30969740216403
-1.3844137207	-276.9746360597	5.8838893824	-294.2860986089163
-1.3796680664	-278.1033823773	4.666829632	-294.27194799232825
-1.3689458984	-272.4554890145	5.9746935516	-294.2396153287871
-1.3651737305	-277.597500037	6.5942705415	-294.2281195981282
-1.3586890137	-277.021952787	5.0659024653	-294.20820815212636
-1.3536524414	-276.4805341673	4.5607936119	-294.19261163557405
-1.3499496094	-279.0752055997	7.1708784039	-294.1810710179364
-1.343388623	-284.1565864772	5.2483555533	-294.16046615706443
-1.339209375	-274.7804428218	4.9796512837	-294.14723591565127
-1.3298768555	-282.8920011633	5.2364496423	-294.1173917961887
-1.3276586914	-273.6267289732	5.9912896707	-294.11023669839614
-1.3178754883	-279.321039588	6.4970714867	-294.0783917889164
-1.3126606445	-275.5268789527	5.8226462261	-294.06122321463175
-1.3084067383	-276.1904985618	6.1777184314	-294.04711693641764
-1.3014367187	-278.2593621296	5.9641876794	-294.0238044850063
-1.2971466797	-282.7389662784	6.4832850126	-294.00933114153264
-1.2906632813	-276.2785390489	5.6888879109	-293.9872754622053
-1.2854037598	-277.2914692092	6.2686805716	-293.96921979728046
-1.2786498047	-280.1108068579	6.5354244648	-293.9458159767526
-1.2686665527	-271.0922779582	5.8579810284	-293.91076559928047
-1.2641486816	-271.50044112	6.6116241768	-293.89472177258875
-1.2584038574	-279.7680276023	4.8463262982	-293.8741544235328
-1.2522071289	-272.1378503453	5.7474975925	-293.8517576206213
-1.2469135742	-273.1319529151	6.9847524602	-293.8324488486885
-1.2419487793	-273.5502726807	5.7937476206	-293.81418967806934
-1.2359311035	-275.2735902766	5.3277817525	-293.79186163751797
-1.2299949707	-272.2255334474	5.5309018191	-293.7696220983881
-1.2219525879	-273.898662633	5.742953166	-293.73914688031317
-1.2164563477	-270.8801014671	5.9397975336	-293.71808803316986
-1.2094799805	-270.7551327925	4.9354542846	-293.69108242943497
-1.2047438965	-274.3099772408	4.6415094473	-293.6725707530297
-1.1992116211	-278.7571354976	4.1036293094	-293.65076189121737
-1.193973584	-266.28755098	5.764407302	-293.6299266853603
-1.1889751465	-272.336281432	4.4191626581	-293.60987335337614
-1.1840307129	-269.0767536664	4.4397683179	-293.58987010271574
-1.1737327637	-272.0751506131	4.3719261465	-293.5476675887708
-1.1722513672	-270.63521623	5.5173300525	-293.54153560338614
-1.1622509766	-266.4514881745	4.7045638034	-293.49973177386863
-1.1607367187	-268.573676663	3.9223437371	-293.493339049529
-1.1522384766	-269.8776272872	4.6787953042	-293.4571503667984
-1.1497714844	-270.3456897122	5.2837994157	-293.4465448059053
-1.1412293945	-266.6818507333	4.8378159131	-293.40946824637444
-1.1379968262	-266.2348682578	4.733570429	-293.39529225363395
-1.1290031738	-272.8475212617	5.5776648712	-293.3554246935784
-1.1268056152	-271.782557333	4.2917680959	-293.34558648395426
-1.1152702637	-270.9401150496	4.2248374163	-293.29330818116824
-1.1135182617	-263.7669487884	5.0847981919	-293.2852733472659
-1.1042831055	-274.8319855953	4.3040931912	-293.2424987188006
-1.1032740723	-265.5198038722	3.737909743	-293.23778176754394
-1.0930465332	-274.109831278	4.0187193388	-293.189479351122
-1.0928443848	-268.4903884138	5.0671195384	-293.1885155374016
-1.082777832	-267.3996786415	4.0619611451	-293.1400645237599
-1.0805378418	-266.9866096166	4.1539053662	-293.1291605059055
-1.0690580566	-267.5876109584	3.7348135475	-293.07256104917593
-1.0665607422	-269.4784497422	3.9183727275	-293.0600870385729
-1.0570185059	-269.9668913288	4.9258194213	-293.0118809655335
-1.0558419922	-266.5529334937	5.1393126966	-293.00587704079084
-1.0457999023	-269.5630957629	3.9686773328	-292.95408102554086
-1.0448316895	-270.0302825751	3.6821213394	-292.94903446300657
-1.0343233398	-267.5914210249	4.5765425444	-292.8936546317089
-1.0338125488	-270.2724164116	3.5271885799	-292.8909340305126
-1.021338916	-266.8829032595	3.6197243417	-292.82365169660966
-1.0193148437	-265.3729842779	3.7986537628	-292.81257863885344
-1.0105925293	-263.891684356	3.9553888715	-292.76435421171374
-1.0100688965	-266.0993657814	4.3481052191	-292.761432619935
-1.0000990234	-263.5725794093	4.4416436316	-292.70522238481857
-0.9998467773	-266.8720779407	4.2885641632	-292.7037856792389
-0.9895812012	-266.920324229	3.4148640327	-292.64469510484156
-0.9888967285	-261.7718555026	3.618004793	-292.64071152499207
-0.9771012695	-265.4465223816	3.8192003986	-292.5711860283044
-0.9756160156	-265.707727957	3.5720039247	-292.5623123848367
-0.9643678711	-266.3564513758	2.5244283762	-292.49422306352164
-0.9636189453	-257.6383653513	3.7718743756	-292.48963308660353
-0.9538627441	-263.6099212553	5.4153953999	-292.42918127723203
-0.9536080566	-259.2330000042	3.525666242	-292.4275866043652
-0.9423728516	-264.6091149179	3.518147517	-292.35638199704783
-0.9421083008	-265.4023782925	3.7269124866	-292.35468490556036
-0.9313669922	-261.2121781346	3.1255245272	-292.28496524021097
-0.9306376465	-263.0698340489	4.5355049745	-292.28017285477057
-0.9176210449	-261.3019097331	3.0079730179	-292.19336212581766
-0.9171638184	-259.2588367592	3.7742592144	-292.19026797921583
-0.9076261719	-261.9275822435	3.4949999892	-292.12501398951434
-0.9061319824	-260.2225682147	3.268876397	-292.11466669089606
-0.8968690918	-261.768250767	3.7286582734	-292.0497515819252
-0.8966351563	-258.1559162499	3.6010789999	-292.04809477812006
-0.8870978516	-262.5855468036	3.7292505256	-291.9798046166488
-0.8853257813	-259.7670021634	3.4266793982	-291.9669539374984
-0.8738556152	-255.6756684617	3.9668681156	-291.88251423649706
-0.8713368164	-256.1481451696	4.0661345432	-291.86367394992686
-0.8616034668	-257.0412785111	4.0552208426	-291.78983447620556
-0.8595553223	-260.9156429296	3.2057169313	-291.77408380395633
-0.849606543	-258.8608213752	3.7480807275	-291.69649520904983
-0.8495889648	-256.2089704733	3.5361352113	-291.69635651192357
-0.837857666	-255.3903776263	4.3944920179	-291.60249517007685
-0.8375945313	-254.8778269197	4.1746862934	-291.6003596984049
-0.823121582	-255.6722740699	3.1568925046	-291.48080160213425
-0.8215993164	-256.4490465356	3.3603164095	-291.46798165755735
-0.8126121582	-254.7169777823	3.9230671376	-291.39131636912896
-0.8088357178	-256.3089481681	3.0556390439	-291.3585929428114
-0.8021037109	-251.6365996375	4.2869528862	-291.2994948483249
-0.797858667	-256.2392305601	3.2981141519	-291.2617162826118
-0.7920993896	-254.3710719627	3.5426662193	-291.20981451797456
-0.7871057861	-254.5972567356	3.2343039881	-291.1641981141534
-0.7811384521	-250.3202373276	4.050971409	-291.1089218100686
-0.7746316406	-253.4686582628	3.4312687304	-291.0476776406761
-0.7669380127	-248.1092771193	3.3211742119	-290.97392196355906
-0.7631405029	-254.3320156752	4.2968148873	-290.9369686056757
-0.7559260742	-252.8884632045	4.2074085773	-290.8657427150525
-0.7519016846	-251.1415459003	3.4074347893	-290.82541724793055
-0.7451558838	-253.1760670406	3.8916125515	-290.7568455201895
-0.7373855469	-255.3206328262	3.4512757041	-290.67630436293933
-0.73442146	-250.11266872	4.1873053127	-290.6451319281668
-0.7216703857	-245.6609935764	3.371002539	-290.5081124509511
-0.7216405762	-249.2672687607	3.4020254032	-290.50778645317655
-0.7123987549	-248.504081882	2.8612218171	-290.405402182065
-0.71018125	-246.0092121684	4.1678608615	-290.380439456233
-0.7006543213	-248.1303292335	2.9580170898	-290.27139598189314
-0.7004503418	-249.8765371825	4.2097746269	-290.2690288353813
-0.6896383789	-251.7521797525	3.8509589035	-290.1415536813548
-0.6879364502	-247.6178685536	3.8453656164	-290.1211225982177
-0.6769104248	-245.043570105	3.475014999	-289.9862700251575
-0.6732022217	-248.0276988035	3.6479338496	-289.93992463506584
-0.6641687256	-242.9903361376	3.0119356895	-289.82485740159166
-0.6629632813	-247.2180226209	3.4276175743	-289.8092655022233
-0.6544797363	-247.5392648949	3.2803665389	-289.69791005658806
-0.6474355957	-245.4758531265	2.8896952712	-289.6032307626438
-0.6442295654	-243.9933365495	4.4860222039	-289.5594533419358
-0.643690332	-244.315303345	3.6371406886	-289.5520474236001
-0.632695166	-245.2894019703	3.3570054717	-289.39828505498156
-0.6319723389	-239.5530377941	4.0417567197	-289.38798921905925
-0.6189618652	-241.3154026949	3.599328562	-289.19855827695807
-0.6189355469	-241.2624212726	3.2503608932	-289.1981670144027
-0.6074299561	-239.925933147	3.3016511025	-289.0238711571124
-0.6069628174	-235.3078080628	3.8313587821	-289.0166549776149
-0.5970001953	-237.121173877	3.841474179	-288.86006755732944
-0.596962793	-239.0648355959	2.9291465757	-288.8594698393152
-0.5879489014	-239.9337314974	3.3505353775	-288.71320320888157
-0.5859804932	-235.8011303188	3.3054796225	-288.6806636099416
-0.5752347412	-235.2156618383	3.9430397049	-288.49910020465376
-0.5734513916	-237.4809127579	3.3499936067	-288.4683098605229
-0.5634528564	-239.33806921	3.2498082365	-288.29207088626424
-0.5632431885	-236.5982534147	3.496387315	-288.2883081984699
-0.5534832764	-235.7211456129	3.5208586406	-288.11000249823786
-0.5530367676	-234.6381463865	4.0959720138	-288.1016945977406
-0.5425139404	-229.291193776	4.1314395343	-287.90194436068515
-0.5419763428	-233.2854189783	3.5430266681	-287.89153112108283
-0.5285227783	-231.3610058154	3.0704515117	-287.62403770421724
-0.5284789551	-232.6033359677	3.4126818972	-287.62314412624914
-0.5155416504	-229.3901437277	3.1754782194	-287.3527033809892
-0.5152238037	-229.1012321757	3.8582849859	-287.34588819359095
-0.5047733398	-228.4906528754	2.5687009981	-287.11703181931176
-0.5039779785	-227.5977427234	3.5505641408	-287.099225413828
-0.4945487061	-224.5611326573	3.1605786879	-286.8837601207443
-0.4924790283	-227.7413402458	3.5166206571	-286.8353623116034
-0.4837697998	-227.0003133959	3.3782104269	-286.62716603273356
-0.4814752441	-226.2475236318	2.9607304488	-286.5710605037042
-0.471715332	-223.838320216	3.2422812901	-286.32631668918674
-0.470021875	-228.7979939199	3.2703287964	-286.2828160254815
-0.4614584473	-223.0683151735	3.8302335061	-286.0579536798022
-0.4585511475	-226.8534184371	2.9354805439	-285.9797028042043
-0.4507179199	-226.780387122	3.2250618698	-285.7638449239232
-0.4485347656	-219.9128692076	3.0012897261	-285.7023409371522
-0.4392118652	-221.8689470893	2.7475719317	-285.43281495177797
-0.4382951172	-216.7174736643	3.7732661729	-285.40569249366223
-0.4262838623	-220.7219279077	3.1342898963	-285.0395563259324
-0.4236843994	-219.47509908	3.87859275	-284.9575849866349
-0.41603396	-218.5454091074	3.3120601043	-284.71039271067406
-0.4126887939	-218.3177166401	3.5321872734	-284.59942771500795
-0.4045691284	-218.9486393788	2.505346031	-284.32245148821113
-0.4019528931	-217.8577868363	3.4931177926	-284.2308233895303
-0.3947733032	-215.1042116845	3.5347307427	-283.97313403602226
-0.3916673218	-216.9441966481	3.7474897171	-283.8587267958714
-0.3820441772	-214.3665489093	3.7038206311	-283.4924529902163
-0.3779202026	-209.6286486293	2.9378496855	-283.32977752382493
-0.3687956787	-212.2483703764	3.3820274832	-282.9569190194984
-0.3666869141	-208.9384499769	3.1730670964	-282.86810804415575
-0.3580793213	-209.8680672464	3.8701800301	-282.4947488652897
-0.3546297119	-208.0151345849	3.7700631576	-282.3400328277369
-0.3473035889	-208.2936146034	3.1013813543	-282.0012592053491
-0.3446318848	-206.4854317156	3.6248613859	-281.8741305647669
-0.3368270508	-204.3343032641	2.9362251207	-281.4911991246071
-0.3328989136	-205.4948189785	2.8648543628	-281.29167882876806
-0.3203415771	-198.5271571369	2.668971475	-280.62103548661514
-0.3196524536	-202.095764955	2.6202242989	-280.5827066638146
-0.3110739258	-201.9090294457	3.7355408432	-280.09135675137367
-0.309148877	-198.2963319558	3.1061308047	-279.9773500887678
-0.2990768677	-195.8496056615	3.0231254906	-279.3569306539224
-0.2988969727	-196.969604312	3.1545231477	-279.3454693369041
-0.2898251343	-196.3972784313	3.7101446428	-278.7490420347164
-0.2888916992	-195.1415057217	2.789886013	-278.68554801961284
-0.280334021	-193.2530925104	3.2747380758	-278.08373046169123
-0.2736651245	-192.383506445	3.2618870239	-277.58864692104476
-0.2703321411	-191.8680650409	3.0409351348	-277.33205925063885
-0.2636744873	-191.9635635756	2.9502766893	-276.80010389482385
-0.2593357422	-191.0388660969	3.029670213	-276.438732791461
-0.2521858643	-188.571607144	3.1243915945	-275.8160952806391
-0.2503442261	-186.9221882654	3.2699041259	-275.6499585089555
-0.2422290405	-183.8050088103	3.2993725213	-274.8877839655495
-0.238845752	-185.2039678628	3.4261491972	-274.55472964535613
-0.232746106	-180.342672034	3.043798122	-273.92980960347944
-0.2275786743	-185.6911471208	2.7236247952	-273.37418621068764
-0.2187852783	-173.983575363	2.9849491035	-272.36835124717766
-0.2128571167	-178.3390706236	3.1255686821	-271.6433587676418
-0.2078067871	-174.310248643	3.8283433007	-270.99309203706747
-0.2023484802	-178.4509195857	2.5160828546	-270.25379672191565
-0.1955916443	-171.7748571585	3.2947667029	-269.2814688622081
-0.1933510254	-176.6473352512	3.6820591134	-268.94403339009426
-0.1841522949	-171.7638074744	2.5607200147	-267.47265762337514
-0.1841031128	-170.0409137949	3.0378865675	-267.46439557184993
-0.1753649719	-167.9692625227	2.8868170842	-265.92293017608716
-0.1696797241	-165.9081289997	3.3932666672	-264.83476620188725
-0.1640733093	-167.7501978557	3.2463794913	-263.6878447272727
-0.1586999268	-158.7617351871	3.836751779	-262.51254895793846
-0.1556010925	-164.5687649987	3.4231005842	-261.7978544945029
-0.149236731	-154.95955984	3.2678056103	-260.23696131479426
-0.1443324524	-160.919291605	3.5705505596	-258.94027929905354
-0.1382701294	-154.0620574396	2.5778261317	-257.21034120815176
-0.1328520508	-159.2714762917	3.0190463341	-255.53073178409528
-0.1248097412	-147.8259385893	3.7128317106	-252.76905948512353
-0.1195983643	-155.6409862573	3.3273197714	-250.78158941837518
-0.1123523499	-139.0282216032	3.3375543246	-247.71281256414798
-0.1091157593	-153.1026633643	2.7754258749	-246.21105087486012
-0.1033950134	-140.0778183752	3.4817236131	-243.32843295401585
-0.098366571	-147.4168731317	2.8185828306	-240.52076445555775
-0.0936327423	-132.4481842445	2.949423294	-237.60632769417703
-0.087850116	-139.2035263863	2.8618441591	-233.6297598034444
-0.0819423218	-121.8801370862	3.0574283472	-229.0071126620421
-0.077599585	-137.8162534	2.7275423197	-225.18162482414644
-0.0684659607	-114.3813161981	2.8479912088	-215.672471733743
-0.0673361816	-130.9461385832	3.2217046426	-214.33432343196364
-0.0578507111	-127.8895716156	3.0862081106	-201.34465239929773
-0.0569847565	-104.9592693706	3.4236212042	-199.9813077990014
-0.0471041931	-119.9083345105	3.4234032365	-181.80888027698884
-0.0460257126	-95.1152273501	2.7153764025	-179.49656669500658
-0.0375983307	-107.7838754305	2.9521741319	-158.76036576487942
-0.0355339111	-77.7930744842	3.1313010453	-152.8898198833638
-0.0258439384	-92.2457629874	3.6906951553	-120.6510650017812
-0.0210529648	-51.2583062047	3.2204138911	-101.73602096437764
-0.0141065117	-61.3603896822	6.4693691801	-70.96990839453603
-0.0083294146	-18.6407077343	2.5016725626	-42.86679511757412
-0.0043464531	19.4668873268	3.2335105431	-22.573293288368983
-0.0041454507	-39.6675379667	2.9538714409	-21.536073058807037
-2.66416e-05	16.9214792723	2.9519509395	-0.13884072009768716
4.5671e-06	1.2380153027	3.0878378315	0.023801105517486577
0.0041029665	6.8629067588	2.7359352303	21.316722107679194
0.0053566084	4.0488980074	3.1544846709	27.770075350040155
0.0089368992	60.4071616781	2.8563361904	45.907157741031995
0.0099430309	64.6261650279	2.7196551979	50.903447256189494
0.0131678925	71.9903032765	3.2886823349	66.5401619896078
0.0137669479	33.5685624981	3.3763899935	69.37415285146824
0.0153763191	24.7127618632	2.4919971342	76.86660382150892
0.0189530251	84.9044698592	3.2248403004	92.83420258790093
0.0242176903	78.7727811936	3.017461775	114.4518267474719
0.0266043976	59.7817977343	3.317879932	123.4712207248307
0.0284203369	104.9841038102	2.8162997234	130.0027770002163
0.0304302429	102.4761961462	3.0286577558	136.90050681474742
0.0363362503	78.6886422202	2.3705507427	155.21096547099344
0.0379274017	96.3972878845	2.9020664462	159.6656820583709
0.0386502472	114.1457408731	3.4174892219	161.62551634958277
0.0400760696	89.5764900525	2.6308981189	165.3772468114162
0.0441859772	119.0092330114	3.207326339	175.38342257955483
0.0481418198	121.8289966412	3.3692129043	183.9671153735815
0.0486756989	116.9462193136	3.2387111819	185.05279944029596
0.0525514648	99.5875213351	2.7108408308	192.4560413461972
0.0549162201	128.1008141128	3.2861421586	196.5872709731143
0.0581535797	129.3668310139	2.8490131488	201.81375018781506
0.0598907654	125.480609653	2.1756111008	204.4293829398299
0.0625238495	111.194897288	3.1715294585	208.16254681248014
0.0656796631	134.4352560654	3.4516876576	212.2988262135638
0.0683797699	130.5748523378	2.4764715879	215.57177309690184
0.0713933929	134.2789948774	2.8552162899	218.96248888245623
0.0757416626	117.5486118705	2.4427931894	223.4190446537163
0.0759166931	140.1343915624	3.3388126575	223.58853093677993
0.0818694183	139.8397562504	2.8422659072	228.94607447754802
0.0838894958	140.5920867908	2.7391967997	230.59982710229286
0.0882311676	131.8706811191	3.2827516291	233.9074000238294
0.0889634216	145.8508373148	3.0682668454	234.43445359525654
0.0943294525	147.8743964243	2.8010795821	238.0532833105484
0.0959097717	145.005969729	2.8226344302	239.04348448880287
0.0984567444	134.040588782	2.5794288125	240.57360509387362
0.100182193	147.3373717279	2.4170359385	241.56663100400058
0.1040329468	147.0220432769	2.4088286783	243.66544515064038
0.1068938171	150.9207612383	3.3840980167	245.12778725969275
0.1081874878	139.7078494566	2.9998693903	245.76386305103424
0.1101739075	149.4415316273	3.0318526008	246.71167571742725
0.1144988403	152.0286500379	3.0563187127	248.66219622610478
0.1173601318	146.8014911114	3.0259234062	249.87396348453248
0.1178863098	153.5936682195	3.1112361816	250.09042245710916
0.1204022827	153.3020393833	3.0391229195	251.09937494553262
0.1262226746	157.7938726012	3.2131393737	253.27969340006823
0.1299251343	158.9615759037	2.578337218	254.56516572376094
0.1310836182	149.4148192604	2.9216704019	254.95248995151866
0.1311621094	154.2246659443	3.1824702959	254.97848529141976
0.1371754333	161.271054884	2.557574112	256.8816714412901
0.1391280457	165.2633743104	3.0351239505	257.46430797827543
0.1423062317	154.881078353	2.883941151	258.37846973456436
0.14393078	163.9677602832	2.7214810731	258.8301642294955
0.1460359497	154.5066561055	2.8653920861	259.40054920603467
0.1469174377	166.7049644211	2.7010280457	259.6345304062015
0.1486328003	163.6573570671	2.9479094197	260.0819016484218
0.1536593994	164.0055165862	3.3396533615	261.33534772070857
0.1548849487	167.4349374958	2.8320404514	261.6286202486061
0.15863479	169.8391622164	2.9375754342	262.4978134943017
0.1602475098	153.902685843	3.0677390716	262.8591253652269
0.1651241516	170.6463759602	2.8051034171	263.90874924880706
0.1654196289	166.9198366462	2.8824938799	263.97035798935315
0.1713897705	172.0278421406	3.4149583153	265.16966254988984
0.1726972534	167.1485568562	2.2879570642	265.4212467540997
0.1744278564	171.2666639297	2.9551276579	265.7484473859579
0.1783306763	174.2338728303	3.0456868929	266.4630341678227
0.1826702209	165.3455901436	3.201508397	267.2217325562369
0.1828807983	172.8852943994	2.7140048806	267.25763259376237
0.1881774841	174.2532910105	3.0289834636	268.13420464213056
0.1908097412	175.5497374855	3.3338288187	268.5517267431638
0.1934162537	173.4366645923	2.8782942235	268.95396720590963
0.1938732422	177.0995245506	2.9306301446	269.02337590874015
0.1994095825	177.6769568636	2.8876157911	269.8389782083028
0.2010131165	177.7832677937	3.5883769985	270.0668168464126
0.2041066772	174.7095426496	3.3353313272	270.4962511031938
0.2051525818	180.1454872184	3.0854169762	270.63850938166337
0.2101823364	181.2967735149	2.754905948	271.3028538038537
0.2102615601	180.4814127657	2.4502885118	271.31306363921567
0.2143368042	178.4131338319	3.3688504169	271.8280748929204
0.2158599854	183.5298083613	3.093790426	272.01557538546734
0.2187153687	186.5795174546	2.7755559676	272.36003056051976
0.2211467407	182.3528237067	3.0069614302	272.6463239475837
0.2300537842	181.3532101739	2.9732943316	273.643434718668
0.2301153564	180.1601879182	2.9887943933	273.65005885789947
0.2316686646	189.6221101106	3.0684378178	273.81600398441475
0.2321438965	190.152513424	2.7990142985	273.8663309545723
0.2401018188	183.6180860919	2.2069512675	274.67947360752464
0.2409813354	180.6665642107	2.997014465	274.7660471031217
0.2416333862	187.7450400295	3.1363077893	274.8298236285319
0.2436236572	190.4724416901	3.2158346257	275.0223789771059
0.2487218018	186.9027261417	3.1847911641	275.50155889232946
0.2513461304	191.0768988607	2.974938895	275.7406436700944
0.2518921997	190.3997967175	3.4815427817	275.7897661869289
0.2528654663	194.9400638622	2.8674849189	275.8767918518491
0.2607141602	192.9670942962	2.5420273581	276.5548438840389
0.2615973022	190.9344193245	3.1851175875	276.6285922548447
0.2631521973	192.4867349539	2.6947481481	276.75723360970375
0.2635780518	195.5106546481	3.4070884562	276.7922011246004
0.2713380249	193.632936357	3.5125159147	277.4101607268296
0.274192041	191.0934223349	3.2016746356	277.6286402238469
0.274620752	194.375287084	3.1792008081	277.6610664347353
0.2770413208	200.2938282726	3.4598576303	277.8422668974572
0.2831295654	195.4483536749	3.0005090654	278.2843277869804
0.2839421265	191.4270153399	2.5643410946	278.34189308361454
0.2877595459	202.4140152991	3.5652464403	278.6079840180573
0.28861698	195.6565443887	3.1397763522	278.6667828780881
0.292839624	192.7979664051	2.9129923918	278.9513289027618
0.2961810547	194.854474708	3.5847745461	279.17074329691326
0.2982262451	201.8545488288	3.1222150924	279.3026146256557
0.2993573853	202.3407176775	3.7989171606	279.3747752649853
0.3043341675	197.7939072886	2.9675133453	279.6858951125803
0.3071840454	199.5453692393	3.4636035274	279.859513875452
0.3071862671	201.8950479506	2.878610533	279.8596479680285
0.3093803345	200.4238659228	3.3748370699	279.99113267290875
0.3146160767	200.7919186252	2.611670566	280.29748727668175
0.3174058472	199.0474144843	3.2816559097	280.45659542297665
0.3176846924	205.0214053031	3.46351654	280.47234510295067
0.3203686646	205.3850229506	2.6447077504	280.62253871634533
0.3285924805	203.6857092145	3.2840898284	281.06746237541205
0.3304277344	205.185314619	2.660708658	281.1637303455634
0.3321334839	209.1467450462	3.1087047934	281.2522512558903
0.333101355	202.7632584039	3.3466352713	281.3020763622441
0.3388106323	208.4640310177	2.7399446696	281.5901924306197
0.3411802368	207.1039474085	3.2644365188	281.7069418532537
0.344077124	208.9072172467	2.7872877881	281.84748565317847
0.3451263428	207.478109495	2.8188592008	281.8978069618883
0.3500671753	208.219530285	3.3362392693	282.1307181784686
0.3504317139	206.9908407406	4.1401106137	282.1476423921827
0.353816748	217.741953741	4.0409566927	282.3031318793786
0.3571028809	208.9165062773	3.6825264646	282.45125851387905
0.3599391235	209.6080314371	3.0474439374	282.57693115423973
0.3603203979	210.5827805941	2.4013446009	282.5936743947431
0.364018042	220.6079549712	3.4646727723	282.7542328283191
0.3688515991	210.5133663558	3.4931775223	282.9592602951436
0.3719457764	212.7031498676	3.4626347587	283.0877101642412
0.3720517212	213.4678451325	3.0560116261	283.09207046522016
0.3765163208	216.4430731853	3.1326004627	283.27358657037223
0.3788457153	214.4492028278	2.5610437764	283.3665937836643
0.3839685547	212.6248476426	3.7895694856	283.56716678564214
0.3853126221	213.6590807888	2.9438161009	283.6189074409687
0.3882329102	218.0963895804	3.9285534185	283.7300908248887
0.3908678711	214.4261416199	2.7089367381	283.82898520823665
0.3954725342	215.5976914775	2.9263006417	283.9986420322609
0.3957972168	215.2919055485	2.9238709782	284.0104558352641
0.3979404663	216.6111907529	3.5385780964	284.08795582822296
0.4025684692	218.124588994	3.2328221821	284.2524897820707
0.4059638306	216.4078961513	3.2004378485	284.3708153728729
0.4094055542	225.8070165017	3.9758404488	284.4887536258463
0.4097874146	222.0294378162	3.277002094	284.50171682070214
0.4135666016	214.8073658918	3.6890707183	284.6287198497434
0.4174736084	218.0105852235	3.468849939	284.7576010151852
0.4204064941	224.1260825397	3.2368268121	284.85277460897544
0.4237719482	216.8389287994	3.6829735146	284.9603621107662
0.4248014648	220.4428431869	3.403530825	284.99293339747646
0.4307228271	220.6483857675	3.231705765	285.17724705289214
0.4345463379	221.8537493983	3.7056977426	285.2935921564853
0.4348609863	227.9215019232	3.4703112805	285.30307544054074
0.4390625977	225.4061662866	3.0541513065	285.42840651593235
0.442497876	222.123020599	3.3403757866	285.5291099001272
0.4448516113	229.0956635574	3.5163736348	285.5972105152558
0.4452881348	222.1174451543	3.2079815408	285.6097613066174
0.4498397461	221.7006734545	2.6447553786	285.73917671615203
0.4517599365	225.4624532951	3.3503959068	285.7929911192487
0.4548520752	224.4137290342	3.181517911	285.87869507043825
0.4553112793	224.112873836	3.2832376216	285.8913234300296
0.4601084961	223.7696681755	2.7130770575	286.0217423070899
0.4637608154	224.9247657239	3.9593335911	286.11922650146533
0.464334668	229.0492814684	3.1987343459	286.1344038170694
0.4667978516	225.7705817997	3.2348792057	286.19912651289684
0.4708278076	222.5997346977	2.7350059058	286.3035574375808
0.4775466797	228.8373609574	3.3592484796	286.4737490730728
0.4777711182	224.540871933	3.399780103	286.4793515671682
0.4810509033	228.9169683285	3.087799034	286.56062605359807
0.4848282959	228.0219075842	3.0314713793	286.6528689443533
0.4877509766	227.7497316089	3.4932593479	286.7232596044726
0.4895311035	235.1242661595	4.0129393443	286.7657208077216
0.4930737549	227.5603927659	3.494161557	286.84931113281783
0.4960937012	229.220346852	2.5673884776	286.9196253900287
0.4970355713	230.4402145284	3.778285045	286.9413804156372
0.5012648193	231.127667122	3.3584428183	287.0380585428347
0.5028008789	229.3679641387	3.4110385224	287.0727693398566
0.5070715332	230.5233422595	2.9880756255	287.16816946224276
0.5077716064	232.0262446385	3.7634426015	287.1836549747199
0.5107243408	233.0185004224	3.7874655382	287.24850186990903
0.5153145508	228.9949090047	3.6512037069	287.34783482713345
0.5183069336	236.7204484926	3.6530674965	287.4116431747014
0.5202617432	232.5846847114	3.1536517226	287.452930364642
0.5207378174	239.1296225518	3.5278536605	287.46293850548534
0.5270548584	232.5558228077	3.8737972115	287.5940251746987
0.529080249	232.9193260682	3.9276093695	287.63539190474836
0.5327729492	231.9299782028	3.1915885329	287.7100024316641
0.534441333	238.2086560564	3.7578905845	287.74337376292874
0.5382772705	231.1589568207	3.7309698191	287.8193163197606
0.5413059082	233.816888687	3.123352776	287.8785158537031
0.5442592285	235.8882678255	3.83378306	287.93560870778487
0.5464418457	240.1811208243	3.8910501834	287.97740594678044
0.5475344727	237.3076062985	3.4865611936	287.9982046512281
0.5497983643	231.7270704048	3.138950842	288.0410358756261
0.5554132324	241.1450732683	4.5852275523	288.1457582945711
0.5562512939	234.9516804081	3.4725719313	288.1612075803153
0.5595193848	234.7746787005	3.1896507762	288.2210112354571
0.5597717773	234.9944471102	3.7310614501	288.2256007852093
0.5662289307	236.1802228134	3.5555693728	288.3416274537893
0.5666469482	240.7401897925	4.0020287984	288.34904755154
0.5715402588	238.2944324972	3.5889545696	288.4350999886149
0.5739937988	237.6328248856	3.3261689207	288.4776950145979
0.5778741455	238.6066907366	4.3943194116	288.54432195007564
0.5779996582	234.9368054354	3.5538499346	288.5464621118298
0.5847388428	241.6738373221	3.2949332497	288.6600253060816
0.5855561035	273.1989199058	18.5603741068	288.6736193895328
0.5876122314	244.3927695402	5.3100428999	288.70765319868536
0.5884862549	238.4766624007	3.5586479856	288.7220483333278
0.596493335	241.3249179924	3.1624536678	288.8519611582531
0.5976150391	240.3471853249	4.054131235	288.86988251835123
0.598017334	243.263895435	3.6086308604	288.8762935660605
0.6002259766	242.4337256418	3.6153418794	288.9113378069963
0.6064729736	239.3713211804	3.3768986824	289.0090761182385
0.6073553955	245.6925852845	4.931318883	289.02272011803814
0.6077675293	238.8208700395	3.3978979144	289.0290789539501
0.61124104	237.9424605444	3.2862918247	289.0823312593291
0.616739917	247.5568683962	3.8920247376	289.1654079549011
0.6172189941	241.6344494124	3.8116798623	289.1725757213162
0.617339502	249.2079608372	5.4345557385	289.1743769628027
0.6272338623	244.7832723375	3.2307521075	289.3199074320718
0.6282734375	241.2259891601	3.6108428946	289.33493184418904
0.6292115479	240.9473776425	3.5001443301	289.348447226642
0.6309784668	245.0309973272	3.6865203094	289.37379414497775
0.6316033447	252.7063294637	4.171028704	289.3827242379023
0.6404804199	240.8219360117	3.7032832413	289.5077039133962
0.6432668457	242.9514140254	3.0979146532	289.5462224899443
0.6434773437	243.4812098347	3.0280060753	289.54911878843336
0.6438213379	246.2269333306	5.3620357113	289.553847820577
0.6509701416	241.9045339364	3.4990776264	289.65099422006557
0.6524800049	244.9059630378	3.1805958655	289.67123974887784
0.6532647949	243.2743964774	3.6905503579	289.6817259159129
0.6563242188	255.8908260766	4.3504873197	289.7223657328442
0.6624641357	248.9387229728	3.4905864695	289.8027926577413
0.6634652588	245.8550075606	4.1590888916	289.8157652478681
0.6647343262	249.5837277593	3.8508890087	289.83215370871403
0.6658098389	250.5090013182	4.9717513636	289.8459937377427
0.6751634033	248.4284820015	3.5683661864	289.9644990478068
0.6767001221	245.6162245242	3.995428048	289.98365523306126
0.6770452637	252.9540408065	4.6817793598	289.98794568578984
0.6772505127	245.3922247221	3.1666278715	289.9904950611001
0.6854082031	245.3030843699	3.3696808594	290.0905845222395
0.6866976074	247.309609202	3.4602632291	290.10618701732915
0.6900201172	244.0094909652	4.8981142936	290.1461224833067
0.6912105469	246.4483615877	3.7175535224	290.1603376323378
0.6966901611	248.0086684534	2.804027029	290.2251443045632
0.6974375488	251.3633576739	2.9806386445	290.23390463960186
0.6995408447	255.689114289	5.3384613167	290.25845748025534
0.701217749	248.8084267341	4.0125368137	290.27792730639635
0.7079401123	251.045667612	3.6182345727	290.35505180103473
0.7086826416	246.2180322858	4.8359152457	290.3634809756809
0.7097806641	255.027003921	6.1058675234	290.37591337790974
0.7112033936	247.3123857784	4.5238135989	290.3919651921313
0.7186910156	244.8028660115	3.4226893929	290.47539623036977
0.7215297607	257.0364434569	5.3020909503	290.5065743346501
0.7229617432	249.2344304595	3.5154748838	290.52220897579696
0.7246827637	247.6560041787	3.2872653643	290.54091763084784
0.7289070313	251.711141137	4.1677059145	290.5864637232741
0.7334101074	250.601961672	3.4159752288	290.63443817591553
0.73566875	249.6418162954	3.8021082999	290.6582799236435
0.7360299561	253.9028773816	5.649406743	290.6620791664499
0.7381776855	253.816133816	3.748080096	290.6845926620426
0.7456480713	255.0289788357	3.8444554849	290.7618906148398
0.7459515137	249.5623302882	3.513251994	290.764997688424
0.7475012695	255.1979766279	5.9244718137	290.7808269446382
0.7479083252	250.3815186772	3.9096379966	290.7849737467488
0.7568977295	251.5100086771	4.2017791495	290.8754146967974
0.7589037354	251.3866198111	3.0261364297	290.8953043900604
0.7589875244	257.1982528218	5.9626991897	290.89613287659046
0.7603938721	247.9941191541	3.2742527796	290.9100112712716
0.7682144531	253.3188839934	3.9972265631	290.9862608957166
0.7689987549	260.9121642933	5.5818182912	290.9938221679387
0.7698921387	249.8592205496	3.5278912251	291.0024163059516
0.7754117676	252.1183572062	3.6484324605	291.05507467206627
0.7781972656	254.7217587564	3.4337951474	291.08136527435374
0.7807094238	256.4575485314	6.7039348714	291.1049150967055
0.7833523682	252.3830211143	3.1697564448	291.12952790771544
0.7866301025	255.7222995034	3.7352904622	291.1598225476972
0.7933724365	253.1144245657	3.3650776539	291.221351903088
0.793708667	262.248090785	6.4826810419	291.224392918689
0.7941109619	252.0840024853	3.3492681779	291.228028065755
0.7948883301	255.6774298093	3.5504944214	291.23504196028813
0.8041519287	252.6128172497	3.3814867907	291.31758021319393
0.8045857422	256.3726910076	3.5017991801	291.3213988855306
0.8049470703	255.1586977437	5.6585628375	291.3245763584176
0.8058826904	253.6813905513	3.8848147914	291.33279084007097
0.8133554443	253.9414363511	4.2152143495	291.39772126524
0.8142110352	260.0711893671	5.3658293642	291.40507941405616
0.8148758545	255.4254439627	3.9143440697	291.41078624434425
0.8163637939	257.6484908653	3.153449839	291.42352508283733
0.8266987305	255.7207862464	6.579323044	291.51074116688375
0.8276301758	259.5520717957	3.4424320379	291.5184945909954
0.8283429688	264.4824637721	3.4090882015	291.52441615859453
0.8291277832	253.5174266614	2.9127203957	291.5309242714771
0.8374580566	262.809088574	6.2342687085	291.59925160843795
0.8395843262	256.5901950941	2.5773627088	291.61647468432324
0.8408604492	260.5725285186	3.8197469945	291.6267696300359
0.8451172363	256.5119890065	4.2437958628	291.6608858430602
0.8489477051	262.3082530795	6.5584285072	291.6912928591376
0.8491204102	258.9226558141	3.459987799	291.6926573628331
0.8498530762	262.9050862409	3.2130546085	291.6984398233998
0.8520928711	259.7179946817	3.2875049379	291.71605541533194
0.8576956055	265.1336530693	6.1499476883	291.759717019766
0.8610793945	256.2989716059	4.24874185	291.7858113806913
0.8613773437	256.7081414683	3.6117400523	291.78809921914234
0.8628605469	260.8370903887	2.5930367819	291.79946466218115
0.8704312988	260.8420076182	6.2156466054	291.85687415046436
0.8733520508	259.2358213216	4.2299134601	291.8787563317609
0.8755187012	266.4352990793	3.9387639508	291.8948944852726
0.8768362305	258.4994592755	3.7456354018	291.90466902106056
0.8809332031	266.6933273195	5.6427344895	291.9348769788887
0.8843426758	260.0770750005	3.1459797702	291.9598024529677
0.8858606445	259.3728409269	3.3489765888	291.97083806941475
0.8881358398	264.9779991322	3.7222754184	291.98730807135803
0.8929574707	258.2957019594	7.4492264747	292.0219341701027
0.8949149902	261.73269241	3.7074629667	292.0358854262232
0.8951354492	257.3919044131	3.1392253018	292.03745281620434
0.8986385742	262.0128637495	3.3200987486	292.06225566658617
0.9044929687	269.1672471494	5.8448349294	292.10327716354846
0.9068646973	264.1913386795	3.2709132996	292.11974501997946
0.9074137695	260.7581315084	3.4821177514	292.1235451754701
0.9094027344	260.4317593564	3.4620181632	292.13727248007365
0.9139784668	265.7707223954	5.9579797898	292.16862613474524
0.9171372559	263.4789308808	3.2961539283	292.1900881304465
0.91764375	262.5968297284	3.5498887541	292.1935156955811
0.924145166	264.1194961388	3.4403699151	292.2371786804075
0.9269694824	271.4983026601	5.514131191	292.2559557358054
0.928384082	259.3968020791	3.2465020498	292.26531755353477
0.9323560547	265.7231940699	3.1986047571	292.2914521949925
0.9333810547	261.5197036513	4.636581034	292.2981603464689
0.9374687988	267.1778069989	6.0478226826	292.32476684161287
0.943375293	266.9334340591	4.0256947102	292.3628040148141
0.9436179688	263.9712421584	4.5359071823	292.3643566361227
0.9446056641	262.0253312036	5.2775670092	292.37066760461414
0.9477157715	268.0850720827	6.9306126414	292.39045399190854
0.9551126465	263.8232387582	2.897408579	292.43699495311506
0.9553825195	267.9977330743	2.9150115269	292.43867936122194
0.9555859375	263.5626829512	2.957496335	292.4399483626525
0.9599733887	266.1860115222	6.2315843848	292.46718811327077
0.9633707031	262.6244870639	4.0909589425	292.48811009812084
0.9663172852	261.7040744029	3.6593886311	292.5061371677271
0.9668618164	266.5071471386	3.7053898541	292.509456558509
0.9709629883	265.7554657694	7.5826504959	292.5343371477066
0.9783868164	264.6440973801	4.921686531	292.5788447718671
0.978637207	266.1608577666	4.657618916	292.5803341517311
0.9793359375	263.5356729518	4.0830547708	292.5844863306437
0.9847015137	269.8089916069	6.9897027902	292.6161746964083
0.9893318848	263.3715553403	3.7859785072	292.6432447402881
0.9901286133	262.3019554818	4.8536625661	292.64787703847776
0.993104541	263.7710137866	4.6839049989	292.6651137958867
0.9949500488	274.1474480336	6.0733088705	292.6757512919445
1.0013176758	267.1109305227	3.256629248	292.7121532066506
1.0025797363	265.5689433271	4.8243467172	292.71931314267164
1.0053320313	266.1150396183	4.5781767965	292.7348651449428
1.005657959	262.0011517053	5.0097650264	292.73670118109897
1.0130791016	265.9324846481	3.7042179915	292.7781867354403
1.0133019043	267.9702300939	3.3328647704	292.77942284796404
1.0155879883	268.024942306	4.0085551611	292.79207474188763
1.0161521973	275.9427191724	5.2761758629	292.79518848991705
1.0268450195	267.3429017343	3.9419537963	292.8535529478476
1.0270763184	268.909618801	4.4843033783	292.85480201481477
1.029045166	260.5844961988	5.1333407172	292.8654115100103
1.031665918	263.2352206762	5.4808487115	292.8794710845308
1.0378186035	269.8631562103	2.8408000143	292.912199422697
1.0393289062	266.0692400299	4.1412369696	292.9201740301379
1.0405503418	269.8838323019	4.0868472761	292.92660644791965
1.0418868164	275.5926389563	6.4823651518	292.9336274134823
1.0485694824	269.8245139459	4.6752915798	292.968465297705
1.0503258301	265.9116055544	4.3484060419	292.9775478730435
1.0505391602	265.3060335114	4.4406927124	292.97864899549404
1.0523875977	269.6242673386	6.7257826873	292.9881711796392
1.0603185059	264.695893509	3.7159504961	293.02865025958505
1.0610589355	271.0986831293	3.6442380758	293.03239850221956
1.0622847168	265.2876302858	4.6415978372	293.0385922329941
1.0646684082	276.6291657022	6.0285714535	293.05059591553766
1.0718137695	266.8317808323	4.4349001561	293.08625829085963
1.0728004883	268.7676890734	3.8542750193	293.0911456570567
1.0753847656	280.5491590588	6.0663186391	293.1039034645005
1.0762860352	276.2651025326	4.7947089173	293.1083383550872
1.0833213867	265.5179012036	4.2296070301	293.1427036876174
1.0857989258	272.6232863863	4.2299717541	293.1546996077318
1.0876253418	271.4340211749	5.2036905649	293.1635078803906
1.0885258301	266.2784472469	4.1497239965	293.16783979402686
1.0957728516	268.4860076813	3.8434558748	293.20244329551787
1.096792627	272.7335980402	3.9969218519	293.2072758776641
1.0995045898	276.429186804	4.343720056	293.2200838957306
1.1001223145	272.5948342537	5.5412775217	293.2229924469702
1.1055461426	268.2496610224	4.1006992914	293.2483909337073
1.1100530273	272.4433222582	3.6874830481	293.26930678863516
1.1107449219	270.0370361466	4.488024012	293.27250275096384
1.1118774414	274.3860834649	7.6704871523	293.2777254404479
1.1170185059	272.4395194211	3.569656783	293.3013006486994
1.1220251465	272.4680819774	3.7974345026	293.32405179225356
1.1231192383	275.460168169	7.1489405603	293.3289965506745
1.1247455078	275.3526106328	3.6253968359	293.33632871442785
1.1312779785	269.2603011564	4.4099310202	293.36556846357536
1.1327819824	275.0965474861	4.1961842	293.3722527194893
1.1357498047	272.092454424	4.379759293	293.3853907014957
1.1371018555	287.5858809594	5.2298596715	293.391353233771
1.141772998	272.7121661576	4.3646401759	293.4118442620386
1.1452663574	271.7990151657	4.8793349073	293.42705943065266
1.1462205566	269.4623406583	3.4980513803	293.4311992760651
1.1470979492	271.1802223786	6.2278217322	293.43499981375163
1.153018457	272.9946661153	3.605812101	293.4604940477348
1.1557739258	273.8248361982	4.5054538521	293.47227027337465
1.1573501953	277.7056587281	5.7927970231	293.4789816647097
1.1589685547	276.3309389904	4.0045729376	293.48585327157787
1.1647452148	272.061304864	3.2519023047	293.51022543037357
1.165237793	275.9809359533	4.3686906495	293.51229247314404
1.169322168	278.5381381532	6.158804524	293.52936495408755
1.1712071777	269.1200078693	5.2309735279	293.53720404052893
1.1780022949	269.2771987202	3.9926501591	293.5652542986713
1.1782499023	276.1752032704	4.4965762095	293.5662703130248
1.1830624023	272.6568150058	6.0025300674	293.5859331170099
1.1842228516	281.0642662799	4.4509410797	293.5906505403707
1.1889822754	272.3921652312	4.6231851556	293.60990207401784
1.1914740723	275.8555936037	4.5556802155	293.61991987586526
1.1942003906	271.2104810657	5.3330547762	293.6308326339086
1.1958180664	277.1195135977	6.9604946135	293.6372842563176
1.2002276855	270.9438903429	4.1524107905	293.654782404848
1.2032345703	271.0324844231	4.3023752081	293.666640709963
1.2037179199	273.245905701	3.8386615979	293.6685413772886
1.2080662109	275.3835838294	7.3433029145	293.6855717012562
1.2117483398	271.360265157	4.501419545	293.69989739258637
1.2137129395	276.2042745654	5.6026960446	293.70750530370935
1.214696582	280.6291375078	3.471792787	293.7113052133186
1.2180537598	282.0677727584	7.0367458349	293.7242281093092
1.2232145996	278.135257821	4.8391285971	293.7439555632466
1.2234759277	274.0196434505	6.033737106	293.7449500701418
1.2251770508	274.4158521414	4.5504220089	293.75141347309415
1.2325363281	284.845322597	6.445019424	293.7791694398146
1.2359459473	280.862661176	3.9679722658	293.7919169815922
1.2373865234	277.3104606118	4.5960991366	293.7972817517247
1.2382368164	275.5430799615	5.6501693167	293.8004424226526
1.2432574707	269.339255801	6.5241942278	293.81901684434166
1.2449597168	276.4608568453	5.8245637829	293.8252804692651
1.2494304687	272.3851464456	5.7939744122	293.8416498764041
1.249703418	281.5254231946	4.5330265745	293.84264547140486
1.2537093262	274.5743301457	5.5113495729	293.85720733474506
1.2540249512	278.036860129	5.8300923114	293.8583507082749
1.2599308594	275.6736723745	4.9973625157	293.8796396255146
1.2614177734	277.7372765409	6.7214550194	293.8849680640919
1.2650150879	276.0450331314	6.4581699373	293.8978074286231
1.265457373	275.0636235285	5.1586423199	293.8993809724928
1.270181543	276.1145674526	5.2118477887	293.9161200673949
1.2750067871	272.5119685471	7.1761832993	293.9330892438799
1.2761440918	279.9807902996	5.8599795909	293.9370701725462
1.2796910645	278.1738467237	5.8568559029	293.9494402599049
1.2824216309	278.8530433832	5.4650959348	293.9589165106127
1.2858896484	277.5945930629	6.9921070919	293.970894019942
1.2875135254	273.5762379676	7.2183643875	293.97648023180676
1.2901699707	279.8500584344	7.0699794045	293.9855882087125
1.2931965332	276.5027370212	5.1219506372	293.99591957973314
1.2961220215	279.4873976469	5.3339843556	294.0058600679958
1.2987557129	275.5646755455	8.8276849695	294.01477075723045
1.300927002	276.0066179892	4.9855371021	294.0220898461887
1.3024922852	276.5162379501	7.4372794176	294.02735104373494
1.3039813965	279.8113798572	6.7118819934	294.03234448995215
1.3049251953	277.3389912594	6.8935987387	294.03550343580133
1.3071381836	273.021268851	6.5036054902	294.04289253968733
1.3131373047	278.0183601772	5.0834050818	294.0627981620518
1.3164913574	266.7159337335	6.9021790996	294.07384814232955
1.3181478516	277.7440332867	6.3757949448	294.07928474449204
1.319176123	278.3940011275	6.8668066372	294.08265265560516
1.3246785645	276.3637282478	6.2249138587	294.10058602588407
1.3306688477	278.9954952915	6.6016831469	294.11994073411483
1.331244873	266.3505554702	6.7112479646	294.12179270175255
1.3313563477	281.1936786191	6.1674272882	294.1221509167984
1.3382115723	282.7920524731	6.0268431387	294.1440649525736
1.3422482422	279.2615865092	6.9690177399	294.15686422797006
1.3426248047	275.9342851536	5.9194737893	294.15805428926535
1.3426655762	280.7282364355	7.6487256884	294.1581831005588
1.3496457031	279.3162613465	5.7695099022	294.180121021138
1.3525021484	281.589035961	5.2724084033	294.1890332831185
1.3526598633	274.7537352381	5.7576139018	294.1895242655249
1.3541287598	275.3380132863	5.9893853729	294.1940915956439
1.3611614746	280.1778302704	5.6219902243	294.21582226818697
1.3617547852	272.9177405071	6.3739096641	294.2176452961121
1.3633995117	277.2328811526	7.2076757982	294.2226906474965
1.3641905762	280.5649672899	4.3083851862	294.225112978505
1.3703883301	278.7560963816	5.4684479797	294.2439944311205
1.3747480469	280.1037630716	5.7168294633	294.25717430603675
1.3784272461	279.6237034573	5.3456388737	294.26823203942246
1.3791424316	280.2216940707	6.2259956993	294.2703746611467
1.3811727539	283.5429305869	6.0231532731	294.2764452054667
1.388746582	285.9457018216	5.4788705345	294.2989338982055
1.3893618652	279.1181474372	6.3954884987	294.30075006801536
1.3894134277	281.871417355	5.4631204918	294.30090219521554
1.3938863281	278.8663373288	6.4299696863	294.3140559623779
1.3987309082	282.5244138624	6.0601529681	294.3282078503918
1.3991725098	280.8125477821	6.208933323	294.32949297421715
1.3998660645	284.0855995602	6.2007674996	294.3315096809227
1.4058956055	282.8452230117	4.6855897688	294.3489584367841
1.408159375	275.6063992015	6.221410194	294.3554709271292
1.4106227539	281.2391184014	6.6816395277	294.36253391229013
1.4107308594	275.5830680794	4.9501889933	294.36284330673436
1.418120166	284.4444138265	6.2576096835	294.38387945678284
1.4204183105	280.9946369256	5.3914859781	294.3903772787762
1.4217037109	278.2217495889	6.3612404294	294.3940024860611
1.4236325195	277.8249415219	5.5869709665	294.3994300120207
1.4306274902	285.8396090826	5.9292945901	294.4189905685183
1.4324001465	279.1851601068	6.8856480805	294.42391723755446
1.4343237305	286.4336892844	7.7632439399	294.429249596646
1.4362035645	280.3433635319	5.6291239018	294.43444687633405
1.4438509766	280.6189739086	4.5426922577	294.455450580617
1.4452112305	277.089158873	5.2013929505	294.45916324809303
1.4455037598	278.1650002588	7.7237451439	294.4599607625987
1.4468836426	286.2168870137	6.2120291734	294.4637183504343
1.4531037109	287.315289534	7.4679570228	294.4805677607859
1.4565541016	278.6706131307	6.03512467	294.489852395344
1.4567035645	281.1829061927	5.933010207	294.49025359021624
1.4571168945	286.0204648272	6.5003153237	294.4913626402105
1.4620987305	280.1066416048	6.8760491572	294.50468061245397
1.4661884277	281.3420709387	6.195844637	294.51554598043214
1.4680416504	285.5406565207	6.6276108441	294.52044962765785
1.4713674805	289.9499422463	6.3646730511	294.52921883424546
1.4725946777	285.7601574652	5.3838408023	294.5324445771334
1.4809147949	285.3057629496	5.6850133021	294.55417338591195
1.4827974121	282.8969078808	5.1389988854	294.5590561967888
1.4845942383	282.2920972294	6.5253105661	294.56370494745767
1.4880635254	286.2729967137	5.3034575365	294.5726489264683
1.4926729492	283.8541049129	6.6680202994	294.584467914103
1.4943471191	281.8517809391	5.7940621201	294.588742589571
1.4965912598	280.8517251755	6.9028977771	294.59445757542096
1.4988265137	285.0903351467	4.9136087301	294.6001329177427
1.5034249023	281.6033653658	4.6195928079	294.61175522454755
1.5053164062	282.7219808488	5.1824651387	294.6165153399209
1.5068537109	283.2097199388	8.7055190997	294.62037528246753
1.509080957	286.3390481402	7.5004333202	294.62595361434734
1.514670166	287.7591055808	6.5041342156	294.6398800350946
1.5165563477	280.8726322382	6.5908568732	294.64455659688434
1.5175931152	286.7828691256	6.6686283753	294.6471221868501
1.5223213379	289.2419244197	6.153155367	294.658778360632
1.528157373	282.7758153038	5.4755335914	294.67306609119566
1.5290270996	281.487776398	7.6543710547	294.6751860101675
1.5315467773	285.2497894027	7.075683398	294.6813140180651
1.5316203125	286.9911654115	5.9454740795	294.6814925572991
1.538889209	284.5088289188	5.5646600662	294.69905681441224
1.540277002	283.2856111921	6.5181636786	294.70239137244283
1.5413411133	283.0157895451	6.2633306073	294.70494412802014
1.5418071289	286.4886850715	6.3033646779	294.70606096919107
1.5491460937	283.4262690526	6.135879434	294.72356073156385
1.5512955566	282.2305527452	5.4755976383	294.7286547768462
1.5525955078	284.4069529114	6.2054079224	294.73172870666536
1.553023291	281.5336585887	6.0055833933	294.73273913892444
1.5611199219	281.4347887754	7.2919481697	294.75175911118254
1.5628040527	285.6127107206	4.7763475148	294.7556905796453
1.563284082	291.1000225242	5.3644877074	294.75680961828976
1.5635133301	286.0776448775	6.6761311697	294.7573437963213
1.5713780762	280.1977910171	5.8754212797	294.7755752879053
1.5753084473	290.2803097844	6.5067218395	294.78461817354906
1.5757655273	284.4973977753	5.9220611345	294.7856668820635
1.5787522461	279.6109369253	8.0947493253	294.7925045582723
1.5858605957	280.2850003439	7.3763589786	294.8086745412139
1.5873213867	285.8357531838	6.3336106971	294.81197959081015
1.5894938477	284.7438348165	6.2851281111	294.81688356349144
1.591268457	288.2168692577	6.4089148102	294.8208795151005
1.5966245605	289.5421931643	6.7702770334	294.8328861823098
1.5982969727	287.9082801528	4.9867161053	294.83661870809783
1.5997492676	281.0158418011	5.1698302955	294.83985364033487
1.6025127441	287.0542348351	6.4289307179	294.8459929867068
1.6068544434	281.6143728559	8.4789862809	294.8555958663112
1.6092431152	290.5147638638	8.2138734075	294.86085698448665
1.6103046875	284.6150372621	4.3371584804	294.8631901182222
1.613295166	283.7185588902	6.3371600504	294.86974611252066
1.6193476074	285.0434880103	6.0732391882	294.882940719215
1.6217785156	289.4521174367	7.3462102384	294.88821249224895
1.6244817871	281.2189016223	7.9198790289	294.89405639592286
1.6247211426	289.9512125556	6.8341774629	294.8945728949468
1.634524707	287.6324034199	6.9273849874	294.9155977716138
1.6352214355	280.2669149022	6.8276889706	294.9170823915468
1.6353339355	284.0711830396	7.4611424069	294.9173219929043
1.6357737793	289.9822500921	5.4382944244	294.91825845144655
1.6452253906	288.8825251634	7.7655981629	294.9382606152546
1.6457691406	281.4815760562	8.7570429473	294.9394043484454
1.6460887695	283.0392093305	6.9464687932	294.9400763087928
1.6490011719	289.5190140832	7.4247165665	294.9461870928443
1.6547739258	284.8306780081	5.4951635924	294.95823587583436
1.6565857422	286.3610239285	5.6439319106	294.9620001510701
1.6576949219	290.2690171819	6.022501701	294.96430055000997
1.6594974609	284.9086700042	5.212767196	294.96803239196623
1.6660838867	286.9936065239	6.158507738	294.98159977604496
1.6674921875	288.0811969672	5.7882499485	294.9844868275144
1.6696915039	285.6276589881	6.7869970425	294.98898573891034
1.6699759766	289.6370563133	5.9985787914	294.98956678944654
1.6801905273	291.7680142756	6.7818838642	295.0103001779356
1.6802856445	284.0097642489	5.9837327881	295.0104920612365
1.6806751953	290.0612413826	5.7286348575	295.0112776892584
1.6817307617	287.8569856259	6.2426700318	295.01340467741346
1.6909223633	288.2552195051	7.2537192176	295.0318137041442
1.6920479492	285.7945747259	7.3277126564	295.03405429254184
1.6927436523	285.382064849	6.1772009834	295.03543766731326
1.6939722656	284.9114416403	6.5212050429	295.0378779351468
1.7018089844	284.7196787667	6.8023474417	295.0533602868297
1.7029302734	289.1413409519	5.4674045586	295.0555638710609
1.7039569336	294.3849123962	6.1866447633	295.05757894514954
1.7052140625	288.0614738312	5.5067595154	295.060043066339
1.712802832	289.4985076924	6.0976479675	295.07484112881065
1.71290625	288.9186372405	6.5055117645	295.0750418877723
1.7144764648	297.3901887118	7.5466059325	295.0780870730194
1.7154591797	294.7404116756	5.6831988535	295.07999005816094
1.7255259766	281.6202420152	7.479519828	295.0993591469163
1.7273588867	291.5309703805	5.7283212638	295.1028614752412
1.7282109375	287.2752615248	6.1196806818	295.10448704620404
1.7284520508	291.6857188693	5.8838087626	295.10494675927686
1.7368636719	293.3595405892	5.104055654	295.1209046837897
1.7372807617	288.2899555796	5.8684115565	295.12169193547624
1.7384532227	286.9741389673	7.332655352	295.12390291722795
1.7464475586	290.0782273218	5.7223860723	295.1388991994763
1.7479058594	292.188103811	7.9093304851	295.1416199786766
1.7485389648	292.9392166742	7.7518771017	295.14279976250083
1.750427832	288.7160919318	7.2153872666	295.14631457104076
1.7507015625	285.1214144382	6.4143228141	295.14682330020304
1.7570181641	281.6183465276	6.2281532345	295.15851869502984
1.7591543945	291.819481054	6.5951940402	295.1624549901762
1.7604185547	292.1517572514	7.1417465238	295.1647798779344
1.7624401367	290.9493870227	5.5740941309	295.16849079135983
1.7672603516	288.0455828271	7.4383998974	295.177304755201
1.7694078125	286.0202298999	6.0341815711	295.18121601408774
1.7741425781	288.9615874701	6.4771249804	295.1898061848431
1.7781728516	295.5449506683	4.9191806349	295.19708216988107
1.780902832	294.975544066	5.7539883671	295.2019919845784
1.782277832	281.3697363421	5.6295062911	295.20445919869184
1.7863572266	295.6413563029	5.5393741468	295.2117566595215
1.789678418	296.3368639358	8.4278495136	295.2176732343972
1.7947702148	289.402960404	5.547798947	295.22670155518614
1.7951283203	290.7133568564	5.6944209515	295.2273345882754
1.7983904297	298.6403537244	6.7331927363	295.23308950194246
1.8002026367	289.5077226163	6.6103237373	295.23627753047657
1.8064192383	290.6299188417	6.5116217149	295.2471651482283
1.8067491211	290.5788339842	7.0941880225	295.2477408042376
1.8088344727	292.0316015466	5.7480238426	295.25137495034477
1.8102116211	289.7824568454	5.5918975147	295.2537703188745
1.8166692383	294.3377731391	6.0283988763	295.26495405363244
1.8167527344	283.0802196835	4.8061775957	295.26509813714193
1.8188900391	293.5364620897	7.0731052627	295.2687818345296
1.8234396484	294.7440624298	5.6534628109	295.2765944425852
1.8277248047	288.501713701	7.9212350014	295.2839173617508
1.8303474609	288.9135470788	8.8667082756	295.28838231369326
1.8303805664	289.6459185092	7.1529655649	295.2884385925137
1.8359205078	295.7505146414	6.6929187812	295.29782781595054
1.839746582	291.0529784128	5.5245080347	295.3042793245841
1.8411146484	293.4688369994	7.5868865036	295.3065796438193
1.8423834961	290.0590809792	5.7369088565	295.3087100793732
1.8466899414	293.011066295	7.6814585787	295.3159189078025
1.851249707	285.2669428658	6.5372761025	295.32351522871943
1.8523424805	290.749644275	7.4971015286	295.3253301744256
1.8531277344	290.5428557243	5.4926856983	295.32663305086896
1.8559231445	292.1705735283	5.7640727199	295.33126218706786
1.8627508789	286.7876781839	9.6844567856	295.3425103507205
1.8648446289	296.2351738357	6.7455571507	295.34594314016255
1.8661143555	292.1718255283	5.6906366345	295.34802115709726
1.8711670898	297.3109948114	5.9276378871	295.3562624511359
1.8765019531	281.1871677097	5.933586451	295.3649157454836
1.8771175781	289.6344470398	7.0099273403	295.36591114063947
1.8798580078	292.842576093	8.0772559415	295.37033419131035
1.8839039063	294.64163605	6.3920772539	295.3768407441711
1.888227832	291.1491395415	8.863354771	295.3837635930879
1.8905446289	291.6962314717	7.9982115048	295.3874598862356
1.8925889648	298.7127564184	5.8564715278	295.39071397046587
1.895377832	290.8697148282	7.2061786374	295.3951418470409
1.8982081055	289.1222147914	7.9245955389	295.3996221621218
1.9008057617	292.6085238967	6.1622256918	295.40372250222487
1.9035720703	297.3631517795	7.0092799341	295.40807675197425
1.9058907227	297.155940518	6.1372441205	295.4117166406295
1.9091821289	289.9413889262	8.1561157785	295.4168684039042
1.9097914063	289.9825077131	7.489627861	295.4178201071408
1.9143300781	295.9886808174	7.343362468	295.4248905366018
1.9158786133	303.3214356806	7.2646035301	295.4272952096829
1.9199452148	294.3148482104	8.9457241719	295.43359164234465
1.9242729492	295.6157814135	5.5377258185	295.44026316339847
1.925559375	292.3819955539	7.0769988498	295.4422405014527
1.9296050781	296.541830116	7.1429788155	295.4484418827136
1.9374351563	288.6661167316	8.4292217647	295.46037050432193
1.9383352539	294.747815302	6.9369966127	295.4617355692397
1.9398180664	295.7524095834	7.8357412679	295.4639816021547
1.9406101562	294.2500711761	8.1256198046	295.46517998309594
1.9485510742	295.5137196867	6.4368647592	295.4771402367468
1.9489300781	293.7230332991	9.8146286038	295.47770863848774
1.9508503906	289.6663652576	6.565835391	295.4805851853809
1.9513030273	297.4333358019	6.2930850605	295.48126239146785
1.9595253906	296.6915762438	7.4906416724	295.4935097045723
1.9596091797	295.9649151108	7.6338941486	295.4936339804782
1.9603974609	284.3815244082	7.373824626	295.49480263823216
1.9630595703	298.0005061727	6.5090874549	295.4987423827629
1.9711658203	299.1286676362	8.5610340699	295.5106735553297
1.9730317383	295.7387129802	9.2679398375	295.5134060233971
1.9735875	292.1574856304	6.6366169202	295.5142188874711
1.975328125	297.1224024685	7.9937963313	295.51676178790643
1.9839092773	290.0929674432	8.0718731483	295.5292328754195
1.9860337891	294.6639535392	4.7657485467	295.53230380939084
1.9863575195	289.2263681677	7.8534763073	295.5327711776394
1.9865402344	296.5521264724	7.0091817401	295.53303489514104
1.9942612305	293.2810793429	8.7819263827	295.54413465782756
1.9961283203	298.3875295298	9.3266572512	295.5468059074643
1.9980541992	293.9951694172	7.6140893005	295.5495560362159
1.9985822266	294.365890868	7.2655918732	295.550309126329
2.0051510742	293.7349012288	7.4275987262	295.55964467480567
2.0074647461	288.7045224592	7.4462961203	295.5629182816347
2.008971582	296.1610555363	6.9349574959	295.56504624433103
2.0093256836	298.8183943604	7.8793386411	295.5655458455998
2.018359082	292.2144678634	6.2030443193	295.57823177143507
2.0190132812	293.5418808964	8.6062255267	295.57914607870333
2.0197666016	295.3292243938	6.1369918193	295.580198183834
2.0200515625	299.6909722664	5.8925059313	295.5805959624246
2.0300665039	300.1950684081	6.8402798438	295.59450494824597
2.0331057617	297.8822154084	8.3765317704	295.59869883863746
2.0334666992	302.5060874857	6.6618825825	295.59919606568246
2.0340310547	295.6477854982	6.6991711386	295.59997316743863
2.0415329102	288.0719794682	7.6417244808	295.61026219907217
2.0444729492	294.2314072137	8.3579088858	295.614273960606
2.045618457	287.5552721968	5.8558757412	295.6158339147098
2.0512039063	295.6262675625	8.7662356668	295.62341522754974
2.0517867187	295.7701272478	7.7681083946	295.62420391967856
2.054984082	295.37751603	6.871086511	295.62852279912545
2.0553683594	293.8794914922	6.6532593374	295.6290409622314
2.0554725586	291.8736080707	8.521449538	295.62918143198067
2.0633016602	293.38390707	8.1360203801	295.63969517338
2.0635732422	294.3757414953	9.4322658378	295.64005845057807
2.0649657227	297.9449856811	7.4766451195	295.64191957822123
2.0677166016	296.4810838282	6.0703306978	295.6455889133859
2.0744916992	301.0328474469	7.4291707226	295.65458456468184
2.0757875977	298.2809138223	6.6316091691	295.6562985067771
2.0758551758	290.569154771	8.0582889078	295.65638782617475
2.0812185547	291.1903869588	9.0866604735	295.66345821847426
2.0867703125	292.2925351897	8.0370998023	295.67073866380633
2.0878695312	301.3631870891	9.2502715852	295.672175561588
2.089712793	298.4009492763	10.2091557566	295.67458167911826
2.0937100586	297.4431398096	6.4664214871	295.6797849883611
2.0970080078	296.5466329898	7.2053199999	295.6840630506709
2.097580957	293.1348106594	7.7990540962	295.68480490232486
2.1004449219	301.4842063819	7.2792575858	295.6885070815038
2.10444375	293.0666648127	9.2379737982	295.6936594140741
2.1080149414	299.7661398619	6.6859977243	295.69824422988165
2.1095777344	302.1539717529	8.4513161203	295.7002457133712
2.1127584961	293.5751601852	7.8692469681	295.7043101982852
2.1176708984	303.0845107978	7.5644896238	295.7105634422581
2.1194998047	296.217255559	5.4618963684	295.71288414427136
2.1205507812	287.7715886788	8.8100920649	295.7142159188472
2.1231918945	301.405362982	4.9237126882	295.7175568604154
2.1286201172	302.0401990493	8.0170853636	295.7243973946301
2.1345030273	296.9876945726	7.8202841578	295.7317716308759
2.1346637695	299.2023828131	8.9798741951	295.7319725509947
2.1347878906	298.0585142529	9.3854560083	295.7321276757747
2.1401112305	295.9942347846	9.1366802874	295.7387637753331
2.1434759766	296.7676494402	7.0186690366	295.74294128154537
2.1464164063	303.759914187	6.9910736186	295.74658125296355
2.1485535156	297.2951076345	8.1917166901	295.74922053834314
2.1496545898	297.9689168948	6.219041001	295.7505782936258
2.1552245117	300.1975912096	8.0724173679	295.7574254095084
2.1564210938	302.5178261364	5.5483110295	295.7588917545845
2.1590211914	295.1084535385	7.4886601219	295.76207242702884
2.1603782227	289.7204057398	6.2121005729	295.76372942868073
2.1639688477	306.7181158203	8.453888288	295.7681037333433
2.1688515625	300.458590862	7.4669055833	295.7740288962615
2.1697994141	302.4330517799	6.5719638486	295.77517602115057
2.1758227539	303.0532931308	6.4499923608	295.7824423330372
2.1762086914	298.7110490217	5.7391812558	295.7829065411189
2.1791737305	299.4276374511	8.0229375746	295.7864674249188
2.1832785156	292.2133334418	7.4825631093	295.79138113129926
2.1877179687	302.4375823693	8.4696776903	295.79667470263206
2.1883673828	296.2976513987	6.9796943857	295.79744725854215
2.1944052734	300.0640331437	7.0017455962	295.80460816401575
2.1945417969	300.5852490166	11.3852897619	295.80476962458937
2.1978370117	300.6827765951	7.027240428	295.8086606508561
2.1989568359	295.4895103097	6.9600826311	295.80998029682013
2.2042710938	285.9720272541	8.2104534915	295.8162245526685
2.2056524414	301.4639588341	5.9328576162	295.8178427097027
2.2085954102	300.7003149175	7.5805179507	295.82128345231536
2.209190918	302.9733000515	7.9913362448	295.8219785691591
2.2144988281	290.1706805382	8.0803350438	295.828157802951
2.2178841797	303.5342269863	8.3717448767	295.8320834317897
2.218850293	298.6996402908	8.8026959808	295.83320153261775
2.2201829102	305.1918040724	6.2635540843	295.83474219837586
2.2264579102	298.7872491013	8.9918166187	295.8419720645375
2.2277664063	293.834857593	7.6547008803	295.8434745423412
2.2293765625	295.0693147774	8.194589574	295.8453209802132
2.231218457	297.9894173883	7.0333637319	295.84742989483834
2.2396419922	293.3294748159	7.2230294132	295.85703038643754
2.2396677734	301.404866671	7.4015597081	295.85705965899706
2.2417246094	300.0976484909	9.2252220331	295.85939286764244
2.2417874023	298.2159134298	6.0979544581	295.85946403054106
2.2506246094	299.6767413117	8.5493760675	295.8694395912869
2.2519316406	297.713203466	8.8251717271	295.87090833987054
2.2519636719	295.7119114736	8.9706441966	295.8709443129614
2.2545444336	305.6189471278	7.3071529496	295.87383930582865
2.2616989258	302.0406208213	6.8810040817	295.881830376955
2.2633618164	298.6748885391	8.5521361929	295.88368047470124
2.2636932617	307.2876190476	5.6604576776	295.88404890901785
2.2660276367	288.8994169558	5.6982923922	295.8866407456013
2.2741466797	295.6616994658	8.3356223805	295.89561381318885
2.2746991211	303.898164907	7.1975339466	295.89622203719455
2.2783541016	294.8916031548	9.1634790124	295.90023864709025
2.2797708008	300.3812751486	9.8393976025	295.90179205320794
2.2878722656	306.2826236187	7.4730505736	295.91063832668584
2.2881928711	300.3836041689	8.3444104425	295.91098711854426
2.2893845703	300.5602737456	7.2503350822	295.91228273077917
2.2900271484	291.9586824174	7.1439145956	295.91298078042337
2.2983765625	303.4503651859	7.7429383993	295.92201548503954
2.2993708008	300.2790989146	10.3120630474	295.9230869551611
