#Initialized App on 2018-12-21 00:07:15.168415
#Set wavelength to 1.54055 A
#Load data from ../rawdata/ES-S12.txt
#Reading mode set to 0.
#Select data from 0.02
#Select data above noise threshold of 0.1.
#Applying footprint correction for a equidistributed beam using a sample size of 27 and a beam size of 0.2.
#Rescaling data by setting mean value between 0.02 .. 0.025 (Imean = 105971.64542508974) to 1.
#[[Data]]
#q / A-1	I / a.u.	sI / a.u.
0.020287374670994885	0.932723169209876	0.005119985927207774
0.020643292771584935	0.936859979894746	0.005086899617105455
0.02099921083287307	0.9490837280205253	0.00507640293533123
0.021355128854181664	0.9615675161750454	0.0050669206531032095
0.021711046834833114	0.9771348650743323	0.00506573167947461
0.022066964774149787	0.9774720750157667	0.0050255799734101984
0.02242288267145408	1.0058969728329406	0.0050575052016100285
0.022778800526068368	0.9933838521013767	0.004986529952379426
0.023134718337315032	1.0182493938531545	0.005009568064341468
0.02349063610451646	1.0319970489375507	0.005004920102052377
0.02384655382699503	1.0458364455742546	0.005000626094525737
0.024202471504073127	1.0423772326644938	0.004955504896069544
0.024558389135073126	1.0619569296171694	0.004965452400516983
0.02491430671931743	1.065460791028767	0.004937983592280842
0.025270224256128404	1.0806890938310765	0.004938000687710445
0.025626141744828444	1.0879961868171664	0.004920139136929443
0.02598205918473992	1.091942997495714	0.004895178240106294
0.026337976575185225	1.094246095097537	0.004867115012348682
0.026693893915486735	1.1077871524486755	0.004864380140226397
0.02704981120496684	1.1108751127428413	0.00483900208511021
0.027405728442947926	1.120478077181413	0.004828211838498313
0.027761645628752368	1.1209211736999363	0.0047981104731082
0.028117562761702557	1.1402727697348558	0.004808624333452783
0.028473479841120874	1.1364323581266933	0.00477042235806481
0.02882939686632971	1.1428722718164963	0.004754297776239177
0.029185313836651426	1.132373283440107	0.004703465177612278
0.029541230751408437	1.1348274068293331	0.004680108538763199
0.02989714760992311	1.1311584197926492	0.00464464096418641
0.03025306441151784	1.1302708785082844	0.00461542706880538
0.030608981155515	1.1239274042937615	0.004575620562893735
0.030964897841236978	1.1106773129584235	0.004522352745118476
0.03132081446800616	1.088771771113314	0.00445202108408076
0.031676731035144935	1.0845843993409052	0.004418418085332483
0.032032647541975684	1.0496250394841453	0.004322410240377801
0.032388563987820786	1.0285668280821918	0.004255256268684891
0.03274448037200264	0.997274848114275	0.004167193733049595
0.033100396693843626	0.9703937938159984	0.004088487888882003
0.03345631295266612	0.9229349701287461	0.003965991889101372
0.03381222914779252	0.876374097307012	0.003844263731997612
0.034168145278545205	0.8314841104917154	0.003724959750790028
0.03452406134424657	0.7863305788015438	0.003603686081254147
0.034879977344218986	0.7325356288853033	0.0034604421156129825
0.03523589327778486	0.6733709244929476	0.003300956846430904
0.03559180914426656	0.6069470061985651	0.0031182121871353285
0.03594772494298647	0.5295617475412235	0.0028981970368840396
0.03630364067326699	0.45180914053440446	0.0026638374866072368
0.03665955633443051	0.37957904326843106	0.0024297568816523175
0.037015471925799404	0.31953602810236303	0.002218572271094786
0.037371387446696054	0.27450536714416685	0.0020464970314030937
0.03772730289644286	0.24314028322904313	0.001916928390302879
0.03808321827436221	0.2316452687413015	0.001862302412952829
0.03843913357977649	0.2251246048644463	0.0018273847508661208
0.03879504881200808	0.22939374588668976	0.00183614910404533
0.03915096397037938	0.2411437654402156	0.001874010841241022
0.03950687905421276	0.2578200015833767	0.0019289778985565945
0.039862794062830616	0.2651014127920393	0.0019472757830638027
0.04021870899555534	0.26439992636085974	0.0019360738173565377
0.04057462385170931	0.2503607945486082	0.0018756906742737162
0.04093053863061494	0.22372200386484264	0.0017653707644772602
0.04128645333159459	0.19031971354387528	0.0016212254362684235
0.041642367953970666	0.1595285451151325	0.0014779400000571234
0.041998282497065546	0.12993806805020444	0.0013281824799688024
0.04235419696020162	0.10476238914118613	0.0011875715389761741
0.042710111342701286	0.08539968457657825	0.001067746339588974
0.043066025643886924	0.0715204773975424	0.0009730902358102858
0.04342193986308093	0.06050814910143621	0.0008913692197223385
0.043777853999605695	0.054220380609917004	0.0008403483591685116
0.044133768052783594	0.048021107557144636	0.0007876547417504738
0.04448968202193703	0.04301037904154583	0.0007424415928953461
0.0448455959063884	0.04573316499416291	0.0007625372066255362
0.04520150970546007	0.04568841849891872	0.0007591575267694269
0.045557423418474456	0.048047365291122454	0.0007754620015295679
0.04591333704475393	0.051065179926459495	0.0007963396015046179
0.04626925058362089	0.05393798284012681	0.0008152793221068582
0.046625164034397724	0.051863105619868066	0.0007963874050808265
0.04698107739640684	0.05007452878027671	0.0007795648687114022
0.047336990668970604	0.04709629375292486	0.000753179260726277
0.047692903851411415	0.0430745863689623	0.000717610830569966
0.048048816943051666	0.039634591586919454	0.0006858058004178721
0.048404729943213765	0.0381652251031966	0.0006704946596618669
0.04876064285122008	0.03807374466812616	0.0006672420300112497
0.049116555666393	0.036230679914262064	0.0006485292969285161
0.04947246838805494	0.03609680748471876	0.0006449973295332286
0.0498283810155283	0.037200674333004426	0.0006524426268790903
0.05018429354813544	0.03805028834110556	0.0006575069963401695
0.05054020598519876	0.04033199066760257	0.000674546098869264
0.050896118326040664	0.042380131445214665	0.0006890395153336011
0.05125203056998355	0.045111825488400356	0.0007084267836145896
0.0516079427163498	0.04803785513047917	0.000728515573941854
0.05196385476446181	0.04764299757448724	0.0007230264228726
0.05231976671364196	0.045052126299229216	0.0007006966752398897
0.05267567856321269	0.04217153691260535	0.000675631601524265
0.05303159031249633	0.03450211239974161	0.0006090610503515088
0.05338750196081532	0.027575745169932664	0.0005426866499462161
0.05374341350749203	0.022321897412165368	0.0004866404892907359
0.054099324951848875	0.01665236265703502	0.0004189356481060782
0.054455236293208246	0.013925878880407425	0.0003818535153849743
0.05481114753089252	0.011630102128980867	0.0003478264679638573
0.05516705866422412	0.01076957361312376	0.00033362965751963856
0.05552296969252541	0.01012546199196881	0.0003224604014414387
0.055878880615118816	0.010509937820288813	0.0003274775512743994
0.0562347914313267	0.01033188859754963	0.00032366267770979237
0.056590702140471495	0.012795853466662122	0.00035906030675917294
0.05694661274187557	0.014347918897300475	0.00037902322094064445
0.05730252323486134	0.01621901509476134	0.0004017266801552086
0.05765843361875119	0.019678901684458152	0.00044113784551659134
0.05801434389286749	0.02455091420079593	0.0004912148092525311
0.0583702540565327	0.030057062347399997	0.000541854624276372
0.058726164109069175	0.037127599334527535	0.0006003961890054623
0.05908207404979933	0.04237584037579362	0.0006394941934069584
0.05943798387804554	0.0454891790706281	0.0006605828958089015
0.05979389359313022	0.04626734486674592	0.0006642234153276889
0.06014980319437578	0.04226821240564682	0.0006329875162882978
0.06050571268110459	0.03694384459442477	0.0005904405899601954
0.060861622052639064	0.030026899999861974	0.0005323048337921385
0.0612175313083016	0.024619793243130073	0.0004820003591677295
0.0615734404474146	0.019986478378286505	0.0004342834709360788
0.061929349469300454	0.016136391891817717	0.00039021896933271713
0.06228525837328156	0.012682637837779539	0.0003459473089484274
0.06264116715868033	0.010757594594545145	0.00031861245427330476
0.06299707582481916	0.009049590540498942	0.00029222651974668837
0.06335298437102045	0.008143687837800402	0.00027721435790956897
0.06370889279660659	0.00713398378375099	0.00025946048171132056
0.0640648011009	0.006416810810781314	0.00024607346159632884
0.06442070928322306	0.006143152702674464	0.00024076913727250017
0.06477661734289819	0.006416810810781314	0.00024607346159632884
0.06513252527924777	0.0066149770269966195	0.0002498442341207521
0.06548843309159422	0.006926381081049242	0.0002556573908011978
0.06584434077925994	0.0067942702702390384	0.0002532075030293393
0.06620024834156733	0.006228081081052452	0.00024242772728758451
0.0665561557778388	0.006879198648617026	0.00025478513513396396
0.06691206308739671	0.006067660810782919	0.00023928518392343778
0.0672679702695635	0.00586005810808117	0.00023515603149117678
0.06762387732366158	0.005690201351325194	0.00023172291245563204
0.06797978424901335	0.00546372567565056	0.000227064690130167
0.06833569104494118	0.005086266216192836	0.0002190809951035366
0.06869159771076752	0.005416543243218344	0.00022608214683575664
0.06904750424581477	0.005124012162138608	0.0002198924089740051
0.06940341064940528	0.004878663513491087	0.00021456337599171416
0.06975931692086149	0.005425979729704788	0.00022627899680499174
0.07011522305950582	0.005643018918892979	0.00023076020404497045
0.07047112906466067	0.006124279729701578	0.00024039900771119334
0.07082703493564842	0.005897804054026943	0.0002359121621610777
0.0711829406717915	0.006822579729698367	0.00025373447030701076
0.07153884627241229	0.00770960945942402	0.0002697250924174626
0.07189475173683324	0.008672131081041217	0.0002860672084579229
0.0722506570643767	0.010040421621575467	0.0003078088740601676
0.07260656225436511	0.011748425675621671	0.00033296225030021823
0.07296246730612088	0.01447557027020373	0.00036959237443206957
0.07331837221896642	0.016863001351273835	0.0003989078645153131
0.07367427699222413	0.019618455405315222	0.00043026653288065974
0.07403018162521639	0.021920958108007343	0.00045481515471243564
0.07438608611726563	0.022892916216110983	0.00046478887089581396
0.0747419904676943	0.022015322972871773	0.0004557930426500442
0.07509789467582473	0.020316755405312012	0.0004378570404031398
0.07545379874097938	0.017344262162082433	0.0004045601259514059
0.07580970266248063	0.015060632432363202	0.00037698733987400976
0.07616560643965092	0.012503344594537119	0.00034349329295008227
0.07652151007181264	0.01007816756752124	0.0003083869194032448
0.07687741355828821	0.0074170783783442835	0.0002645584243340877
0.07723331689840003	0.006133716216188021	0.00024058414367064015
0.07758922009147053	0.004831481081058872	0.0002135233147244525
0.07794512313682209	0.0036802297297128124	0.00018635567635959236
0.07830102603377714	0.0029913662162024653	0.0001680118652809885
0.07865692878165807	0.0023779945945836636	0.00014979957896010088
0.07901283137978733	0.002661089189176957	0.00015846555516227557
0.07936873382748728	0.0024723594594480945	0.00015274287750566878
0.0797246361240804	0.0023496851351243343	0.0001489052451225175
0.08008053826888904	0.0024817959459345375	0.0001530340939330859
0.08043644026123564	0.002453486486475208	0.00015215877258408102
0.08079234210044262	0.0025950337837718548	0.00015648642507395472
0.08114824378583237	0.003038548648634681	0.0001693316959734389
0.08150414531672732	0.0029253108107973637	0.0001661464893843239
0.08186004669244987	0.0030102391891753517	0.00016854103782051023
0.08221594791232245	0.0030951675675533396	0.000170902038971143
0.0825718489756675	0.0026516527026905134	0.00015818433833878555
0.08292774988180737	0.002613906756744741	0.00015705443574392952
0.08328365063006452	0.0020948999999903704	0.00014060048200613965
0.08363955121976134	0.0018967337837750649	0.00013378528588366324
0.08399545165022025	0.00139659999999358	0.00011479981283480327
0.0843513519207637	0.001207870270264718	0.00010676165736222625
0.08470725203071407	0.0010474499999951852	9.941955426463849e-05
0.08506315197939378	0.0008115378378341074	8.751037561317409e-05
0.08541905176612526	0.0006605540540510176	7.895131034135936e-05
0.08577495139023093	0.0006228081081052452	7.666237862069208e-05
0.08613085085103317	0.000519006756754371	6.998285680425806e-05
0.08648675014785444	0.00035858648648483813	5.817040943585741e-05
0.08684264928001716	0.00026422162162040703	4.9933192986700294e-05
0.08719854824684371	0.00036802297297128126	5.8930839219750747e-05
0.08755444704765654	0.00021703918918819151	4.5255799360998346e-05
0.08791034568177805	0.0003302770270255088	5.5827006925938805e-05
0.08826624414853067	0.00027365810810685016	5.0817034929793756e-05
0.08862214244723682	0.0002359121621610777	4.718243243221554e-05
0.08897804057721892	0.0002830945945932933	5.168576512217559e-05
0.08933393853779938	0.0003114040540526226	5.4208487784581966e-05
0.08968983632830065	0.0002830945945932933	5.168576512217559e-05
0.0900457339480451	0.00021703918918819151	4.5255799360998346e-05
0.09040163139635521	0.00016985675675597597	4.0035621510834834e-05
0.09075752867255334	0.00029253108107973636	5.254013316954503e-05
0.09111342577596197	0.00015098378378308974	3.7745945945772435e-05
0.09146932270590347	0.0002359121621610777	4.718243243221554e-05
0.09182521946170033	0.00014154729729664664	3.6547355008705505e-05
0.0921811160426749	0.0002076027027017484	4.426104493337358e-05
0.09253701244814964	0.00017929324324241907	4.113269097649272e-05
0.09289290867744696	0.00014154729729664664	3.6547355008705505e-05
0.0932488047298893	0.0002076027027017484	4.426104493337358e-05
0.09360470060479908	0.00017929324324241907	4.113269097649272e-05
0.09396059630149874	0.00014154729729664664	3.6547355008705505e-05
0.09431649181931064	0.00016042027026953284	3.890763051831861e-05
0.09467238715755728	0.00018872972972886216	4.220125050488988e-05
0.09502828231556104	0.00016042027026953284	3.890763051831861e-05
0.09538417729264437	0.00021703918918819151	4.5255799360998346e-05
0.09574007208812968	0.00014154729729664664	3.6547355008705505e-05
0.09609596670133941	0.0001981662162153053	4.324341361855342e-05
0.09645186113159597	0.00018872972972886216	4.220125050488988e-05
0.09680775537822184	0.00015098378378308974	3.7745945945772435e-05
0.09716364944053936	0.00018872972972886216	4.220125050488988e-05
0.09751954331787104	0.00017929324324241907	4.113269097649272e-05
0.09787543700953923	0.00017929324324241907	4.113269097649272e-05
0.0982313305148664	0.00018872972972886216	4.220125050488988e-05
0.09858722383317503	0.00018872972972886216	4.220125050488988e-05
0.09894311696378745	0.00027365810810685016	5.0817034929793756e-05
0.09929900990602618	0.00014154729729664664	3.6547355008705505e-05
0.09965490265921358	0.00014154729729664664	3.6547355008705505e-05
0.1000107952226721	0.00021703918918819151	4.5255799360998346e-05
0.10036668759572422	0.0002076027027017484	4.426104493337358e-05
0.10072257977769229	0.0002830945945932933	5.168576512217559e-05
0.10107847176789882	0.00017929324324241907	4.113269097649272e-05
0.1014343635656662	0.00017929324324241907	4.113269097649272e-05
0.10179025517031683	0.00021703918918819151	4.5255799360998346e-05
0.1021461465811732	0.0002359121621610777	4.718243243221554e-05
0.10250203779755773	0.00016985675675597597	4.0035621510834834e-05
0.10285792881879284	0.00014154729729664664	3.6547355008705505e-05
0.10321381964420098	0.0002359121621610777	4.718243243221554e-05
0.10356971027310456	0.00024534864864752084	4.8116828734128026e-05
0.10392560070482604	0.00016985675675597597	4.0035621510834834e-05
0.10428149093868784	0.00021703918918819151	4.5255799360998346e-05
0.10463738097401237	0.00025478513513396396	4.9033422118369755e-05
0.10499327081012212	0.0002359121621610777	4.718243243221554e-05
0.10534916044633952	0.0001981662162153053	4.324341361855342e-05
0.10570504988198695	0.00017929324324241907	4.113269097649272e-05
0.1060609391163869	0.0003302770270255088	5.5827006925938805e-05
0.10641682814886178	0.00038689594594416745	6.042299533755141e-05
0.10677271697873404	0.0003208405405390657	5.502369875880752e-05
0.10712860560532611	0.0001981662162153053	4.324341361855342e-05
0.10748449402796044	0.00029253108107973636	5.254013316954503e-05
0.10784038224595947	0.0003302770270255088	5.5827006925938805e-05
0.10819627025864563	0.00027365810810685016	5.0817034929793756e-05
0.10855215806534134	0.00026422162162040703	4.9933192986700294e-05
0.1089080456653691	0.0002076027027017484	4.426104493337358e-05
0.10926393305805127	0.0003208405405390657	5.502369875880752e-05
0.10961982024271036	0.0002076027027017484	4.426104493337358e-05
0.10997570721866878	0.0001981662162153053	4.324341361855342e-05
0.11033159398524896	0.00018872972972886216	4.220125050488988e-05
0.11068748054177335	0.0002076027027017484	4.426104493337358e-05
0.11104336688756443	0.00015098378378308974	3.7745945945772435e-05
0.11139925302194457	0.0002264756756746346	4.622915371290893e-05
0.11175513894423629	0.00024534864864752084	4.8116828734128026e-05
0.11211102465376196	0.00015098378378308974	3.7745945945772435e-05
0.1124669101498441	0.00021703918918819151	4.5255799360998346e-05
0.1128227954318051	9.436486486443108e-05	2.9840790406559846e-05
0.11317868049896743	0.0001132378378373173	3.268894807891316e-05
0.1135345653506535	0.00016985675675597597	4.0035621510834834e-05
0.11389044998618579	0.00018872972972886216	4.220125050488988e-05
0.11424633440488673	0.00015098378378308974	3.7745945945772435e-05
0.1146022186060788	0.0002076027027017484	4.426104493337358e-05
0.11495810258908438	0.0002264756756746346	4.622915371290893e-05
0.115313986353226	0.00021703918918819151	4.5255799360998346e-05
0.11566986989782603	0.0002264756756746346	4.622915371290893e-05
0.11602575322220694	0.0002359121621610777	4.718243243221554e-05
0.11638163632569123	0.00018872972972886216	4.220125050488988e-05
0.11673751920760128	0.00017929324324241907	4.113269097649272e-05
0.1170934018672596	0.0001038013513508742	3.129728501479094e-05
0.11744928430398857	0.00016042027026953284	3.890763051831861e-05
0.11780516651711069	0.00016985675675597597	4.0035621510834834e-05
0.11816104850594841	0.0001038013513508742	3.129728501479094e-05
0.11851693026982417	0.00017929324324241907	4.113269097649272e-05
0.1188728118080604	0.00015098378378308974	3.7745945945772435e-05
0.1192286931199796	9.436486486443108e-05	2.9840790406559846e-05
0.11958457420490416	0.00016042027026953284	3.890763051831861e-05
0.11994045506215661	0.0003019675675661795	5.3380828681113124e-05
0.12029633569105934	0.0002076027027017484	4.426104493337358e-05
0.12065221609093481	0.0002076027027017484	4.426104493337358e-05
0.12100809626110551	0.00025478513513396396	4.9033422118369755e-05
0.12136397620089386	0.0003208405405390657	5.502369875880752e-05
0.12171985590962232	0.0002359121621610777	4.718243243221554e-05
0.12207573538661338	0.0003302770270255088	5.5827006925938805e-05
0.12243161463118944	0.00027365810810685016	5.0817034929793756e-05
0.122787493642673	0.0003302770270255088	5.5827006925938805e-05
0.12314337242038649	0.00024534864864752084	4.8116828734128026e-05
0.12349925096365237	0.00026422162162040703	4.9933192986700294e-05
0.12385512927179312	0.00024534864864752084	4.8116828734128026e-05
0.12421100734413118	0.0003019675675661795	5.3380828681113124e-05
0.12456688517998903	0.00015098378378308974	3.7745945945772435e-05
0.12492276277868908	0.00016042027026953284	3.890763051831861e-05
0.1252786401395538	0.0002076027027017484	4.426104493337358e-05
0.12563451726190572	0.0001981662162153053	4.324341361855342e-05
0.1259903941450672	0.00016042027026953284	3.890763051831861e-05
0.1263462707883608	0.0001132378378373173	3.268894807891316e-05
0.12670214719110895	0.00016042027026953284	3.890763051831861e-05
0.12705802335263403	0.00017929324324241907	4.113269097649272e-05
0.1274138992722586	0.0001132378378373173	3.268894807891316e-05
0.12776977494930508	0.00012267432432376042	3.402373588709365e-05
0.12812565038309592	0.00017929324324241907	4.113269097649272e-05
0.12848152557295361	0.00015098378378308974	3.7745945945772435e-05
0.12883740051820064	0.0001132378378373173	3.268894807891316e-05
0.12919327521815943	0.00017929324324241907	4.113269097649272e-05
0.12954914967215245	7.549189189154487e-05	2.6690414340556562e-05
0.12990502387950215	0.00012267432432376042	3.402373588709365e-05
0.13026089783953104	0.0002359121621610777	4.718243243221554e-05
0.13061677155156157	0.0001132378378373173	3.268894807891316e-05
0.13097264501491618	0.00015098378378308974	3.7745945945772435e-05
0.1313285182289174	0.00016042027026953284	3.890763051831861e-05
0.13168439119288758	8.492837837798798e-05	2.8309459459329327e-05
0.1320402639061493	0.0002076027027017484	4.426104493337358e-05
0.13239613636802505	7.549189189154487e-05	2.6690414340556562e-05
0.13275200857783714	0.00012267432432376042	3.402373588709365e-05
0.1331078805349082	9.436486486443108e-05	2.9840790406559846e-05
0.13346375223856063	0.00012267432432376042	3.402373588709365e-05
0.1338196236881169	7.549189189154487e-05	2.6690414340556562e-05
0.1341754948828995	0.00013211081081020352	3.530809936719233e-05
0.1345313658222309	0.00014154729729664664	3.6547355008705505e-05
0.13488723650543358	0.0001132378378373173	3.268894807891316e-05
0.13524310693182995	9.436486486443108e-05	2.9840790406559846e-05
0.13559897710074256	7.549189189154487e-05	2.6690414340556562e-05
0.13595484701149388	7.549189189154487e-05	2.6690414340556562e-05
0.13631071666340633	6.605540540510176e-05	2.4966596493350147e-05
0.1366665860558024	6.605540540510176e-05	2.4966596493350147e-05
0.13702245518800463	3.7745945945772435e-05	1.8872972972886218e-05
0.1373783240593354	7.549189189154487e-05	2.6690414340556562e-05
0.1377341926691172	0.00014154729729664664	3.6547355008705505e-05
0.1380900610166726	0.00012267432432376042	3.402373588709365e-05
0.13844592910132397	4.718243243221554e-05	2.110062525244494e-05
0.13880179692239386	6.605540540510176e-05	2.4966596493350147e-05
0.1391576644792047	7.549189189154487e-05	2.6690414340556562e-05
0.13951353177107895	0.0001038013513508742	3.129728501479094e-05
0.1398693987973392	5.661891891865865e-05	2.3114576856454466e-05
0.14022526555730777	3.7745945945772435e-05	1.8872972972886218e-05
0.1405811320503073	4.718243243221554e-05	2.110062525244494e-05
0.14093699827566017	4.718243243221554e-05	2.110062525244494e-05
0.1412928642326889	5.661891891865865e-05	2.3114576856454466e-05
0.1416487299207159	8.492837837798798e-05	2.8309459459329327e-05
0.14200459533906373	5.661891891865865e-05	2.3114576856454466e-05
0.14236046048705486	0.00013211081081020352	3.530809936719233e-05
0.1427163253640118	7.549189189154487e-05	2.6690414340556562e-05
0.14307218996925694	4.718243243221554e-05	2.110062525244494e-05
0.14342805430211286	2.8309459459329327e-05	1.634447403945658e-05
0.14378391836190196	0.00013211081081020352	3.530809936719233e-05
0.14413978214794682	0.0001038013513508742	3.129728501479094e-05
0.14449564565956985	8.492837837798798e-05	2.8309459459329327e-05
0.1448515088960936	7.549189189154487e-05	2.6690414340556562e-05
0.14520737185684046	5.661891891865865e-05	2.3114576856454466e-05
0.14556323454113304	6.605540540510176e-05	2.4966596493350147e-05
0.14591909694829372	7.549189189154487e-05	2.6690414340556562e-05
0.14627495907764507	8.492837837798798e-05	2.8309459459329327e-05
0.1466308209285095	5.661891891865865e-05	2.3114576856454466e-05
0.14698668250020955	4.718243243221554e-05	2.110062525244494e-05
0.1473425437920677	4.718243243221554e-05	2.110062525244494e-05
0.14769840480340646	9.436486486443108e-05	2.9840790406559846e-05
0.14805426553354828	4.718243243221554e-05	2.110062525244494e-05
0.1484101259818157	2.8309459459329327e-05	1.634447403945658e-05
0.14876598614753114	3.7745945945772435e-05	1.8872972972886218e-05
0.1491218460300172	5.661891891865865e-05	2.3114576856454466e-05
0.14947770562859625	3.7745945945772435e-05	1.8872972972886218e-05
0.14983356494259084	5.661891891865865e-05	2.3114576856454466e-05
0.15018942397132354	9.436486486443108e-05	2.9840790406559846e-05
0.1505452827141167	5.661891891865865e-05	2.3114576856454466e-05
0.15090114117029294	1.8872972972886218e-05	1.3345207170278281e-05
0.1512569993391747	3.7745945945772435e-05	1.8872972972886218e-05
0.15161285722008444	3.7745945945772435e-05	1.8872972972886218e-05
0.15196871481234472	7.549189189154487e-05	2.6690414340556562e-05
0.152324572115278	1.8872972972886218e-05	1.3345207170278281e-05
0.15268042912820684	1.8872972972886218e-05	1.3345207170278281e-05
0.1530362858504536	3.7745945945772435e-05	1.8872972972886218e-05
0.1533921422813409	5.661891891865865e-05	2.3114576856454466e-05
0.15374799842019127	5.661891891865865e-05	2.3114576856454466e-05
0.15410385426632708	3.7745945945772435e-05	1.8872972972886218e-05
0.15445970981907092	6.605540540510176e-05	2.4966596493350147e-05
0.1548155650777453	7.549189189154487e-05	2.6690414340556562e-05
0.1551714200416727	9.436486486443109e-06	9.436486486443109e-06
0.15552727471017558	7.549189189154487e-05	2.6690414340556562e-05
0.1558831290825765	5.661891891865865e-05	2.3114576856454466e-05
0.1562389831581979	6.605540540510176e-05	2.4966596493350147e-05
0.1565948369363624	6.605540540510176e-05	2.4966596493350147e-05
0.15695069041639234	5.661891891865865e-05	2.3114576856454466e-05
0.15730654359761037	4.718243243221554e-05	2.110062525244494e-05
0.15766239647933888	9.436486486443108e-05	2.9840790406559846e-05
0.15801824906090053	8.492837837798798e-05	2.8309459459329327e-05
0.15837410134161767	1.8872972972886218e-05	1.3345207170278281e-05
0.1587299533208129	1.8872972972886218e-05	1.3345207170278281e-05
0.15908580499780867	8.492837837798798e-05	2.8309459459329327e-05
0.1594416563719276	6.605540540510176e-05	2.4966596493350147e-05
0.15979750744249202	0.0001038013513508742	3.129728501479094e-05
0.16015335820882456	0.00012267432432376042	3.402373588709365e-05
0.16050920867024776	5.661891891865865e-05	2.3114576856454466e-05
0.160865058826084	8.492837837798798e-05	2.8309459459329327e-05
0.16122090867565597	7.549189189154487e-05	2.6690414340556562e-05
0.161576758218286	6.605540540510176e-05	2.4966596493350147e-05
0.1619326074532967	5.661891891865865e-05	2.3114576856454466e-05
0.16228845638001058	7.549189189154487e-05	2.6690414340556562e-05
0.16264430499775015	5.661891891865865e-05	2.3114576856454466e-05
0.16300015330583792	5.661891891865865e-05	2.3114576856454466e-05
0.16335600130359637	7.549189189154487e-05	2.6690414340556562e-05
0.16371184899034805	4.718243243221554e-05	2.110062525244494e-05
0.16406769636541552	6.605540540510176e-05	2.4966596493350147e-05
0.1644235434281212	6.605540540510176e-05	2.4966596493350147e-05
0.1647793901777877	5.661891891865865e-05	2.3114576856454466e-05
0.1651352366137375	6.605540540510176e-05	2.4966596493350147e-05
0.16549108273529306	2.8309459459329327e-05	1.634447403945658e-05
0.165846928541777	1.8872972972886218e-05	1.3345207170278281e-05
0.16620277403251177	3.7745945945772435e-05	1.8872972972886218e-05
0.1665586192068199	1.8872972972886218e-05	1.3345207170278281e-05
0.166914464064024	7.549189189154487e-05	2.6690414340556562e-05
0.1672703086034464	5.661891891865865e-05	2.3114576856454466e-05
0.1676261528244098	4.718243243221554e-05	2.110062525244494e-05
0.16798199672623668	8.492837837798798e-05	2.8309459459329327e-05
0.16833784030824953	5.661891891865865e-05	2.3114576856454466e-05
0.1686936835697709	7.549189189154487e-05	2.6690414340556562e-05
0.16904952651012328	6.605540540510176e-05	2.4966596493350147e-05
0.16940536912862922	9.436486486443109e-06	9.436486486443109e-06
0.16976121142461126	5.661891891865865e-05	2.3114576856454466e-05
0.17011705339739192	3.7745945945772435e-05	1.8872972972886218e-05
0.1704728950462937	0.0001038013513508742	3.129728501479094e-05
0.17082873637063914	3.7745945945772435e-05	1.8872972972886218e-05
