#Initialized App on 2018-12-25 11:18:03.349650
#Set wavelength to 5.1836 A
#Load data from ../gaussFitting/ES_S14_30K_2mT_ZFC_Remanence_reduced_in_x_ai_uu_qz_I.xy
#Select data from 0.0038
#Select data above noise threshold of 0.0.
#Applying footprint correction for a equidistributed beam using a sample size of 14 and a beam size of 1.
#Rescaling data by setting mean value between 0.0066 .. 0.0092 (Imean = 0.33707275554171273) to 1.
#[[Data]]
#q / A-1	I / a.u.	sI / a.u.
0.00423112182453	0.4116506129043461	0.00842924689732715
0.00507734505523	0.9831974028363786	0.010538611288855203
0.00592356766726	1.019676550716251	0.011106843957073325
0.00676978955753	1.0040081993665453	0.0110025009700257
0.00761601062293	0.9963130888212159	0.009417781859407216
0.00846223076033	0.9996787118122386	0.009564724816987578
0.00930844986663	0.9928077317765083	0.008851777750592574
0.0101546678387	0.9222604491380968	0.008431932681148982
0.0110008845735	0.8190203718894057	0.007395342981492597
0.0118470999679	0.7021637223137746	0.00605430247740172
0.0126933139187	0.5611134941262255	0.005425150291620203
0.0135395263229	0.41219688929204445	0.00367981655918817
0.0143857370773	0.2766457206423722	0.003232878541896844
0.0152319460789	0.17178160913791193	0.001989157428704493
0.0160781532245	0.09276624065971262	0.0010233290031587301
0.016924358411	0.04231906292577803	0.0010425921116247524
0.0177705615354	0.017033203679641496	0.0006615782389223794
0.0186167624945	0.009675386534158538	0.00037884996013626835
0.0194629611851	0.007073615297588001	0.0004435244247484113
0.0203091575043	0.008036291143277478	0.0005010787648160981
0.0211553513489	0.009827086127671584	0.0004076271301701118
0.0220015426157	0.011734799193850924	0.0004458977995965633
0.0228477312017	0.012991705879528078	0.0005515129803393288
0.0236939170038	0.01276823365057578	0.00045865468940538046
0.0245400999189	0.012254892844606704	0.0004307675349395941
0.0253862798438	0.008445284150672699	0.0004082204738821498
0.0262324566755	0.006469144610918145	0.00031328547995606844
0.0270786303108	0.005456376315683572	0.00037291652301588824
0.0279248006467	0.0031001639344022387	0.00029192510632270016
0.02877096758	0.0021256437318658747	0.0002736501199919295
0.0296171310077	0.0010161989492432045	0.00015311234489140808
0.0304632908267	0.0007881732226416119	0.000176074746547279
0.0313094469337	0.00038565582018364354	0.00013756673963601223
0.0321555992258	0.000503609909757281	0.0001130913115144444
0.0330017475999	0.0005461394223456278	0.0001340956789205899
0.0338478919527	0.001213445000450011	0.0001420168174762973
0.0346940321814	0.0011571744188376895	0.00016438587542013023
0.0355401681826	0.001384885287598489	0.00014240249088912202
0.0363862998534	0.0017239668897775652	0.00015139164812649783
0.0372324270906	0.0019475424792045012	0.00015883811171257486
0.0380785497912	0.0013923459024320981	0.00012350449366071146
0.038924667852	0.0015941107703482291	0.00021947783908285933
0.03977078117	0.0012138616167374184	0.00017832945265302343
0.040616889642	0.0010937359485120928	0.00012288148276307155
0.041462993165	0.0007254349868977771	0.00011896541426362068
0.0423090916358	0.000366180647859348	9.12265957258438e-05
0.0431551849514	0.0003046938630057581	9.588434386534216e-05
0.0440012730087	0.00010030223577596772	6.749284724432346e-05
0.0448473557045	9.867444180276984e-05	5.170990450411243e-05
0.0456934329358	0.00013376420745585987	5.7851011923705816e-05
0.0465395045996	0.0001974962731503285	5.773234318129822e-05
0.0473855705926	0.0004042631383275267	0.00011059926792388477
0.0482316308118	0.00048361274330232005	0.00010742487906448142
0.0490776851542	0.0004532810424101227	9.19386081802894e-05
0.0499237335166	0.0007196315810518902	0.00013293865868211577
0.0507697757959	0.0006524048187952302	0.00011875774396440739
0.0516158118891	0.0007741221611952831	8.736986159759675e-05
0.0524618416931	0.0009459678801021969	0.0001501159591456161
0.0533501661057	0.0009855692118044504	0.00012190246563820883
0.054111581331	0.0009225553679063738	0.00010751388062128711
0.0550421926796	0.0004379920879773689	8.523382423425991e-05
0.0558035959349	0.0005872460373781362	7.473164053118716e-05
0.0567341924266	0.0002445588515972445	7.72533513073487e-05
0.0574955833407	0.0004114541081112001	6.725550975950825e-05
0.058426164522	0.0003485797296526381	5.372727312504166e-05
0.059187542724	0.0002500615894172119	7.152758448618191e-05
0.0601181081413	0.00027371581797444486	6.32801068888536e-05
0.0608794732599	0.0003664786547387191	6.141107419593386e-05
0.0617677249655	0.0004507021629673063	9.689302817580678e-05
0.0626136712582	0.0007309262346167608	7.66896747809126e-05
0.0634596099216	0.0007666799696839328	6.538647706658852e-05
0.0643055408527	0.001236298582869094	6.461513024093912e-05
0.0651514639483	0.0012068648483506948	7.191325789900661e-05
0.0659973791054	0.0014227773147351035	7.671934196651448e-05
0.066843286221	0.001376324494854019	7.858837465943421e-05
0.0676891851919	0.0013924227997771782	6.675116760427596e-05
0.068535075915	0.00133792604885918	7.040023143330971e-05
0.0693809582874	0.0012984925444258764	6.511947239617143e-05
0.0702268322059	0.0011195062009492556	6.532714269538472e-05
0.0710726975675	0.0011683212111495203	6.538647706658852e-05
0.0719185542691	0.0007719763336606977	5.948270713181034e-05
0.0727644022077	0.0007282313861454267	4.4144772175627824e-05
0.0736102412801	0.0006416606695263883	4.556879708451904e-05
0.0744560713834	0.00040308793210427863	3.746965541520023e-05
0.0753018924143	0.00034912462685058823	2.670343376027057e-05
0.07614770427	0.0002493888058822877	3.6223633619920416e-05
0.0769935068473	0.00021658190346079685	2.8474564740704025e-05
0.0778393000432	0.0002080785107870294	2.6486863305376693e-05
0.0786850837546	0.00021186106805111602	3.7588324157607833e-05
0.0795308578785	0.00019149001198945142	2.6685633448909425e-05
0.0803766223118	0.00025665138019318314	3.21941436707337e-05
0.0812223769514	0.0002281293383566982	2.9086625686384545e-05
0.0820681216944	0.0003432425644726496	3.4070278700940084e-05
0.0829138564375	0.00026933579715037294	3.111364478017614e-05
0.0837595810779	0.00021635227735537158	2.8147068213040163e-05
0.0846052955124	0.000242657991525447	2.908293612616482e-05
0.0863389777623	0.0001235204510699401	2.1028207418658776e-05
0.0896793620261	0.00010357027247305902	1.8811631116550788e-05
0.093061855866	0.00011773074158225501	1.8622319534997876e-05
0.096444168277	0.0001221481704346908	1.6753838844122043e-05
0.0998262926652	9.324858412833174e-05	1.486008763547235e-05
0.103208222437	9.549171931819562e-05	1.396009045269067e-05
0.106589950999	0.00013161204142086205	1.5305493171522625e-05
0.109971471758	0.00011880752393185991	1.4614500846658874e-05
0.113352778123	0.00013099453572579188	1.5194906250369379e-05
0.1167338635	0.00010902027860288598	1.4312826064410219e-05
0.120114721299	0.00013381799199970669	1.4878510922071175e-05
0.123495344928	0.00013440787985160516	1.5715320488589505e-05
0.126875727796	0.0001009728663801431	1.3997328566639772e-05
0.147997255433	3.861042784719945e-05	9.097241213938839e-06
0.169107512505	3.978934066132283e-05	8.021377364078914e-06
