#Initialized App on 2018-12-25 11:18:03.349650
#Set wavelength to 5.1836 A
#Load data from ../gaussFitting/ES_S14_30K_2mT_ZFC_Remanence_reduced_in_x_ai_uu_qz_I.xy
#Select data from 0.0038
#Select data above noise threshold of 0.0.
#Applying footprint correction for a equidistributed beam using a sample size of 14 and a beam size of 1.
#Rescaling data by setting mean value between 0.0066 .. 0.0092 (Imean = 0.33707275554171273) to 1.
#Load data from ../gaussFitting/ES_S14_30K_2mT_ZFC_Remanence_reduced_in_x_ai_dd_qz_I.xy
#Select data from 0.0038
#Select data above noise threshold of 0.0.
#Applying footprint correction for a equidistributed beam using a sample size of 14 and a beam size of 1.
#Rescaling data by renormalization factor 0.33707275554171273.
#[[Data]]
#q / A-1	I / a.u.	sI / a.u.
0.00423112182453	0.392146477198222	0.008125390507420581
0.00507734505523	0.954412139496639	0.009728737464128003
0.00592356766726	0.9852144039977976	0.010351156789107894
0.00676978955753	0.9956490665540983	0.009703114063013581
0.00761601062293	1.0184851307156064	0.009287928553653414
0.00846223076033	0.9974517609312157	0.010794914504059939
0.00930844986663	0.9636599404067712	0.00911459111400246
0.0101546678387	0.9106308917976886	0.008539574374950884
0.0110008845735	0.7774419367493707	0.008067216752044068
0.0118470999679	0.6474102011707781	0.005830231776133587
0.0126933139187	0.5046267308744511	0.004432794758307966
0.0135395263229	0.3584212987425567	0.0035729434915477286
0.0143857370773	0.2366574951772389	0.00246834889902857
0.0152319460789	0.1404167586479501	0.0017697726032057327
0.0160781532245	0.07086501872874998	0.0012046210758474012
0.016924358411	0.03522064065687942	0.0007691807879567864
0.0177705615354	0.014513137652249729	0.0006793785502835196
0.0186167624945	0.00810311173209606	0.0005262958725777135
0.0194629611851	0.0066432636965905465	0.0004731916103503117
0.0203091575043	0.009959700820686927	0.00042898750380348003
0.0211553513489	0.009808503195954265	0.00042216405111504296
0.0220015426157	0.010720979196886764	0.0006832352844117666
0.0228477312017	0.010818509772881155	0.0005007820929600792
0.0236939170038	0.011600375989201288	0.0004085171457381688
0.0245400999189	0.009013325016782703	0.0004580613456933425
0.0253862798438	0.008899900839445805	0.0004636981109577036
0.0262324566755	0.0066540509819472534	0.00042898750380348003
0.0270786303108	0.0038895614624592694	0.00039220019365712353
0.0279248006467	0.0031879639701910623	0.00026166457700876173
0.02877096758	0.0016657076870471626	0.00019399372665082683
0.0296171310077	0.0009964384675949754	0.00017206967649102244
0.0304632908267	0.0005089297108106715	0.00012516585605441786
0.0313094469337	0.0003238985595989211	0.00011507901294977174
0.0321555992258	0.0006191659710515314	0.00018995898940896838
0.0330017475999	0.0006717266711043351	0.00010306380278100207
0.0338478919527	0.0008521329157510484	0.00019859214041912144
0.0346940321814	0.0010921779465930235	0.00020974700220543596
0.0355401681826	0.0011835542429374144	0.00023618046457672925
0.0363862998534	0.00127024902772664	0.0001976427904798606
0.0372324270906	0.001543685751652535	0.00020615727274760602
0.0380785497912	0.001444708663022566	0.00015880844452697293
0.038924667852	0.0013625243287963254	0.00026881436873881973
0.03977078117	0.0009286099064783808	0.00018111816809960208
0.040616889642	0.0009929788584131954	0.00011392199271129761
0.041462993165	0.0006429785452451959	0.0001138923255256957
0.0423090916358	0.0002374298891981976	8.526349141986181e-05
0.0431551849514	9.257185425696195e-05	6.224175539278707e-05
0.0440012730087	8.181541683984381e-05	5.823668533653052e-05
0.0448473557045	1.6468596196921201e-16	0.0
0.0456934329358	7.299863485097071e-05	3.7706992900015436e-05
0.0465395045996	0.0002074819481853536	8.250444315888507e-05
0.0473855705926	0.00037169156492238584	8.745886315440243e-05
0.0482316308118	0.00035578956776635435	6.775985191474056e-05
0.0490776851542	0.0005339834117139915	8.980257081695258e-05
0.0499237335166	0.0006621108539054903	0.00015403202764506697
0.0507697757959	0.000701092823773933	8.653918040074353e-05
0.0516158118891	0.00073431556223585	0.0001062975260116092
0.0524618416931	0.0008279291500480372	0.00011878741115000929
0.0533501661057	0.000742007581117154	0.00011184528971916459
0.054111581331	0.0007122442441667178	0.00011217162876078548
0.0550421926796	0.0007573292881228122	9.054425045700008e-05
0.0558035959349	0.0005741960654427579	9.529100015330415e-05
0.0567341924266	0.0004332119626972627	7.437563430396435e-05
0.0574955833407	0.00034935730658726394	7.134958137257051e-05
0.058426164522	0.00022937334664068455	5.8414688450141926e-05
0.059187542724	0.00022848916660803546	6.0372722699867355e-05
0.0601181081413	0.0003061530435295875	5.562597300356328e-05
0.0608794732599	0.00037558084395323816	7.446463586077005e-05
0.0617677249655	0.00039693172408721385	7.618533262568028e-05
0.0626136712582	0.0006309040007052225	5.423161528027397e-05
0.0634596099216	0.0008917440969589218	8.986190518815638e-05
0.0643055408527	0.0009815310925034334	7.366362184951875e-05
0.0651514639483	0.0010974204942951066	7.832136998901711e-05
0.0659973791054	0.0012415632326244505	6.417012245691061e-05
0.066843286221	0.0012797267738436935	8.395813525337818e-05
0.0676891851919	0.0013510616996265767	7.844003873142471e-05
0.068535075915	0.0012996858772995274	8.579750076069602e-05
0.0693809582874	0.0011733113504365023	6.609848952103413e-05
0.0702268322059	0.0009382259906818961	6.538647706658852e-05
0.0710726975675	0.0010747562181873491	7.333728280789783e-05
0.0719185542691	0.0006701166032745344	6.568314892260754e-05
0.0727644022077	0.0007293748484800807	4.340309253558032e-05
0.0736102412801	0.000486677986585894	5.007820929600791e-05
0.0744560713834	0.0004592659224303364	5.135389827688962e-05
0.0753018924143	0.00033907979248075436	4.6636815766187455e-05
0.07614770427	0.00023258447237601873	3.574895865029001e-05
0.0769935068473	0.0001822501403332725	3.023086212833653e-05
0.0778393000432	0.00014666858471117835	3.5630289907882405e-05
0.0786850837546	0.0001788701727112408	3.296024320371137e-05
0.0795308578785	0.00018704096360050673	2.6347427533047763e-05
0.0803766223118	0.0001748501177595367	3.346458535894367e-05
0.0812223769514	0.00017599781953501326	2.0835264448214665e-05
0.0820681216944	0.00016983507287024187	2.2048652339332393e-05
0.0829138564375	0.00010817195516558992	2.8542799267588395e-05
0.0837595810779	0.00013401117194240288	1.7168400307819772e-05
0.0846052955124	0.00011769049662956463	2.195075062684612e-05
0.0863389777623	6.62677615819229e-05	1.9378605635161355e-05
0.0896793620261	8.959235210649606e-05	1.8230485552367807e-05
0.093061855866	0.00011777023528971472	1.8936481080180646e-05
0.096444168277	0.00012414898633070155	1.663393674887543e-05
0.0998262926652	8.199392720922474e-05	1.3401679078453374e-05
0.103208222437	0.0001025662156540613	1.5377967098199793e-05
0.106589950999	0.00013320940205101647	1.5221910531909045e-05
0.109971471758	0.00011142140595415849	1.4983143286835629e-05
0.113352778123	0.00010665541239938957	1.3923383862713929e-05
0.1167338635	0.00015876550297752397	1.605436768235138e-05
0.120114721299	0.00011114736148695869	1.4472580422734016e-05
0.123495344928	0.00011466489894736395	1.3805651523456124e-05
0.126875727796	0.00013698264221442268	1.5389219393431734e-05
0.147997255433	4.7535211540160136e-05	1.0222974153968881e-05
0.169107512505	3.559978407841103e-05	8.378143565478773e-06
