#Initialized App on 2018-12-25 11:18:03.378495
#Set wavelength to 5.1836 A
#Load data from ../gaussFitting/ES_S14_30K_730mT_ZFC_reduced_in_x_ai_uu_qz_I.xy
#Select data from 0.0038
#Select data above noise threshold of 0.0.
#Applying footprint correction for a equidistributed beam using a sample size of 14 and a beam size of 1.
#Rescaling data by setting mean value between 0.0066 .. 0.0092 (Imean = 0.3523917616872618) to 1.
#[[Data]]
#q / A-1	I / a.u.	sI / a.u.
0.00423112182453	0.44786934115261606	0.008713535158598617
0.00507734505523	0.9378456178163296	0.009125385584047855
0.00592356766726	1.0305034135826598	0.008707655854227357
0.00676978955753	1.0088585771055316	0.010847800926881788
0.00761601062293	0.9857469645699485	0.009707865875861553
0.00846223076033	1.0053944583245193	0.009937328358148478
0.00930844986663	1.0085621303807466	0.00936555755192955
0.0101546678387	0.9556246140080643	0.008732187497650742
0.0110008845735	0.8791883570207364	0.008096691416807762
0.0118894107006	0.7901141522462714	0.005724440428165972
0.012651003257	0.6789901949686347	0.0057300876132230765
0.0135818369007	0.5232112531100053	0.005095433574013401
0.0143434265804	0.38800913557284844	0.0038425502988252724
0.0152742564811	0.2483826215155725	0.002870406846226516
0.0160358429129	0.1490570801941893	0.002046991962699998
0.0169666686171	0.07240757085346342	0.0013014332600799032
0.0177282514298	0.031489274740332605	0.0007156807491538941
0.0186590724837	0.013091818542836175	0.0005037007651658057
0.0194206513061	0.00859293300587242	0.0004162980408440771
0.0203091575043	0.009014315444806343	0.000431905670187243
0.0211553513489	0.012324933134658458	0.0005093762667451386
0.0220015426157	0.013802427663778778	0.0005039845402447724
0.0228477312017	0.015686349685171474	0.0006223187481738658
0.0236939170038	0.016839770520136167	0.0005374699995628372
0.0245400999189	0.015152711784275002	0.0005428617260632035
0.0253862798438	0.012719144393556404	0.00040523081276437774
0.0262324566755	0.009800178027614874	0.00034847579697104753
0.0270786303108	0.007032857658572176	0.00031754431336368256
0.0279248006467	0.004267210994945222	0.00027086331287366847
0.02877096758	0.00368513989093333	0.0002547853344105164
0.0296171310077	0.002249950206950767	0.00019791320400076498
0.0304632908267	0.001206706472534915	0.0001420988706837016
0.0313094469337	0.0007811004521390599	0.0001159045734384897
0.0321555992258	0.0009012471108500386	0.00012029703607436056
0.0330017475999	0.0013387417571176811	0.00014495774336329074
0.0338478919527	0.001754521752979305	0.0001647113115797285
0.0346940321814	0.001994352165822509	0.0001738021069035506
0.0355401681826	0.002280086071064482	0.00018381077345299763
0.0363862998534	0.002879813723541664	0.00019916174528729615
0.0372324270906	0.002812914287916032	0.0001967739023457612
0.0380785497912	0.0026226450873650144	0.00018938508257700971
0.038924667852	0.002491019929623205	0.0001818904894677535
0.03977078117	0.002117315275866652	0.00016472467057562968
0.040616889642	0.0014575859547188929	0.00013577163531978644
0.041462993165	0.0009469358052505866	0.00011038031188175206
0.0423090916358	0.0006833891585062704	9.411134287109758e-05
0.0431551849514	0.0006456899724997882	8.552372612089194e-05
0.0440012730087	0.00022231999648569524	5.4296826425189516e-05
0.0448473557045	0.00023941019363066924	5.104242478478517e-05
0.0456934329358	0.00026428283142853763	5.4862201288512264e-05
0.0465395045996	0.0003208322373192609	5.762317088366262e-05
0.0474278737415	0.0006485147273556734	8.043835208484853e-05
0.0481893279396	0.0007668907121269085	9.00038100474881e-05
0.0490776851542	0.0010191729828909403	0.00010029273483886202
0.0499660357759	0.001132557048607152	0.0001068245982089903
0.050727473828	0.0012664410561109103	0.00011208594294736537
0.0516581135296	0.0014416852080182002	0.00011389721026202654
0.0524195403539	0.0013249576493004536	0.00010774349749979544
0.0533501661057	0.001211016623046742	0.00010083796924496745
0.054153882021	0.0016268821112077763	0.0001149799445279275
0.0549998923388	0.0012816430262998565	0.0001015153966367345
0.0558458959549	0.0011565870692649988	9.575292515619476e-05
0.0566918927665	0.00091722313477876	8.233785713767677e-05
0.0575378826703	0.0007536744730562198	7.670616697046668e-05
0.0583838655633	0.000637485879892295	6.709109726771068e-05
0.0592298413424	0.0004525393688957075	5.8874306816265034e-05
0.0600758099045	0.0005380619929227305	5.967431057898123e-05
0.0609217711465	0.0005586134903962363	5.9177935177744596e-05
0.0617677249655	0.00075895225895591	6.907973174129955e-05
0.0626136712582	0.00105242323058373	7.920017898735363e-05
0.0634596099216	0.00113101493333352	8.140779301435351e-05
0.0642632444914	0.001505191497458249	9.071497087287199e-05
0.0651937598956	0.0016876056907674784	9.59685553185918e-05
0.0659550835377	0.0017664382035764863	9.622930792801729e-05
0.066843286221	0.0019006243390201553	9.813277457062083e-05
0.0676891851919	0.0017941281579167347	9.412139450903327e-05
0.068535075915	0.001944198369711109	9.558683093021243e-05
0.0693809582874	0.0017861798902115275	9.156255359123607e-05
0.0702268322059	0.0017411497871636513	8.726786936974991e-05
0.0710726975675	0.001460289884854597	7.97140302798271e-05
0.0719185542691	0.0012729001724793004	7.296967898789985e-05
0.0727644022077	0.0010821877922147383	6.72305063545315e-05
0.0736102412801	0.0008678005373700943	6.0093857245714066e-05
0.0744560713834	0.000693228391876536	5.258144057704796e-05
0.0753018924143	0.0005184177187295572	4.5130555218580994e-05
0.07614770427	0.0005039722625400403	4.3919746247176416e-05
0.0769935068473	0.0003341382011066927	3.619163511778833e-05
0.0778393000432	0.0003797762587303915	3.701595974958207e-05
0.0786850837546	0.00029448518785492143	3.280861844000913e-05
0.0795308578785	0.0002559811222311011	3.0101023825334885e-05
0.0803766223118	0.00028508484446965285	3.142531230178955e-05
0.0812223769514	0.0002490668967218727	3.0330998229707945e-05
0.0820681216944	0.00020038537072546026	2.7358544202250854e-05
0.0829138564375	0.00030285099121503606	3.200651969159728e-05
0.0837595810779	0.0002515970034128777	2.9131281349052836e-05
0.0846052955124	0.00021860195269764903	2.6840085516681065e-05
0.0863389777623	0.00016753368388899563	2.3646380343292834e-05
0.0896793620261	0.00012051372156307458	1.850039974687542e-05
0.093061855866	0.00011999521949275049	1.7428005679345035e-05
0.096444168277	8.438290765574072e-05	1.3975725301435234e-05
0.0998262926652	9.60643330406316e-05	1.434643857476634e-05
0.103208222437	0.0001142733951806673	1.5349343476707967e-05
0.106589950999	0.0001237997167380346	1.4914989919413858e-05
0.109971471758	0.0001024766653263829	1.2906769236297982e-05
0.113352778123	0.0001104310267151932	1.3700920120529952e-05
0.1167338635	0.00010617005975015794	1.3481213880351979e-05
0.120114721299	0.0001280568880005438	1.4471339067074277e-05
0.123495344928	0.00010141510907316949	1.3657792698971532e-05
0.126875727796	9.695361522957822e-05	1.2938856735097215e-05
0.147997255433	3.3878160180699674e-05	9.117267068267384e-06
0.169107512505	1.3380513487328906e-05	7.290933516090973e-06
