#Initialized App on 2018-12-25 11:18:03.378495
#Set wavelength to 5.1836 A
#Load data from ../gaussFitting/ES_S14_30K_730mT_ZFC_reduced_in_x_ai_uu_qz_I.xy
#Select data from 0.0038
#Select data above noise threshold of 0.0.
#Applying footprint correction for a equidistributed beam using a sample size of 14 and a beam size of 1.
#Rescaling data by setting mean value between 0.0066 .. 0.0092 (Imean = 0.3523917616872618) to 1.
#Load data from ../gaussFitting/ES_S14_30K_730mT_ZFC_reduced_in_x_ai_dd_qz_I.xy
#Select data from 0.0038
#Select data above noise threshold of 0.0.
#Applying footprint correction for a equidistributed beam using a sample size of 14 and a beam size of 1.
#Rescaling data by renormalization factor 0.3523917616872618.
#[[Data]]
#q / A-1	I / a.u.	sI / a.u.
0.00423112182453	0.484385066453594	0.009103026061704106
0.00507734505523	0.9634834503919838	0.008929267260728537
0.00592356766726	1.0070964613797604	0.012170546020194222
0.00676978955753	1.0041662964632474	0.009935850204893081
0.00761601062293	0.9750082998447228	0.009734015009533909
0.00846223076033	0.9958901009514961	0.009625499818786805
0.00930844986663	0.9825449752124592	0.009493926130596774
0.0101546678387	0.9097891608111732	0.006506239645919448
0.0110008845735	0.7418444384891485	0.005901668869489838
0.0118894107006	0.5632176435026506	0.005360119786431928
0.012651003257	0.41005888320631095	0.003767453895699486
0.0135818369007	0.2629413449784064	0.003255212240089137
0.0143434265804	0.17239778596628288	0.0019910450328872414
0.0152742564811	0.095071561358586	0.0013413268421783003
0.0160358429129	0.04978238191826901	0.0010047119659179727
0.0169666686171	0.02525476431877736	0.0006106612433430166
0.0177282514298	0.013512437910582755	0.0006004680670934337
0.0186590724837	0.007414541950384217	0.0004219735424234102
0.0194206513061	0.006932343674276951	0.00048270140932227344
0.0203091575043	0.006310231514360573	0.0004773096828219071
0.0211553513489	0.008408141795975207	0.00041459539037027725
0.0220015426157	0.00883085826155535	0.00047135040616360746
0.0228477312017	0.009681752727885433	0.000564428632064669
0.0236939170038	0.0088282361798257	0.00035840792473488034
0.0245400999189	0.007404625714024806	0.0003904745086581119
0.0253862798438	0.005708083782574736	0.0002412371946295501
0.0262324566755	0.005494633405245103	0.00032514971211979336
0.0270786303108	0.004325727616733618	0.0002841150443887324
0.0279248006467	0.0030527380951791603	0.00023479028539642169
0.02877096758	0.0015655148340402926	0.0001679381200929455
0.0296171310077	0.0016320868196158795	0.00016806779269392007
0.0304632908267	0.0008885293464149627	0.00012281692141091977
0.0313094469337	0.0006212831885760683	0.00010324039090870465
0.0321555992258	0.0004971015479370447	8.991197567245887e-05
0.0330017475999	0.0006766466489776037	0.00010417656664879695
0.0338478919527	0.000722156494452461	0.00010627641916963059
0.0346940321814	0.0013050492831785858	0.00013792925374355304
0.0355401681826	0.0011674419533084992	0.00012946902724499533
0.0363862998534	0.00148756257309221	0.0001434596886965971
0.0372324270906	0.0014597001272932824	0.0001436104582919066
0.0380785497912	0.0014673096562424289	0.00013879964600707083
0.038924667852	0.0012897938481302178	0.00013023136633917204
0.03977078117	0.0012087688259069696	0.0001244756749493148
0.040616889642	0.0009367656074830785	0.0001086662759204459
0.041462993165	0.0007966162670968806	9.932621277668546e-05
0.0423090916358	0.0005356601322976484	8.135132213261464e-05
0.0431551849514	0.00031151709199553676	6.020858383780699e-05
0.0440012730087	0.0002608053420929965	5.631670503186277e-05
0.0448473557045	0.00019043992675163006	4.836191696537055e-05
0.0456934329358	0.00019016095414191495	5.011181142671513e-05
0.0465395045996	0.0001811149726804385	4.599385968785513e-05
0.0474278737415	0.0003641659622845798	6.089331605471432e-05
0.0481893279396	0.0003930334709808471	6.329852553788096e-05
0.0490776851542	0.0005618045164878109	7.406463756625173e-05
0.0499660357759	0.0007222425518303486	8.344135893022182e-05
0.050727473828	0.0007863684881626928	8.6460431027725e-05
0.0516581135296	0.0008085911923811584	8.633856691604888e-05
0.0524195403539	0.0010597455688519273	9.687941060607965e-05
0.0533501661057	0.0011125835874391055	9.592793368847349e-05
0.054153882021	0.0008252729255035604	8.199690041035513e-05
0.0549998923388	0.0008231171668945548	8.217974805551995e-05
0.0558458959549	0.000704778329572333	7.278690042068363e-05
0.0566918927665	0.0005058638791454012	6.165379557987936e-05
0.0575378826703	0.00043983261793603586	5.662748875159454e-05
0.0583838655633	0.00033219247051493017	4.888722390902232e-05
0.0592298413424	0.00034711586512500934	4.901089210600667e-05
0.0600758099045	0.0003258785932087558	4.573953563592245e-05
0.0609217711465	0.00044190158092061047	5.368139292935067e-05
0.0617677249655	0.0005896695825551456	5.97795792459398e-05
0.0626136712582	0.0006260866905390405	6.08470402243092e-05
0.0634596099216	0.0008173803987155243	6.848931269516802e-05
0.0642632444914	0.0008729678779522957	6.931353760641259e-05
0.0651937598956	0.001145448926255619	7.801196573005395e-05
0.0659550835377	0.0012764707081268296	8.09615751069112e-05
0.066843286221	0.0011765358123097887	7.699114252386545e-05
0.0676891851919	0.0012365317916419134	7.726296891771007e-05
0.068535075915	0.001218849205598571	7.539413130684545e-05
0.0693809582874	0.0011880680124768475	7.342680540319602e-05
0.0702268322059	0.0010903510884400142	7.001624416406408e-05
0.0710726975675	0.0009986894879748306	6.583034916686748e-05
0.0719185542691	0.0008621526424435203	6.075568563717056e-05
0.0727644022077	0.0008729472861258431	5.9621561318297626e-05
0.0736102412801	0.0005814401605388226	4.814642825208051e-05
0.0744560713834	0.0005452509102880811	4.70650093265206e-05
0.0753018924143	0.0003748112099289591	3.8187768167357935e-05
0.07614770427	0.0003261615895351243	3.578430718988011e-05
0.0769935068473	0.0002610436794862938	3.1816204086093655e-05
0.0778393000432	0.00032393341831954165	3.491852065548671e-05
0.0786850837546	0.0002789191479357814	3.2149785381913855e-05
0.0795308578785	0.0002811230949914145	3.1717155460118745e-05
0.0803766223118	0.0002965758908823488	3.1999060577946566e-05
0.0812223769514	0.00028481383101989816	3.182421700270237e-05
0.0820681216944	0.0001613911793320333	2.349891041396991e-05
0.0829138564375	0.00021507405366236082	2.7731640809079823e-05
0.0837595810779	0.00020587052807972164	2.6155484389870102e-05
0.0846052955124	0.00018572607174138095	2.511746430773598e-05
0.0863389777623	0.00011449871329656148	1.936335589024258e-05
0.0896793620261	0.00010341208973648173	1.751341095470079e-05
0.093061855866	0.00012344640943395948	1.8099364924173122e-05
0.096444168277	9.797266431937702e-05	1.446549053415134e-05
0.0998262926652	8.324991729924558e-05	1.3237405418290802e-05
0.103208222437	0.00012076620172485248	1.4955346347446989e-05
0.106589950999	0.00010486623640508281	1.3778810592198692e-05
0.109971471758	0.00012212746233748202	1.423693384209258e-05
0.113352778123	9.11720074512212e-05	1.2390790159774149e-05
0.1167338635	0.00010676385203065314	1.3232975049225064e-05
0.120114721299	0.00013749690308197538	1.4833666629837545e-05
0.123495344928	0.00010266889978463371	1.2659571455444898e-05
0.126875727796	8.067638553744225e-05	1.1456412981762208e-05
0.147997255433	4.540712961445604e-05	8.909702794404157e-06
0.169107512505	3.444418401237204e-05	8.061404768852428e-06
