#Initialized App on 2018-12-25 11:18:03.340702
#Set wavelength to 5.1836 A
#Load data from ../gaussFitting/ES_S14_30K_2mT_FC_Remanence_reduced_in_x_ai_uu_qz_I.xy
#Select data from 0.0038
#Select data above noise threshold of 0.0.
#Applying footprint correction for a equidistributed beam using a sample size of 14 and a beam size of 1.
#Rescaling data by setting mean value between 0.0066 .. 0.0092 (Imean = 0.3470390488496184) to 1.
#Load data from ../gaussFitting/ES_S14_30K_2mT_FC_Remanence_reduced_in_x_ai_dd_qz_I.xy
#Select data from 0.0038
#Select data above noise threshold of 0.0.
#Applying footprint correction for a equidistributed beam using a sample size of 14 and a beam size of 1.
#Rescaling data by renormalization factor 0.3470390488496184.
#[[Data]]
#q / A-1	I / a.u.	sI / a.u.
0.00423112182453	0.9763734501016272	0.013107605291709297
0.00507734505523	1.0036359399892498	0.007514670254826033
0.00592356766726	1.015562014972751	0.010540370116592326
0.00676978955753	1.0056137801635012	0.00737079345332152
0.00761601062293	1.0073135758298044	0.007939184521945555
0.00846223076033	1.0107054447096318	0.00797569722718172
0.00935076079303	0.99962770982687	0.006509562439550084
0.0101123569687	0.9427777509760491	0.006979194212551991
0.0110008845735	0.8736978395984312	0.005675597740022032
0.0118470999679	0.7284273527596081	0.00480505756342446
0.0127356245765	0.5820932390640879	0.003896209607910707
0.013497215741	0.4295495342480018	0.0033002988561489314
0.0144280475699	0.2862317203149197	0.0026567364358812797
0.015189635672	0.18172385579901895	0.00209084978335515
0.0161204635312	0.09748537894687016	0.0010295930792995403
0.0168820481998	0.0526411870046237	0.0008783329685927687
0.0177705615354	0.023769626580478886	0.0007500596859715207
0.0186167624945	0.011353717148145454	0.00047487451497543834
0.0194629611851	0.008873390214178448	0.0004449067057779593
0.0203091575043	0.008194810092487168	0.0004256005210065064
0.0211553513489	0.009517488625411878	0.00043770290549010373
0.0220015426157	0.01181567006246856	0.0003869881514636006
0.0228477312017	0.0125267476798664	0.00038727630347511476
0.0236939170038	0.011738055165559159	0.0005204025327946855
0.0245400999189	0.010817292499054542	0.0004820783152632939
0.0253862798438	0.009132106056956434	0.00039851423192416947
0.0262324566755	0.008134405938921487	0.0004054298802005108
0.0270786303108	0.005664709220811252	0.000255100975793541
0.0279248006467	0.0035793029750328218	0.0003235947089304717
0.02877096758	0.0019360430828380506	0.0002709205212256718
0.0296171310077	0.0008786278403273561	0.00015050179561387832
0.0304632908267	0.0007678458112518338	0.00012877513394570595
0.0313094469337	0.0005486577105117299	9.615632624229599e-05
0.0321555992258	0.000491572059586653	0.0001364976078542871
0.0330017475999	0.0007674147070274073	0.00014687108026879912
0.0338478919527	0.0011238125833182558	0.00014105040963621182
0.0346940321814	0.0010192373485707498	0.00020519304739927773
0.0355401681826	0.0013630741023756704	0.0001555156406142258
0.0363862998534	0.0016786343263994934	0.00019689426946766813
0.0372324270906	0.001360579426335986	0.00015355620693592906
0.0380785497912	0.001902457035277591	0.00019432971656519154
0.038924667852	0.0014943734191270397	0.0001681078835173973
0.03977078117	0.0010353095456865763	0.0001526917509013864
0.040616889642	0.0007701152964945198	0.00016090408322954174
0.041462993165	0.0007815232346303679	0.0001203899104106421
0.0423090916358	0.00038023868045229946	0.00010114135604149204
0.0431551849514	0.00045347735976591685	7.508545210885323e-05
0.0440012730087	0.0003129390532506337	6.308730419638503e-05
0.0448473557045	0.0002003614643092532	6.92141131657162e-05
0.0456934329358	6.187291335421032e-05	6.976160198759322e-05
0.0465395045996	0.0001439235099495776	4.2790573709862015e-05
0.0473855705926	0.00012897916574049884	5.852367353853856e-05
0.0482316308118	0.0002557418373932291	6.422908336652015e-05
0.0490776851542	0.000426972873776544	8.249792089652185e-05
0.0499237335166	0.0004404316474087411	0.00010047860641500934
0.0507697757959	0.0006689628754157856	9.405281655824217e-05
0.0516158118891	0.0006980043335266488	8.206569287925051e-05
0.0524618416931	0.0006365633225779368	0.00010047860641500934
0.0533078651047	0.0009801207418228953	0.00011454042457690336
0.054153882021	0.0010489289640651927	0.00011076563322606706
0.0549998923388	0.0005900461365335636	9.243916529376251e-05
0.0558458959549	0.0006877343653146727	7.382454534994376e-05
0.0567341924266	0.000570992315293795	6.137637845252936e-05
0.0574955833407	0.0005707663464863654	8.984579719013452e-05
0.058426164522	0.00019839448681129504	6.036784641222958e-05
0.059187542724	0.0002335317027540577	4.7285745089483884e-05
0.0600758099045	0.00033137089437399906	6.0223770406472465e-05
0.0609217711465	0.00022358452242537985	6.059836802144096e-05
0.0617677249655	0.0004173219137157027	5.160802526219722e-05
0.0626559683734	0.0004676507169379837	5.520992540612499e-05
0.0634173131712	0.0008366704581587874	6.840728753347638e-05
0.0643055408527	0.0007602339589004729	7.022264520601598e-05
0.0651514639483	0.0010090082691292077	5.835078233163002e-05
0.0659973791054	0.0009994718494929435	5.817789112472149e-05
0.066843286221	0.0011617244841363717	6.229846488937486e-05
0.0676891851919	0.0013095818511101817	7.944350957447108e-05
0.068535075915	0.0011123302731482357	6.2990029717009e-05
0.0693809582874	0.0011464747881222113	7.212444848200985e-05
0.0702268322059	0.001070084940674561	7.151932925782998e-05
0.0710726975675	0.001025168554314954	6.97327867864418e-05
0.0719185542691	0.0009368728420555591	4.656536506069833e-05
0.0727644022077	0.0007373882877107862	4.901465715856922e-05
0.0736102412801	0.0005316456479799474	6.215438888361775e-05
0.0744560713834	0.0004218833600579729	5.0541862819594596e-05
0.0753018924143	0.0003778953418490624	5.849485833738713e-05
0.07614770427	0.0002616754031024075	2.269485242686015e-05
0.0769935068473	0.0003086980969032753	3.488508036871111e-05
0.0778393000432	0.00032224351172210447	3.463923007842585e-05
0.0786850837546	0.0002788210376260268	3.1347965959341245e-05
0.0795308578785	0.0002771612363534916	3.1671364616270575e-05
0.0803766223118	0.00020262642302846815	2.7148631687792154e-05
0.0812223769514	0.00025192914379409075	3.0794154112700076e-05
0.0820681216944	0.0002106038226109562	2.8353719933182156e-05
0.0829138564375	0.0002463450186060928	2.9111728471448954e-05
0.0837595810779	0.00018997377092042618	2.491778360914992e-05
0.0846052955124	0.0001524636319826007	2.2623507874620065e-05
0.0863389777623	0.00013762258472618138	2.3482539329518914e-05
0.0896793620261	0.00010632890588629384	1.81015068209864e-05
0.093061855866	7.718798928908906e-05	1.4924525948618462e-05
0.096444168277	9.744596303845359e-05	1.4045001359550492e-05
0.0998262926652	7.941512274759194e-05	1.29801806702795e-05
0.103208222437	8.566185859644276e-05	1.2871308441389857e-05
0.106589950999	9.238105951296684e-05	1.2222588782301706e-05
0.109971471758	8.506405742165364e-05	1.2566559609117012e-05
0.113352778123	9.400675588480213e-05	1.2606022117256649e-05
0.1167338635	0.00010149126242869119	1.2940196039512451e-05
0.120114721299	0.00010361894254090807	1.2627832154844898e-05
0.123495344928	8.761953683020947e-05	1.2187609010629789e-05
0.126875727796	7.112646452761606e-05	1.1116225020060138e-05
0.147997255433	3.0472112220381414e-05	7.773016126720998e-06
0.169107512505	3.760340398539664e-05	8.153966711815784e-06
