#Initialized App on 2018-12-25 20:29:40.346144
#Set wavelength to 5.1386 A
#Load data from ../reducedData/ES_S14_300K_4mT_Remanence_refl_uu.xy
#Select data from 0.0038
#Select data above noise threshold of 0.0.
#Applying footprint correction for a equidistributed beam using a sample size of 14 and a beam size of 0.5.
#Rescaling data by setting mean value between 0.0066 .. 0.0092 (Imean = 1.2030111396880854) to 1.
#[[Data]]
#q / A-1	I / a.u.	sI / a.u.
0.00409744798274	1.0229832354579773	0.010334042428212925
0.00443890162072	1.0248813998855313	0.009911912381790716
0.00478035517217	1.0127847262921739	0.009460235855273457
0.00512180863042	1.0165937147517825	0.009127700150407885
0.00546326198882	1.0208546473067037	0.008834895569848214
0.00580471524071	1.0157461586035077	0.008525923123281478
0.00614616837943	1.004016516953568	0.008223335960542153
0.00648762139833	1.0041208634821672	0.007987704039349626
0.00682907429075	1.012120991614483	0.007793946957631002
0.00717052705003	1.002714528418096	0.0075544375209779325
0.00751197966952	0.9990531249027875	0.007340034938636366
0.00785343214256	0.999953703887669	0.007159706282015473
0.0081948844625	0.9953592580919676	0.006977961353855777
0.00853633662267	0.996812249549797	0.006815317557117824
0.00887778861642	0.9939861435351995	0.006658410146758323
0.00921924043709	0.9935081978943896	0.006518733054911707
0.00956069207803	0.9828240483416946	0.0063499201289577015
0.00990214353258	0.9584351240270468	0.0061488239711429485
0.0102435947941	0.9195532607737704	0.005897705022791125
0.0105850458559	0.8556898731559559	0.005574424106162782
0.0109264967113	0.7832989046295064	0.005232692334020411
0.0112679473537	0.7078872813031899	0.004887765975714908
0.0116093977765	0.6389077301650233	0.004561681073819796
0.0119508479729	0.5739473210215705	0.004251028333122091
0.0122922979363	0.506019505762274	0.003931099387163789
0.0126337476601	0.4424775646972963	0.003616029821700009
0.0129751971376	0.3834541244070855	0.0033116732296574482
0.0133166463621	0.3254485046315288	0.0030027024776862424
0.013658095327	0.27076118234771873	0.0026991946263682206
0.0139995440256	0.22269412323789417	0.0024154881996191974
0.0143409924513	0.1834702124141776	0.0021618140780670448
0.0146824405975	0.14935612397725412	0.0019254510552524817
0.0150238884573	0.11806209272669156	0.0016911562609615398
0.0153653360243	0.09311117966417193	0.0014819492128587386
0.0157067832917	0.07321274156359138	0.0012970077462019511
0.016048230253	0.05640159317741438	0.0011240748390338945
0.0163896769013	0.04216449511113235	0.000960156443108523
0.0167311232301	0.03168575481837475	0.0008217476735748978
0.0170725692328	0.024398548354197355	0.0007126434524220226
0.0174140149026	0.019132498357881216	0.0006244358959474176
0.0177554602329	0.015350967662364557	0.0005522180788844193
0.018096905217	0.012464911833770928	0.0004922301431540729
0.0184383498484	0.010405702968788058	0.00044483242522178203
0.0187797941202	0.009601913033716757	0.00042157811966157804
0.019121238026	0.009244885428558008	0.0004078255631499289
0.019462681559	0.009180909347099806	0.00040158818464924466
0.0198041247125	0.00937290994390327	0.00040196014790135786
0.02014556748	0.009608682202574518	0.00040099566757121686
0.0204870098547	0.009840013684855126	0.0003995890497754398
0.02082845183	0.009906365974780344	0.0003966675968313157
0.0211698933992	0.01008394448345557	0.0003957536419393167
0.0215113345557	0.010628268378616561	0.0004015714903995239
0.0218527752929	0.010699312323243225	0.0003988296071505834
0.022194215604	0.010405826279775104	0.00038920679950575
0.0225356554824	0.010361133609612664	0.00038430352872055286
0.0228770949215	0.010227431537460797	0.00037802148949408744
0.0232185339146	0.009732189766895532	0.000365583787903437
0.023559972455	0.009291256323136082	0.00035435202836121214
0.0239014105361	0.009067488755443628	0.00034650764497109977
0.0242428481513	0.008580519563076108	0.00033415914235201006
0.0245842852938	0.007742218560382433	0.0003150653345228818
0.024925721957	0.006838104660607205	0.00029431463423308527
0.0252671581343	0.006377486428662606	0.0002818481751298546
0.025608593819	0.005786538786772792	0.00026577356394779034
0.0259500290044	0.005165758243126459	0.00024890684148732325
0.026291463684	0.004825153064448409	0.00023845583873571531
0.0266328978509	0.0041975744705617865	0.0002205060427845079
0.0269743314987	0.0034143347742337303	0.000197812978393554
0.0273157646206	0.002901901309441093	0.00018109460154301082
0.0276571972099	0.002462282922055573	0.00016575606341936097
0.02799862926	0.001922054177994747	0.0001456398636213999
0.0283400607643	0.0015957160630774613	0.00013112746689611485
0.0286814917161	0.0013721589277111937	0.00012117099315572864
0.0290229221087	0.001123855151833886	0.00010937819584922561
0.0293643519355	0.0009324678009762099	9.896386358425847e-05
0.0297057811899	0.000844335313945339	9.336758669168371e-05
0.0300472098651	0.0007382641116907125	8.739765407654468e-05
0.0303886379545	0.0006692483636854372	8.244496776116366e-05
0.0307300654515	0.0006250796555675891	7.967908092000225e-05
0.0310714923494	0.0006209229204623195	7.839845509286958e-05
0.0314129186415	0.0007326104916225004	8.291068401158994e-05
0.0317543443212	0.0007863896108898972	8.544712723464273e-05
0.0320957693819	0.000855479704507689	8.89171758512849e-05
0.0324371938168	0.0009561369982674184	9.37904349831995e-05
0.0327786176193	0.0010383271999113155	9.70673320087167e-05
0.0331200407828	0.0011132392209347354	9.862393090843322e-05
0.0334614633007	0.0012929281098373053	0.00010567463175897354
0.0338028851661	0.0014450398353742986	0.00011097778076090637
0.0341443063726	0.0013498317796511174	0.00010627285917694683
0.0344857269134	0.0013465934826446403	0.00010556790719535963
0.0348271467819	0.0014742028610437144	0.00010953432775367209
0.0351685659714	0.0015357186511413853	0.00011090034319403097
0.0355099844753	0.0015559458362343747	0.00011053189335260081
0.0358514022869	0.0016312450002581216	0.00011182457303454628
0.0361928193995	0.0015482182283560566	0.00010871099071380421
0.0365342358066	0.001382142174148605	0.0001024022281147576
0.0368756515014	0.001387673333480911	0.00010153642082208368
0.0372170664773	0.0013699135223523185	0.00010011452946732759
0.0375584807276	0.0012228090176691745	9.42608500763044e-05
0.0378998942457	0.0011097446783389483	8.944125386941178e-05
0.038241307025	0.0011122126935508645	8.86518507544161e-05
0.0385827190587	0.0010517847654688156	8.558202594880855e-05
0.0389241303402	0.0009280054815779818	7.990861590439775e-05
0.0392655408628	0.0007823651748634916	7.315896767788168e-05
0.03960695062	0.0006128725418462044	6.479830869376089e-05
0.039948359605	0.0005044253330888916	5.868354715744069e-05
0.0402897678112	0.0004510070314342947	5.525400569135404e-05
0.0406311752319	0.00039005215103285696	5.1324930854671595e-05
0.0409725818605	0.0003028465392764847	4.586837865211029e-05
0.0413139876903	0.0002173365270541654	3.97693530687406e-05
0.0416553927147	0.00014596689339432556	3.275165423154853e-05
0.0419967969269	0.00011955884628370721	3.0110866072705975e-05
0.0423382003205	0.00011146523410932575	2.886699042564373e-05
0.0426796028886	8.324139858187463e-05	2.4510598426058098e-05
0.0430210046247	8.678130627407198e-05	2.4498747542350685e-05
0.043362405522	0.00010706603074777474	2.7198171161459276e-05
0.043703805574	0.00013814311835826803	3.061352910669517e-05
0.0440452047739	0.00016960791893239988	3.327808834499464e-05
0.0443866031152	0.0002050640939889608	3.569472519967445e-05
0.0447280005911	0.00024101168190474823	3.7946240941209156e-05
0.045069397195	0.00028827069080722254	4.0715864298949656e-05
0.0454107929203	0.0003660306617592082	4.530957096098642e-05
0.0457521877603	0.00043711289004489903	4.941515074118639e-05
0.0460935817083	0.00046129368525032923	5.071261970993926e-05
0.0464349747577	0.0005164936052406488	5.341534042183083e-05
0.0467763669018	0.0005893862670016013	5.643173769378869e-05
0.047117758134	0.0006077361447557987	5.678905721222932e-05
0.0474591484476	0.0006334705173256698	5.7627630839713016e-05
0.0478005378359	0.0006188241415157741	5.6737895447347004e-05
0.0481419262924	0.000659171151862313	5.8080292512375215e-05
0.0484833138103	0.000746849199426128	6.129986652770034e-05
0.048824700383	0.0008017657726355529	6.311982786879046e-05
0.0491660860039	0.0008184080579293174	6.351329378441032e-05
0.0495074706662	0.0007802111670984634	6.183884911990523e-05
0.0498488543633	0.0007503282953066893	6.028725510525048e-05
0.0501902370887	0.0006727953949646697	5.6619127518104957e-05
0.0505316188355	0.0006313400353654456	5.443037475252787e-05
0.0508729995972	0.0006624261747215658	5.568854852158041e-05
0.0512143793671	0.0006311345922018713	5.446325556754806e-05
0.0515557581386	0.0005164992835600847	4.942618141377377e-05
0.0518971359049	0.00042161938043580187	4.4344405639641134e-05
0.0522385126595	0.00040819810877657344	4.3522478944743424e-05
0.0525798883956	0.00041843405533935487	4.383248500491934e-05
0.0529212631067	0.0003836890777819093	4.1206713734443765e-05
0.0532626367861	0.0003283128087372304	3.793402382506733e-05
0.0536040094271	0.00025666185596243075	3.354503367405525e-05
0.053945381023	0.00019558794302649104	2.961709875397983e-05
0.0542867515673	0.00018359231407623228	2.8756639877680515e-05
0.0546281210532	0.00014991460205578477	2.6015352412966e-05
0.0549694894741	0.00011502844309767152	2.3324573578531827e-05
0.0553108568234	0.00012846479750785376	2.4907151863651117e-05
0.0556522230943	0.00016451534294689547	2.713537819457995e-05
0.0559935882802	0.0001746499207679247	2.7605936568644877e-05
0.0563349523746	0.00016204723585738987	2.6421548851135855e-05
0.0566763153706	0.00018319131854953753	2.7972064592942224e-05
0.0570176772618	0.00022337426625083676	3.058215008685833e-05
0.0573590380413	0.0002562392343695491	3.2180815145971495e-05
0.0577003977026	0.00029238436016595004	3.391735498729098e-05
0.058041756239	0.00032433060377887846	3.5878740944752396e-05
0.0583831136438	0.00034309849024619245	3.666906818758749e-05
0.0587244699105	0.00037633676495681866	3.790277383625939e-05
0.0590658250322	0.0004075486518975506	3.931559987325126e-05
0.0594071790025	0.0004207686892760966	3.983448021463426e-05
0.0597485318146	0.00048634618281577583	4.231600328767913e-05
0.0600898834618	0.0005572807670317772	4.491125498266669e-05
0.0604312339376	0.0005147884703039489	4.326430482630705e-05
0.0607725832352	0.000524907852919579	4.3609170170910975e-05
0.061113931348	0.00063159162077225	4.716447562349183e-05
0.0614552782694	0.0006356191323265701	4.72698810871677e-05
0.0617966239927	0.0006436810627131561	4.800711786746202e-05
0.0621379685112	0.0006986936122666466	4.960492592677068e-05
0.0624793118183	0.0007314340547105779	5.016891695862422e-05
0.0628206539074	0.0007276526727512077	4.9745964537144096e-05
0.0631619947717	0.0007049273483288954	4.879147112616222e-05
0.0635033344047	0.0007128032051781995	4.8981733466224514e-05
0.0638446727996	0.0007563958477668175	5.004175139035383e-05
0.0641860099498	0.0007836926005727379	5.052786927589872e-05
0.0645273458487	0.0007495245473349281	4.918476322293345e-05
0.0648686804896	0.0007263477522900223	4.829069577999246e-05
0.0652100138659	0.0006956322223730658	4.726001567273882e-05
0.0655513459708	0.0006247972545915917	4.488644984785789e-05
0.0658926767978	0.0005683048926549188	4.277428554124352e-05
0.0662340063402	0.0005488103911108646	4.18212638614824e-05
0.0665753345913	0.0005643732627247854	4.192273640583522e-05
0.0669166615445	0.0005570177079514377	4.137528721461934e-05
0.0672579871931	0.0004902980567897734	3.8817022527972e-05
0.0675993115305	0.0004423725179774377	3.6812504492408345e-05
0.06794063455	0.0004521650348023727	3.7049167902858504e-05
0.068281956245	0.00040999774252647444	3.5074697956483885e-05
0.0686232766088	0.0003463546964872197	3.210253015805514e-05
0.0689645956347	0.00035920074201886335	3.252505359762446e-05
0.0693059133162	0.0003416997837025295	3.170781541749143e-05
0.0696472296464	0.00029951361489758977	2.9595218611486156e-05
0.0699885446189	0.000283979078186066	2.8773215931899467e-05
0.0703298582269	0.000264579958344256	2.79450136199629e-05
0.0706711704638	0.0002254761732013141	2.5830118641051056e-05
0.0710124813229	0.00018373364490797544	2.3121306183914788e-05
0.0713537907976	0.00017251955166238357	2.211375353036829e-05
0.0716950988812	0.00017534420229498992	2.2141204905792478e-05
0.0720364055671	0.00016219472519780605	2.1281875986680195e-05
0.0723777108486	0.000132567352731721	1.9356935860851138e-05
0.0727190147191	0.0001263332050014509	1.9211662756748722e-05
0.0730603171718	0.00013283908140325186	1.9350576343450944e-05
0.0734016182002	0.0001346997101639053	1.9203257113416914e-05
0.0737429177977	0.00013364172740050167	1.9143671810479456e-05
0.0740842159574	0.00014078234008670372	1.9481950809961674e-05
0.0744255126729	0.00013665423556983463	1.9329297499224295e-05
0.0747668079373	0.00011244659203427967	1.7669007486617097e-05
0.0751081017442	0.0001094632162923563	1.7287249142900367e-05
0.0754493940868	0.00010972118396131846	1.7312959529152632e-05
0.0757906849585	0.00010087906723569415	1.6658641442358246e-05
0.0761319743525	9.499262809076085e-05	1.6018076042072017e-05
0.0764732622624	8.797854178890723e-05	1.536443293254039e-05
0.0768145486814	7.582440260070723e-05	1.4134780082716881e-05
0.0771558336028	6.632292698263037e-05	1.3328409797294304e-05
0.07749711702	7.074889292977692e-05	1.3670374509462622e-05
0.0778383989264	8.452666485371623e-05	1.4662624514634222e-05
0.0781796793153	8.885123832062576e-05	1.5181509884468314e-05
0.0785209581801	8.56307422376637e-05	1.4952806827203442e-05
0.078862235514	7.051903429627114e-05	1.3595616770653565e-05
0.0792035113105	6.329173739182653e-05	1.2941961620124082e-05
0.0795447855628	6.939217942637552e-05	1.3840379350860194e-05
0.0798860582644	5.995432635421031e-05	1.289302122648715e-05
0.0802273294086	5.271056405443922e-05	1.1578362936089034e-05
0.0805685989887	5.396290988574666e-05	1.1484840032841653e-05
0.0809098669981	5.1585150336517284e-05	1.1170083978294252e-05
0.0812511334301	5.2084769241995065e-05	1.1199340866390033e-05
0.081592398278	5.522687454929364e-05	1.1662298459524779e-05
0.0819336615353	5.810472392131032e-05	1.1827247913668487e-05
0.0822749231953	5.264446967292899e-05	1.1563626550479499e-05
0.0826161832512	4.0980550885925334e-05	1.072947650128569e-05
0.0829574416965	3.781980073202058e-05	9.853891010097662e-06
0.0832986985245	3.823003493281253e-05	9.776197378011971e-06
0.0836399537286	3.566555902526835e-05	9.705508215754077e-06
0.083981207302	2.9607451472264927e-05	8.793935978345068e-06
0.0843224592382	3.4666355565494884e-05	9.18629750693941e-06
0.0846637095305	3.205796298414009e-05	9.397682867105443e-06
0.0850049581722	2.678820438045686e-05	9.150827215725418e-06
0.0853462051567	3.29263600893146e-05	9.330853026902528e-06
0.0856874504773	4.1273656003701795e-05	1.0022771634618567e-05
0.0860286941275	4.28633019996274e-05	1.0201410080141691e-05
0.0863699361004	4.491850578896356e-05	1.028240027920604e-05
0.0867111763895	4.317605414093707e-05	1.0378409280390042e-05
0.0870524149881	3.330368332598373e-05	9.545798146532204e-06
0.0873936518896	3.549591328678111e-05	9.56462463712792e-06
0.0877348870874	4.038972079876014e-05	9.970999933974095e-06
0.0880761205746	3.859981659308645e-05	9.703179280473298e-06
0.0884173523448	3.245837403070452e-05	9.041496819489281e-06
0.0887585823913	3.184208408887386e-05	8.810265870811512e-06
0.0890998107073	3.2351853880497744e-05	8.613672763567868e-06
0.0894410372864	2.643511056975374e-05	7.914143385154802e-06
0.0897822621217	2.181814764475531e-05	7.427572489999359e-06
0.0901234852066	2.3294261253196557e-05	7.696771273664795e-06
0.0904647065346	2.9989636259107467e-05	8.562969818443174e-06
0.0908059260989	3.0076340268786913e-05	9.12938185006964e-06
0.0911471438929	2.8880649102890515e-05	8.934611110739037e-06
0.0914883599099	3.731403777760428e-05	9.175784329197535e-06
0.0918295741433	3.511554826387813e-05	9.344274183624448e-06
0.0921707865865	3.183296942955089e-05	8.959734840771859e-06
0.0925119972327	2.731904823850693e-05	7.976462290264391e-06
0.0928532060754	2.5712673386648902e-05	7.736288908524207e-06
0.0931944131078	2.9925427112365877e-05	8.337658108054292e-06
0.0935356183234	2.8098266986010005e-05	8.065934973790752e-06
0.0938768217155	3.298527653599998e-05	8.493790135932853e-06
0.0942180232773	3.1733667077013266e-05	8.45753286202988e-06
0.0945592230024	1.9794114743753806e-05	7.194220812281076e-06
0.0949004208839	2.130810862328865e-05	7.410891025515828e-06
0.0952416169154	2.8377533095039645e-05	7.937018728285153e-06
0.09558281109	2.6817781279120037e-05	7.691587270354884e-06
0.0959240034012	2.6428490391903963e-05	7.854154265894683e-06
0.0962651938423	2.7223515281655174e-05	8.344471615285926e-06
0.0966063824067	2.5269368584053085e-05	8.050487702359152e-06
0.0969475690877	2.599440765345534e-05	7.898424675580007e-06
0.0972887538787	3.0076158117356415e-05	8.152882714197478e-06
0.0976299367729	3.147621557786895e-05	8.024625162451113e-06
0.0979711177638	3.551455278051499e-05	8.751338944151149e-06
0.0983122968447	3.235103453106075e-05	8.515532389297841e-06
0.098653474009	3.116967477202437e-05	8.113571594840544e-06
0.09899464925	2.7155788466240042e-05	7.344919878498371e-06
0.099335822561	8.74226488802659e-06	4.086741361326641e-06
