#Data reduced with Dominiques SARed v. 1.0
#wavelength: 5.1386
#q/A-1 	 Icorr/a.u. 	 sIcorr /a.u. 	Ispec/a.u. 	 sIspec/a.u. 	 Ibg/a.u. 	 sIbg/a.u. 	 2th/°
0.0	0.0015212505167766421	0.00047843532841549546	0.0030247821073811467	0.0001384249888231756	0.0015035315906045045	0.00045797258208908826	0.0
0.00034145415721603483	0.006265363651932654	0.0012465552948262362	0.011140629934318826	0.00026567050814240155	0.004875266282386172	0.0012179159594005995	0.016000000000000014
0.000682908307775245	0.010315793293860679	0.0016704244129801568	0.01704089432139717	0.0003284548205109696	0.006725101027536491	0.0016378141379177335	0.03200000000000003
0.0010243624450208065	0.007445920373202787	0.0014731311644342214	0.013756241040913556	0.0002948393406947249	0.006310320667710769	0.0014433243539849333	0.04800000000000004
0.0013658165622958943	0.0032754982569974736	0.0011232543410902393	0.008197697857193167	0.00022722294697568115	0.004922199600195694	0.0011000318391509196	0.06400000000000006
0.0017072706529436851	0.0046921758193207135	0.0007551268570742184	0.00789757960307588	0.00022250197331067194	0.003205403783755166	0.0007216019970507593	0.08000000000000007
0.002048724710307356	0.010103847077581975	0.0006430397245246325	0.012367705703217541	0.0002780144783552723	0.0022638586256355673	0.0005798344911624015	0.09600000000000009
0.002390178727730083	0.017784918828406694	0.0007271777219110946	0.01995460284633915	0.0003528125033742451	0.002169684017932456	0.0006358543675297098	0.1120000000000001
0.002731632698555046	0.025001854395475673	0.000823820927709529	0.027478635725617456	0.00041360060691162114	0.0024767813301417837	0.0007124713740877789	0.1280000000000001
0.003073086616125423	0.030563603996535026	0.0009655439036416914	0.0336172912695029	0.0004570393892153014	0.0030536872729678734	0.0008505233839027239	0.14400000000000013
0.0034145404737843947	0.03509648722819467	0.0011001310117419157	0.038837735477181834	0.0004907976205262315	0.0037412482489871646	0.0009845841450491066	0.16000000000000014
0.0037559942648751404	0.03849095188753614	0.0012141630268272079	0.042911032098303624	0.0005153542153482672	0.00442008021076749	0.0010993643110620696	0.17600000000000016
0.004097447982740846	0.04118430630367207	0.0013246810929648594	0.04621225971201356	0.0005341525274841607	0.005027953408341487	0.0012122132961821766	0.19200000000000017
0.0044389016207246924	0.04376844761228573	0.001437626250282141	0.049414859373302755	0.0005515716676539776	0.005646411761017027	0.0013276060902774206	0.20800000000000018
0.004780355172169867	0.04697950832302941	0.0015830046005568983	0.053263057973400016	0.000571807832344035	0.006283549650370605	0.001476123087094813	0.2240000000000002
0.005121808630419555	0.050596718134991815	0.0016719553232152464	0.05729347329533495	0.0005922349258538801	0.006696755160343135	0.0015635512129209739	0.2400000000000002
0.005463261988816949	0.05356967480003126	0.0017396052781296666	0.06073787909968785	0.0006089971654825295	0.007168204299656591	0.0016295241563508162	0.2560000000000002
0.005804715240705238	0.05683657510458679	0.0018348445897754851	0.06452299320406721	0.000626967733157067	0.007686418099480419	0.0017244031228828881	0.27200000000000024
0.006146168379427613	0.05987874266835633	0.0019262435463117125	0.06808069364753817	0.0006432434187226146	0.008201950979181843	0.0018156685005742555	0.28800000000000026
0.006487621398327273	0.062291724127888026	0.002067105086644916	0.07114983926816873	0.0006566854937531081	0.008858115140280703	0.0019600223472010523	0.30400000000000027
0.006829074290747414	0.06569625791140075	0.0021750469261669243	0.07511049845395712	0.000673684545527829	0.009414240542556369	0.002068085652033094	0.3200000000000003
0.007170527050031234	0.06932596324724885	0.0022283713276948754	0.07913213294362004	0.0006904659792940905	0.009806169696371183	0.0021187013724284207	0.3360000000000003
0.007511979669521937	0.07215024201491221	0.0023097423637812716	0.08243298619914186	0.0007038742477564397	0.010282744184229649	0.0021998797308923966	0.3520000000000003
0.00785343214256273	0.0740189172284334	0.0023899980356317445	0.08477141182210259	0.0007131614327952123	0.010752494593669183	0.0022811162576898787	0.3680000000000003
0.008194884462496822	0.07459835545589727	0.002470867592411112	0.0858179738040581	0.000717061644019239	0.011219618348160838	0.0023645315091797596	0.38400000000000034
0.00853633662266742	0.0745985745563319	0.0025355882968123144	0.08635959064657746	0.0007187105617441162	0.011761016090245564	0.0024315968291164203	0.40000000000000036
0.008877788616417743	0.07211520135344296	0.002620700783386789	0.08440349901286523	0.0007096776916703188	0.012288297659422277	0.002522782228015256	0.41600000000000037
0.009219240437091004	0.06848975876188526	0.002779302371329633	0.08148543816421175	0.0006962383659914007	0.01299567940232649	0.002690682777474919	0.4320000000000004
0.009560692078030425	0.06982262270807789	0.002930526006354491	0.08353609151895064	0.0007038556941341342	0.013713468810872747	0.002844744247863937	0.4480000000000004
0.009902143532579236	0.07704816762903957	0.0030989133913619225	0.09144352397736402	0.0007355013847762748	0.01439535634832445	0.0030103657452466522	0.4640000000000004
0.010243594794080657	0.08736819534596467	0.0033301477408672927	0.10277492063977997	0.0007789399170159157	0.015406725293815296	0.0032377672216641474	0.4800000000000004
0.010585045855877929	0.0963893929845674	0.003629494445814076	0.11331518935295402	0.000817062287033141	0.01692579636838662	0.0035363313124343143	0.49600000000000044
0.010926496711314277	0.10125124794623144	0.0039895221812814375	0.12003316409174308	0.000839986564355086	0.01878191614551164	0.003900090999789561	0.5120000000000005
0.011267947353732948	0.10294766997767273	0.004134818907852256	0.12279377000591013	0.000848537849663104	0.019846100028237404	0.0040468149103241235	0.5280000000000005
0.011609397776477185	0.10227179194469892	0.0038997801875337206	0.12133001136135779	0.000842397753912972	0.019058219416658875	0.00380770948672334	0.5440000000000005
0.011950847972890236	0.09693503634433724	0.0033308385031885226	0.11351161234587484	0.0008138167468714058	0.0165765760015376	0.003229889694220965	0.5600000000000005
0.01229229793631535	0.08388949584788813	0.0027856286591454267	0.09771073940205537	0.0007541611425507228	0.013821243554167244	0.002681598030600212	0.5760000000000005
0.012633747660095791	0.06552050908317159	0.0024641577249900626	0.07741320211905853	0.0006704201986811457	0.011892693035886942	0.0023712043460715347	0.5920000000000005
0.012975197137574815	0.04718203595977413	0.002253037288830465	0.05781816691864258	0.0005785082009628289	0.010636130958868449	0.0021774997787093534	0.6080000000000005
0.01331664636209569	0.033942843332348885	0.0020531536030870406	0.043777893234675215	0.0005025912773512628	0.00983504990232633	0.001990688756636688	0.6240000000000006
0.013658095327001692	0.028604574637836937	0.001964280420218036	0.03824700051100546	0.0004690940606196595	0.009642425873168528	0.0019074454989706266	0.6400000000000006
0.013999544025636088	0.030743694192750783	0.0021576697564412734	0.041117551165881915	0.00048579926657275587	0.010373856973131132	0.0021022696902297565	0.6560000000000006
0.01434099245134217	0.041455170682329824	0.002609816104508483	0.053399505504904306	0.0005530599715423657	0.011944334822574483	0.0025505420536092696	0.6720000000000006
0.01468244059746322	0.06135214749304546	0.0029974868483965966	0.0748591987681079	0.0006542726421222764	0.013507051275062437	0.0029252102003242257	0.6880000000000006
0.015023888457342531	0.08589069882812665	0.003265549484266997	0.10090574006641945	0.0007590353745811558	0.01501504123829279	0.0031761106300522493	0.7040000000000006
0.015365336024323401	0.10511893604220607	0.0032805911368040987	0.12092075858608554	0.0008301649147238635	0.015801822543879476	0.0031738154359129216	0.7200000000000006
0.015706783291749137	0.10772689454644936	0.0030750916510034884	0.12291905206213281	0.0008362323151703054	0.015192157515683449	0.002959206680368283	0.7360000000000007
0.016048230252963046	0.09025834078181985	0.002772170893337522	0.10380948333856227	0.0007677053655092064	0.013551142556742418	0.002663749224990245	0.7520000000000007
0.016389676901308443	0.06230156777590264	0.002380708918145901	0.07321369788940302	0.0006440071256689489	0.010912130113500375	0.0022919489032321477	0.7680000000000007
0.01673112323012865	0.03669687301829701	0.0018996209244420614	0.04491263852684478	0.0005037543157627454	0.00821576550854777	0.0018316089227584911	0.7840000000000007
0.017072569232766996	0.019969004910271114	0.0013622595956950389	0.0259233346493875	0.00038212702482862175	0.005954329739116386	0.0013075664965724828	0.8000000000000007
0.017414014902566815	0.011098174056397927	0.0009467657729482379	0.015293452204494828	0.00029302570406646695	0.0041952781480969	0.0009002784933467119	0.8160000000000007
0.017755460232871452	0.006739819927868955	0.0006319853430014537	0.009715075156090758	0.00023316846756057892	0.0029752552282218034	0.0005873993015863368	0.8320000000000007
0.018096905217024246	0.0047932332577927715	0.0004463121537473924	0.006968004390089112	0.00019721930254600515	0.0021747711322963404	0.0004003736820595271	0.8480000000000008
0.01843834984836856	0.003570696677592055	0.0003728299872986102	0.005396967422955196	0.00017338636116330581	0.001826270745363141	0.0003300596449001749	0.8640000000000008
0.018779794120247748	0.0028776169858446147	0.000356007978806903	0.0046202853075906075	0.00016022359501957398	0.0017426683217459929	0.00031791520972293834	0.8800000000000008
0.01912123802600518	0.0034129207262758327	0.0003963482293544794	0.005251811165198423	0.0001705406206591759	0.0018388904389225903	0.0003577817988909079	0.8960000000000008
0.019462681558984233	0.005587851297169752	0.00048401414391509854	0.00765445107448326	0.0002055653463923616	0.0020665997773135084	0.00043819240051882927	0.9120000000000008
0.019804124712528293	0.010157062659496622	0.000559409446156991	0.012465457334610982	0.0002620095586024301	0.0023083946751143603	0.0004942569368765917	0.9280000000000008
0.020145567479980742	0.01639778683177965	0.0005995454104454118	0.018768319850932295	0.0003212424831938514	0.0023705330191526462	0.0005062192866511562	0.9440000000000008
0.02048700985468498	0.02117595744877552	0.0005868563110504988	0.023430309173948782	0.0003586850630453023	0.0022543517251732616	0.00046448396675018546	0.9600000000000009
0.02082845182998442	0.021571673277552012	0.0005617937266721327	0.02369898002635533	0.0003605022189502177	0.0021273067488033178	0.00043087160669987555	0.9760000000000009
0.02116989339922247	0.017303411720136407	0.0005377021468708642	0.01930569802087473	0.0003251418306085859	0.002002286300738323	0.00042825972112496655	0.9920000000000009
0.021511334555742535	0.011344681420988816	0.0004948966473031215	0.013105296317874868	0.00026765175490187445	0.0017606148968860528	0.00041627542518123405	1.008000000000001
0.02185277529288807	0.006648662793096144	0.0004052668874522215	0.008095997397521133	0.0002101329545000757	0.0014473346044249886	0.00034653339160646654	1.024000000000001
0.022194215604002494	0.004110784817130956	0.00031303308902571936	0.005304795791825433	0.00016981593265040393	0.0011940109746944763	0.00026296818028624186	1.040000000000001
0.02253565548242926	0.0029122772607476713	0.000252159894529842	0.00393242803195652	0.0001459594762115342	0.0010201507712088488	0.00020562208955595117	1.056000000000001
0.022877094921511826	0.002395364845533996	0.0002184293836559683	0.003299142059868306	0.00013347624014996257	0.00090377721433431	0.00017290312015621844	1.072000000000001
0.023218533914593643	0.002360439758548072	0.0002061567712231405	0.003182581351561347	0.00013089087080323702	0.0008221415930132752	0.0001592739597722133	1.088000000000001
0.023559972455018188	0.002395985548237515	0.00021053216143256375	0.0032321014874824913	0.00013171768688452175	0.000836115939244976	0.0001642383693272013	1.104000000000001
0.02390141053612894	0.00264728376549522	0.0002443191047486635	0.0036348933297359483	0.00013947995417604842	0.0009876095642407283	0.00020059204203615814	1.120000000000001
0.024242848151269387	0.0036923924182703308	0.0003510710506549032	0.005087592954799495	0.00016478068188583583	0.0013952005365291643	0.0003099971120594135	1.136000000000001
0.024584285293783033	0.006414954972954268	0.0005042570948621278	0.008330981229928165	0.00021063867383357452	0.0019160262569738965	0.00045815561417975227	1.152000000000001
0.024925721957013376	0.011764040029926849	0.0006465227880224835	0.014119753417526347	0.0002739973829342564	0.0023557133875994987	0.0005855912820197579	1.168000000000001
0.02526715813430394	0.019299203507874122	0.0007588993122038955	0.021995994811521438	0.00034176611596817345	0.002696791303647317	0.0006775869597620476	1.184000000000001
0.025608593818998247	0.027239321980830768	0.0007706173261905888	0.030072230689266073	0.00039932987676449296	0.002832908708435306	0.0006590802022124373	1.200000000000001
0.025950029004439837	0.03178041279666717	0.0007369612688786106	0.03450310340628819	0.000427414680431895	0.002722690609621023	0.0006003570627372289	1.216000000000001
0.026291463683972244	0.02974070986736087	0.0007018392402050104	0.03220356213458071	0.0004125777788068309	0.002462852267219842	0.0005677657047817946	1.232000000000001
0.026632897850939034	0.023122000092586737	0.0006777023495022354	0.02528431972626154	0.00036525022299827654	0.002162319633674804	0.0005708526509709483	1.248000000000001
0.02697433149868377	0.0159743221060851	0.0006034590284022607	0.017764355311216493	0.0003058815955993104	0.001790033205131391	0.0005201915497524162	1.2640000000000011
0.027315764620550024	0.009974711213524397	0.00046929541811493655	0.011367102039124171	0.0002444246639914855	0.001392390825599775	0.0004006179889824251	1.2800000000000011
0.02765719720988138	0.005973971691609652	0.00034951233400648025	0.006998331045741496	0.00019154427859762062	0.0010243593541318433	0.000292351947076079	1.2960000000000012
0.027998629260021446	0.0039611932671801174	0.0002628537547079131	0.004712751114195655	0.0001569628046200493	0.0007515578470155375	0.00021084300872890234	1.3120000000000012
0.02834006076431381	0.002857898829404142	0.0001981044592420218	0.003432801364675403	0.00013377099600802306	0.0005749025352712611	0.00014611877839140096	1.3280000000000012
0.028681491716102115	0.0022438665673229956	0.00015137039401416565	0.0026685501743725377	0.00011779989228479675	0.0004246836070495421	9.505883210777438e-05	1.3440000000000012
0.02902292210872996	0.0017372361532485099	0.00012278903848572366	0.0020594905885998782	0.0001033805290080462	0.0003222544353513684	6.625416359946777e-05	1.3600000000000012
0.029364351935540996	0.0013943802473794671	0.00010881730025497564	0.0016674173973478255	9.291562496126284e-05	0.00027303714996835827	5.663825096910631e-05	1.3760000000000012
0.02970578118987888	0.0011756509398112114	9.773324228657673e-05	0.0014082389750894194	8.528345588762979e-05	0.00023258803527820792	4.773383286212637e-05	1.3920000000000012
0.03004720986508726	0.0009756840294779674	8.587848062553715e-05	0.0011644658775845492	7.744816565379814e-05	0.00018878184810658188	3.7106536774705895e-05	1.4080000000000013
0.030388637954509818	0.0008152232496170996	8.522567668670356e-05	0.0010199434632041674	7.240262169139859e-05	0.00020472021358706785	4.495860695037988e-05	1.4240000000000013
0.03073006545149023	0.0007813312444880007	8.66558633416759e-05	0.0009994820541539815	7.15928248494123e-05	0.00021815080966598076	4.8823212528187686e-05	1.4400000000000013
0.0310714923493722	0.0009555267160166704	8.7234067723482e-05	0.0011539930422129587	7.68580222531596e-05	0.00019846632619628836	4.126290085437363e-05	1.4560000000000013
0.03141291864149943	0.0011384946663694087	9.117744141496159e-05	0.0013296844715353574	8.243849146663642e-05	0.0001911898051659486	3.8951520479745945e-05	1.4720000000000013
0.03175434432121564	0.0011893807818749943	9.227247144899962e-05	0.0013802313368891444	8.39264491177846e-05	0.00019085055501415012	3.834788293747599e-05	1.4880000000000013
0.03209576938186455	0.0010692288373477677	8.983644650046159e-05	0.0012594083265011677	8.010893543855486e-05	0.00019017948915340006	4.0658893033772415e-05	1.5040000000000013
0.03243719381678992	0.000894252786959433	8.43321562359132e-05	0.0010777147979205912	7.403732866040977e-05	0.0001834620109611582	4.03780452749875e-05	1.5200000000000014
0.032778617619335496	0.0007530970294066833	7.817958809884792e-05	0.0009299108233566382	6.869876689811797e-05	0.00017681379394995483	3.7316583739452575e-05	1.5360000000000014
0.03312004078284504	0.0006400094861816693	7.308413045441552e-05	0.0008102730703670544	6.406341605441607e-05	0.00017026358418538508	3.517341109015177e-05	1.5520000000000014
0.033461463300662346	0.0005833071370460062	7.08334837490987e-05	0.0007541916214243662	6.174439051975553e-05	0.00017088448437835998	3.471329225783335e-05	1.5680000000000014
0.03380288516613119	0.0005835948274815087	7.075386483757309e-05	0.0007560946286945148	6.175433385021983e-05	0.00017249980121300615	3.453276183813214e-05	1.5840000000000014
0.03414430637259539	0.0006324070083497109	7.339195096804681e-05	0.0008136353552279649	6.399154120888277e-05	0.00018122834687825411	3.5936904716573e-05	1.6000000000000014
0.03448572691339876	0.0007230399929460691	7.833102072870066e-05	0.0009242489159473827	6.811085224626042e-05	0.0002012089230013136	3.868669816213596e-05	1.6160000000000014
0.03482714678188512	0.0008260226875012435	8.651218847781274e-05	0.0010598601244838615	7.282914751659135e-05	0.000233837436982618	4.669340453669203e-05	1.6320000000000014
0.035168565971398336	0.0010366668238306293	0.00010315423659991342	0.0013371490164299235	8.169534752327216e-05	0.0003004821925992943	6.298147919478158e-05	1.6480000000000015
0.035509984475282245	0.0014455556505988533	0.00013322380141298865	0.0018517042013722592	9.603693484075457e-05	0.0004061485507734059	9.233357140997035e-05	1.6640000000000015
0.035851402286880725	0.0020776958144802715	0.0001683272654073144	0.002605475291197347	0.00011378967019535295	0.0005277794767170752	0.0001240402323294231	1.6800000000000015
0.03619281939953766	0.0031583499411597152	0.0002112642853425385	0.0038366308204535716	0.0001379194679547701	0.0006782808792938564	0.0001600338046175453	1.6960000000000015
0.036534235806596954	0.0047871583084197035	0.0002503714757824053	0.005580791650678456	0.00016618461766548432	0.0007936333422587526	0.00018726598392883946	1.7120000000000015
0.036875651501402505	0.006527964385309546	0.0002744336802545984	0.007380743948541197	0.00019094749254405072	0.0008527795632316512	0.00019711138969938507	1.7280000000000015
0.03721706647729824	0.007958323576764719	0.0002940996022241522	0.008837431368231723	0.00020875000244812946	0.0008791077914670033	0.0002071666298087375	1.7440000000000015
0.037558480727628116	0.008542544421318238	0.00028742883295830807	0.009332986177997396	0.00021433149103692017	0.0007904417566791587	0.00019151330493118637	1.7600000000000016
0.03789989424573607	0.007700819816847245	0.0002722382553582492	0.00842846610312169	0.00020348365432555293	0.0007276462862744462	0.00018085372570898883	1.7760000000000016
0.038241307024966066	0.0061478875756254756	0.00025776881690719506	0.0068423916248850246	0.00018315054567088842	0.0006945040492595494	0.00018138533730759733	1.7920000000000016
0.038582719058662104	0.004717991960686293	0.00022784597809128224	0.00530006023088063	0.00016101334956150916	0.0005820682701943373	0.00016120946310733844	1.8080000000000016
0.03892413034016816	0.003485248220209632	0.00018864345254724363	0.003936882435739791	0.00013862232982049018	0.0004516342155301586	0.0001279460896787526	1.8240000000000016
0.03926554086282827	0.0024967099067388383	0.00015224811215160515	0.00284081763869687	0.00011765283324848814	0.00034410773195803185	9.662969772451523e-05	1.8400000000000016
0.03960695061998643	0.0017719886737209548	0.00012417385131077873	0.0020396492943694547	9.960666664493787e-05	0.0002676606206485	7.414618877080334e-05	1.8560000000000016
0.0399483596049867	0.001423688350901307	0.00010795352804819428	0.0016431656954351004	8.933088470141739e-05	0.00021947734453379357	6.061317725143884e-05	1.8720000000000017
0.04028976781117314	0.0012273280811940627	9.87582549074065e-05	0.0014186596457535262	8.292384788666822e-05	0.0001913315645594635	5.363607334644279e-05	1.8880000000000017
0.04063117523188981	0.000978655698470265	8.407574947619993e-05	0.0011357129293482924	7.410377286131427e-05	0.00015705723087802741	3.9716023185906656e-05	1.9040000000000017
0.04097258186048079	0.0007690890689611637	7.221543067516139e-05	0.0009054576933103526	6.608537929085327e-05	0.00013636862434918882	2.9116852020489816e-05	1.9200000000000017
0.04131398769029021	0.000627587982779991	6.676085416973423e-05	0.0007580964660902546	6.038998848744873e-05	0.00013050848331026355	2.846156952731754e-05	1.9360000000000017
0.04165539271466216	0.0005853188874636571	6.44295269682095e-05	0.0007090394665021577	5.831657554043771e-05	0.0001237205790385006	2.7392352264521885e-05	1.9520000000000017
0.041996796926940784	0.0005688636734451595	6.236862898569091e-05	0.0006845293199505379	5.7233382604708135e-05	0.00011566564650537834	2.478277218508566e-05	1.9680000000000017
0.04233820032047024	0.0005396437924834771	6.232758038362934e-05	0.0006636693057521874	5.6307056665740264e-05	0.00012402551326871038	2.6725318447473963e-05	1.9840000000000018
0.04267960288859467	0.000552126264187123	6.305772465499884e-05	0.0006729859280302467	5.6635518649974174e-05	0.00012085966384312366	2.7725343386765762e-05	2.0000000000000018
0.04302100462465828	0.0005852600903352172	6.254235099846034e-05	0.0006850864868996055	5.707824773809855e-05	9.98263965643883e-05	2.5565979417242387e-05	2.016000000000002
0.043362405522005244	0.0005966005841190128	6.131649907084084e-05	0.0006890209036652812	5.718160137373983e-05	9.242031954626839e-05	2.213543590352674e-05	2.032000000000002
0.04370380557397979	0.0005520226309304874	5.8124296717976586e-05	0.0006380367650818217	5.497170949604113e-05	8.601413415133427e-05	1.8882399848595663e-05	2.048000000000002
0.04404520477392616	0.00047828073660399095	5.6144014524065574e-05	0.0005732422884435028	5.206219966602773e-05	9.496155183951183e-05	2.1016130300632148e-05	2.064000000000002
0.04438660311518858	0.00047102990606329143	5.534608315295209e-05	0.0005662124346477028	5.170573300980481e-05	9.518252858441132e-05	1.9740975008653144e-05	2.080000000000002
0.04472800059111132	0.00048771376353600685	5.610570733134237e-05	0.0005854263609440375	5.254562672746111e-05	9.77125974080306e-05	1.9667422479027836e-05	2.096000000000002
0.04506939719503866	0.0005023503215167149	5.7791523357057964e-05	0.0006035600193560702	5.331556620391871e-05	0.00010120969783935527	2.2300461257223738e-05	2.112000000000002
0.04541079292031489	0.0004934233949257173	5.665408182081787e-05	0.0005872645278994385	5.254535264396034e-05	9.384113297372117e-05	2.1181853140879254e-05	2.128000000000002
0.04575218776028434	0.0005138420202470726	5.9704597600919795e-05	0.0006280261582433863	5.426661352187939e-05	0.00011418413799631369	2.48952531932241e-05	2.144000000000002
0.046093581708291344	0.0005946117207519091	6.454816269398634e-05	0.0007229228206542833	5.812895424834587e-05	0.00012831109990237423	2.8062251961719738e-05	2.160000000000002
0.046434974757680235	0.0006010528312376804	6.717560512290959e-05	0.0007559409355943992	5.936774340869398e-05	0.00015488810435671882	3.1432991683715844e-05	2.176000000000002
0.04677636690179539	0.0006133407932532987	7.203436826168689e-05	0.0008038385179502691	6.115411595240209e-05	0.00019049772469697038	3.806736545836187e-05	2.192000000000002
0.04711775813398118	0.0007349211752163182	7.95776361986559e-05	0.0009382335228207015	6.601674395551922e-05	0.00020331234760438325	4.443410514995264e-05	2.208000000000002
0.04745914844758201	0.0009859300811225916	9.416653897037248e-05	0.0012295046494372058	7.55200002868091e-05	0.00024357456831461418	5.6250036607446145e-05	2.224000000000002
0.04780053783594233	0.001394342076714367	0.00011033958296276086	0.0016825359569259232	8.827014276833289e-05	0.0002881938802115561	6.620578119812585e-05	2.240000000000002
0.048141926292406545	0.0018294077733818038	0.0001229549408589189	0.002144832618252573	9.958935132145803e-05	0.0003154248448707692	7.211018364275222e-05	2.256000000000002
0.04848331381031912	0.002268094386166841	0.00013537036661806915	0.0026062561061859536	0.00010968428090911777	0.00033816172001911265	7.933785149448021e-05	2.272000000000002
0.04882470038302454	0.002585829820545379	0.00014359309244435877	0.0029290694797604725	0.0001161573573668316	0.0003432396592150935	8.441827128820123e-05	2.288000000000002
0.04916608600386728	0.002680824183053717	0.00014340458956341916	0.0030060606229447328	0.00011755938406229154	0.00032523643989101534	8.212592481517234e-05	2.304000000000002
0.04950747066619186	0.0026824884902343226	0.00013533764956241402	0.0029564622202323254	0.00011648208119427294	0.0002739737299980027	6.890721406158857e-05	2.320000000000002
0.04984885436334282	0.002483563705713531	0.0001242275489529639	0.0027098777353851884	0.0001114258812071521	0.0002263140296716576	5.4925011753031714e-05	2.336000000000002
0.05019023708866469	0.0021179696703825354	0.00011585292064725804	0.002330932977980541	0.00010325509001838263	0.00021296330759800565	5.253842030167608e-05	2.352000000000002
0.050531618835502064	0.0016914161194930845	0.00010681662607715312	0.0018909982345511106	9.291573484449457e-05	0.00019958211505802608	5.269210400822807e-05	2.368000000000002
0.0508729995971995	0.001256956557862664	9.708351876887285e-05	0.001440814537038618	8.102051892876576e-05	0.00018385797917595375	5.348724267579696e-05	2.384000000000002
0.05121437936710162	0.001002560085922696	8.504500215738809e-05	0.0011622681098420727	7.268364794613318e-05	0.0001597080239193765	4.415585706554357e-05	2.400000000000002
0.05155575813855305	0.0008214579603305987	7.236624753098837e-05	0.0009503170310030259	6.565445132196154e-05	0.0001288590706724271	3.043627446532284e-05	2.416000000000002
0.05189713590489843	0.0006461461870036524	6.358136490182246e-05	0.0007584366133957159	5.8603082888309756e-05	0.00011229042639206346	2.466310278056265e-05	2.432000000000002
0.052238512659482414	0.0005898421016542541	6.212992500910531e-05	0.0007090276370952326	5.662050320561851e-05	0.00011918553544097853	2.5578236811390926e-05	2.448000000000002
0.05257988839564973	0.0005742703658473684	6.348962485099842e-05	0.0007026904281392466	5.632615444113109e-05	0.00012842006229187806	2.9296702708570554e-05	2.464000000000002
0.052921263106745026	0.000572435112666868	6.273059861231895e-05	0.0006932995677585251	5.589585062803375e-05	0.0001208644550916571	2.8474231944486433e-05	2.480000000000002
0.05326263678611306	0.0005660207788043166	6.401000827252467e-05	0.0006986559741403408	5.6052803422805265e-05	0.0001326351953360243	3.0908969369634865e-05	2.496000000000002
0.05360400942709858	0.0006408093276402027	6.878166984176565e-05	0.0007956026776758205	5.9757908281885946e-05	0.0001547933500356177	3.4057458859923185e-05	2.5120000000000022
0.05394538102304632	0.0008698528583531519	8.051940311402756e-05	0.0010596976679751375	6.890050821369047e-05	0.00018984480962198566	4.166646428165514e-05	2.5280000000000022
0.0542867515673011	0.0011253078555322807	9.101887085449904e-05	0.0013386238899103474	7.736718098103127e-05	0.00021331603437806665	4.794532468005956e-05	2.5440000000000023
0.054628121053207704	0.0012615466066462104	9.483016063314527e-05	0.0014684673998138433	8.096442884716921e-05	0.0002069207931676328	4.9371253044254494e-05	2.5600000000000023
0.054969489474110955	0.0012686518619470016	9.428750648539819e-05	0.0014593299792144791	8.064303490946094e-05	0.00019067811726747742	4.8855243319683404e-05	2.5760000000000023
0.05531085682335571	0.001250133689669453	9.25734360916044e-05	0.0014300573526715237	7.974885298468048e-05	0.00017992366300207088	4.701022779602525e-05	2.5920000000000023
0.05565222309428684	0.0012164976390697647	9.110840976951344e-05	0.0013970664694173064	7.873998658523116e-05	0.00018056883034754174	4.583401404292657e-05	2.6080000000000023
0.05599358828024923	0.0011356764099100967	8.635006027801156e-05	0.001305569047319054	7.604567834362795e-05	0.00016989263740895726	4.090706192424118e-05	2.6240000000000023
0.0563349523745878	0.0010850486416427037	8.125308580008205e-05	0.001230326334040402	7.376216237374116e-05	0.00014527769239769826	3.4076492689027404e-05	2.6400000000000023
0.05667631537064744	0.001051690493097108	7.884806674849624e-05	0.0011832533557383602	7.228132942084169e-05	0.00013156286264125227	3.150281014657398e-05	2.6560000000000024
0.05701767726177316	0.0009797243129835058	7.816433258757089e-05	0.0011212426821594484	7.030024728722249e-05	0.00014151836917594257	3.416925694561946e-05	2.6720000000000024
0.0573590380413099	0.0008887411190878975	7.481349754603034e-05	0.0010296676528729512	6.729711896825866e-05	0.00014092653378505374	3.268267421191126e-05	2.6880000000000024
0.057700397702602664	0.0007611302731139096	6.84124818015763e-05	0.0008845999164626233	6.231044359423427e-05	0.00012346964334871368	2.8243163515101467e-05	2.7040000000000024
0.05804175623899646	0.0006871021827663652	6.427693609181675e-05	0.0007935378294967369	5.8959957673239276e-05	0.00010643564673037178	2.559781054155467e-05	2.7200000000000024
0.05838311364383634	0.0006428236848046975	6.283085303492913e-05	0.000748826291395713	5.722861362331824e-05	0.0001060026065910155	2.5934569127899867e-05	2.7360000000000024
0.05872446991046737	0.000628366938237857	6.17615976557906e-05	0.0007327301919507095	5.656765415253007e-05	0.00010436325371285249	2.47910356515315e-05	2.7520000000000024
0.05906582503223463	0.0006525488508528656	6.108170295156358e-05	0.0007504100474065732	5.718205079548883e-05	9.786119655370768e-05	2.1475276535709283e-05	2.7680000000000025
0.05940717900248321	0.0005917115879608962	6.0709625006912786e-05	0.0007059518286332487	5.538464198368516e-05	0.00011424024067235256	2.486362807031566e-05	2.7840000000000025
0.05974853181455825	0.0005327749393908836	5.9711408647318605e-05	0.0006585750952417297	5.343045486534536e-05	0.000125800155850846	2.665780965363372e-05	2.8000000000000025
0.060089883461804904	0.0005441129343131154	6.094157513109309e-05	0.00067285486744544	5.396191927536615e-05	0.00012874193313232454	2.8319372301969047e-05	2.8160000000000025
0.06043123393756834	0.000576683669546145	6.204477339555615e-05	0.0007006799562747844	5.503263648379998e-05	0.00012399628672863928	2.8652448889193387e-05	2.8320000000000025
0.06077258323519376	0.0006009003076897864	6.0398712778164216e-05	0.0007080623923488219	5.529070807381679e-05	0.00010716208465903545	2.43093008117294e-05	2.8480000000000025
0.061113931348026396	0.0005971980751609494	5.9429419636848094e-05	0.00070000550894115	5.4938760210952804e-05	0.00010280743378020069	2.266249202660677e-05	2.8640000000000025
0.06145527826941146	0.0005398405089513782	5.7091420446698466e-05	0.0006432765597577032	5.261689302262985e-05	0.00010343605080632501	2.2156102032325676e-05	2.8800000000000026
0.061796623992694234	0.0004691573148222402	5.5640425466786656e-05	0.0005802955401741647	4.9933622802737996e-05	0.0001111382253519245	2.454567701080834e-05	2.8960000000000026
0.06213796851122002	0.0004347086086555294	5.488211884134933e-05	0.000548976716007561	4.851147192707299e-05	0.00011426810735203164	2.5664840930440246e-05	2.9120000000000026
0.062479311818334105	0.00038978201427559815	5.1896819831130317e-05	0.0004964726370731572	4.607707806869379e-05	0.00010669062279755905	2.3878500481317895e-05	2.9280000000000026
0.06282065390738184	0.00034782751661706997	5.164138645948956e-05	0.0004662795282065246	4.461797855361681e-05	0.00011845201158945459	2.6001322759570187e-05	2.9440000000000026
0.0631619947717086	0.0003132046966941762	5.0547638078837064e-05	0.00043356247167729837	4.29942352988326e-05	0.00012035777498312222	2.658118594829275e-05	2.9600000000000026
0.06350333440465976	0.0002886281749722844	4.677341926089171e-05	0.00039303358281450053	4.0906423704043616e-05	0.00010440540784221612	2.268076826521567e-05	2.9760000000000026
0.0638446727995807	0.0003379493633886278	4.871442298457052e-05	0.0004439015862691038	4.3437657596460166e-05	0.00010595222288047602	2.205141513037971e-05	2.9920000000000027
0.0641860099498169	0.00043594963185018967	5.309897298517702e-05	0.0005427024016711578	4.797007124107801e-05	0.00010675276982096809	2.2767810549248235e-05	3.0080000000000027
0.06452734584871375	0.00047338049297817903	5.830073496824109e-05	0.0006046554664873177	5.056498284698334e-05	0.00013127497350913866	2.9019962224671663e-05	3.0240000000000027
0.0648686804896168	0.0005718176180942404	6.562487711590333e-05	0.0007302590913081979	5.5499024694070944e-05	0.0001584414732139575	3.502117580099667e-05	3.0400000000000027
0.06521001386587152	0.0007538082522716971	7.133548398281393e-05	0.0009147145071323863	6.20694323213528e-05	0.0001609062548606892	3.515873783808667e-05	3.0560000000000027
0.06555134597082346	0.0008893567903911914	7.889911492645902e-05	0.0010705153613446306	6.710349584585804e-05	0.0001811585709534392	4.149929133664215e-05	3.0720000000000027
0.06589267679781816	0.0010851587520333932	8.351124254136825e-05	0.001264756261917378	7.28947261824625e-05	0.0001795975098839849	4.0749067787951304e-05	3.0880000000000027
0.06623400634020118	0.0011434133085282713	8.290326006550879e-05	0.0013147562514358871	7.428168439228154e-05	0.00017134294290761576	3.681279523935751e-05	3.1040000000000028
0.06657533459131816	0.0010957336826662176	8.343446579602335e-05	0.0012730976766848637	7.304355471818473e-05	0.00017736399401864608	4.0323060360038934e-05	3.1200000000000028
0.06691666154451471	0.0010328310178430557	8.063801101223387e-05	0.0011952326833857317	7.070302014064228e-05	0.00016240166554267604	3.877591730702298e-05	3.136000000000003
0.06725798719313651	0.0008865486952883522	7.564774929437452e-05	0.001031546750712211	6.560929110650486e-05	0.00014499805542385889	3.765637919139919e-05	3.152000000000003
0.0675993115305292	0.0008060571917833454	6.962667687764406e-05	0.0009329748069925619	6.233683394604993e-05	0.00012691761520921654	3.101601629169114e-05	3.168000000000003
0.06794063455003851	0.0007653642124282717	6.587224180047814e-05	0.0008762151721816681	6.036265943097201e-05	0.0001108509597533964	2.6372364062426142e-05	3.184000000000003
0.06828195624501021	0.0007000245946372785	6.254076104229692e-05	0.000800039797042663	5.7634886420733396e-05	0.00010001520240538455	2.4280993781533032e-05	3.200000000000003
0.06862327660878999	0.000582012020745224	5.708259175023877e-05	0.0006753445688245483	5.2919078918512234e-05	9.333254807932423e-05	2.1400779596563796e-05	3.216000000000003
0.06896459563472367	0.000498447584454827	5.444715390504004e-05	0.0005938823685951742	4.959265283764757e-05	9.543478414034719e-05	2.24735700965308e-05	3.232000000000003
0.06930591331615704	0.000430012756881764	5.058865704683176e-05	0.0005180981180470919	4.6287610329872856e-05	8.808536116532788e-05	2.041248029397232e-05	3.248000000000003
0.06964722964643595	0.00038679613642230944	4.5819275667368736e-05	0.00045647443098571663	4.3402745201026e-05	6.967829456340721e-05	1.468358715359238e-05	3.264000000000003
0.06998854461890629	0.00040457084732955655	4.5534450695250687e-05	0.0004642245897064929	4.371394067229871e-05	5.965374237693636e-05	1.2746669801048614e-05	3.280000000000003
0.07032985822691389	0.00037209802472980275	4.459542537595585e-05	0.00043388464472603243	4.222335595763139e-05	6.17866199962297e-05	1.4350615880079874e-05	3.296000000000003
0.07067117046380471	0.0003303964274985742	4.308017318063298e-05	0.00039499644572243346	4.025370253996035e-05	6.460001822385928e-05	1.5347337003458248e-05	3.312000000000003
0.07101248132292466	0.0003382892927493531	4.533849035607898e-05	0.00041452830730940714	4.120602649928721e-05	7.623901456005402e-05	1.8911427442377445e-05	3.328000000000003
0.07135379079761973	0.00033385556740476616	4.6255269976069654e-05	0.0004203798898544793	4.147241706098805e-05	8.652432244971314e-05	2.048386251854268e-05	3.344000000000003
0.07169509888123593	0.00034080659324132074	4.4699193456908445e-05	0.00041186442608575355	4.102091852091075e-05	7.105783284443282e-05	1.775674912248658e-05	3.360000000000003
0.07203640556711927	0.0003833815195979558	4.6763335142466045e-05	0.00045698713304098075	4.31667496408945e-05	7.360561344302497e-05	1.7984472165925098e-05	3.376000000000003
0.07237771084861576	0.00038229594110249774	4.68738652778142e-05	0.00045747523068091116	4.313357523586291e-05	7.517928957841339e-05	1.8348131606646748e-05	3.392000000000003
0.07271901471907155	0.0003422530826416552	4.225861169241205e-05	0.00039669392858987876	4.011095273723014e-05	5.444084594822357e-05	1.3300441070947769e-05	3.408000000000003
0.0730603171718327	0.0003153303718401342	4.131694723406555e-05	0.0003688349491336746	3.863228824101205e-05	5.35045772935404e-05	1.4650475555623388e-05	3.424000000000003
0.07340161820024535	0.0003218539212649586	4.0505458216733626e-05	0.000368142431325391	3.855821137271697e-05	4.62885100604324e-05	1.2407920095021301e-05	3.440000000000003
0.07374291779765567	0.00030445204938233555	3.833534274419072e-05	0.0003430345972791084	3.7184237793662645e-05	3.858254789677285e-05	9.323677547991827e-06	3.456000000000003
0.07408421595740983	0.0002385153482017574	3.522629908614253e-05	0.0002797130178741797	3.3551757556623604e-05	4.1197669672422284e-05	1.073180842952001e-05	3.472000000000003
0.07442551267285406	0.00018473627973410466	3.086081971170987e-05	0.0002185003283713577	2.9641428346595915e-05	3.376404863725302e-05	8.589290940018325e-06	3.488000000000003
0.07476680793733462	0.0001592078330974621	2.7826827793168933e-05	0.00018266693423868576	2.7089047523483424e-05	2.3459101141223655e-05	6.365206147575711e-06	3.504000000000003
0.07510810174419776	0.0001633062126427292	2.7598390698085618e-05	0.00018291083733364849	2.7089655107571585e-05	1.9604624690919304e-05	5.274633188857729e-06	3.520000000000003
0.07544939408678977	0.00018730867601068858	2.912589335283694e-05	0.00020560935968896052	2.8701508213721945e-05	1.8300683678271945e-05	4.9538964319495896e-06	3.536000000000003
0.07579068495845702	0.0001804558949512567	2.8677871016884026e-05	0.00019860453970041767	2.8185071397422817e-05	1.814864474916097e-05	5.293584455094215e-06	3.552000000000003
0.07613197435254583	0.00016057532004564205	2.8103962940418126e-05	0.00018510768645704632	2.7186265136158427e-05	2.4532366411404275e-05	7.123181936669339e-06	3.568000000000003
0.07647326226240261	0.00012888351467544684	2.5946125856278123e-05	0.0001565084869509366	2.497488775046949e-05	2.762497227548976e-05	7.032526487776161e-06	3.584000000000003
0.07681454868137379	0.00011013259610335965	2.3597657459367006e-05	0.00013203278054411575	2.2917615429146752e-05	2.1900184440756102e-05	5.62426356169001e-06	3.600000000000003
0.07715583360280578	0.0001238455905350617	2.4626901544211912e-05	0.00014316485760147132	2.383955046802858e-05	1.9319267066409632e-05	6.1773872430523e-06	3.616000000000003
0.07749711702004507	8.927124260254722e-05	2.277035073068073e-05	0.00011354357127726798	2.1214007435877798e-05	2.4272328674720772e-05	8.273739233788666e-06	3.6320000000000032
0.07783839892643818	9.201309096899663e-05	2.1761751651526333e-05	0.00011053166146177204	2.0916598262454006e-05	1.8518570492775397e-05	6.005809859612202e-06	3.6480000000000032
0.07817967931533162	0.00010536435650755274	2.195676186032301e-05	0.00011780516395842172	2.157246120140093e-05	1.2440807450868977e-05	4.090025562876922e-06	3.6640000000000033
0.07852095818007195	8.205103043282864e-05	2.0584653357715496e-05	0.00010089453065896362	1.994752526485894e-05	1.8843500226134978e-05	5.081750649640557e-06	3.6800000000000033
0.07886223551400579	9.457117679562816e-05	2.1866297119453644e-05	0.00011452304902464044	2.124127272239973e-05	1.9951872229012276e-05	5.19069194316749e-06	3.6960000000000033
0.07920351131047974	9.649176280747466e-05	2.1420357337020472e-05	0.00011144216849689091	2.094280510537994e-05	1.4950405689416247e-05	4.497846458441932e-06	3.7120000000000033
0.07954478556284046	6.819857688659618e-05	1.826638554088839e-05	8.07339634811703e-05	1.7809827922759774e-05	1.2535386594574122e-05	4.058431974305185e-06	3.7280000000000033
0.07988605826443464	5.713220522610994e-05	1.6391559052766312e-05	6.626942001557101e-05	1.6120594654434707e-05	9.137214789461078e-06	2.968103126196325e-06	3.7440000000000033
0.080227329408609	5.167296028385517e-05	1.5906543627070155e-05	6.209425415296121e-05	1.5600183289475804e-05	1.0421293869106045e-05	3.1068330329526842e-06	3.7600000000000033
0.08056859898871023	4.002230231917902e-05	1.62129376486405e-05	6.0588346304394005e-05	1.5400525314985117e-05	2.0566043985214985e-05	5.067856274718839e-06	3.7760000000000034
0.08090986699808517	4.1635176130268373e-05	1.6141112110193897e-05	6.11081456730823e-05	1.5444681845063615e-05	1.9472969542813932e-05	4.690128234772523e-06	3.7920000000000034
0.08125113343008059	3.554643885512243e-05	1.4432145197251737e-05	5.031613050561594e-05	1.3993704465220072e-05	1.4769691650493513e-05	3.530304566837851e-06	3.8080000000000034
0.08159239827804332	2.8389327938598886e-05	1.430747579680739e-05	4.6724810811696966e-05	1.347359361836342e-05	1.833548287309808e-05	4.81312151139214e-06	3.8240000000000034
0.08193366153532027	3.905502210845826e-05	1.5319731530296137e-05	5.467842109132476e-05	1.456476154740888e-05	1.5623398982866503e-05	4.749936339307008e-06	3.8400000000000034
0.08227492319525828	5.594362098521735e-05	1.6455863713801554e-05	6.699365099782665e-05	1.6104261062665216e-05	1.1050030012609296e-05	3.383522748960866e-06	3.8560000000000034
0.08261618325120433	5.2402455883109926e-05	1.6264327084329496e-05	6.49716002655845e-05	1.5845662661561472e-05	1.2569144382474568e-05	3.6665120103513316e-06	3.8720000000000034
0.08295744169650533	4.205651339227753e-05	1.4998074552934072e-05	5.391403721859562e-05	1.4427247188068343e-05	1.1857523826318095e-05	4.098387349890517e-06	3.8880000000000035
0.08329869852450832	5.2529914253997376e-05	1.6206819596987555e-05	6.437061295024936e-05	1.575619617603604e-05	1.1840698696251985e-05	3.795165808178487e-06	3.9040000000000035
0.08363995372856027	5.614267501931127e-05	1.6902162603061375e-05	7.00624435901126e-05	1.6425299868959758e-05	1.391976857080132e-05	3.98655551511289e-06	3.9200000000000035
0.08398120730200825	6.271070453817517e-05	1.7444464808814357e-05	7.531880736278204e-05	1.7009905035923055e-05	1.2608102824606878e-05	3.869429303507435e-06	3.9360000000000035
0.0843224592381994	6.920741687450261e-05	1.7974771287926096e-05	8.030241223684552e-05	1.7549389580494472e-05	1.109499536234291e-05	3.8873291866375895e-06	3.9520000000000035
0.08466370953048077	5.972373495265408e-05	1.7209434559211234e-05	7.208180949779215e-05	1.661235450054203e-05	1.2358074545138075e-05	4.493808606971919e-06	3.9680000000000035
0.08500495817219954	5.779603108456103e-05	1.7288233013594552e-05	7.25103560216805e-05	1.6647536973827015e-05	1.4714324937119466e-05	4.662886813702764e-06	3.9840000000000035
0.08534620515670287	5.642382253716259e-05	1.719817337108131e-05	7.12225639729511e-05	1.6486433691699657e-05	1.4798741435788497e-05	4.896393716906428e-06	4.0000000000000036
0.08568745047733803	4.377124462156385e-05	1.5270616097244207e-05	5.783484677608464e-05	1.4847971947300892e-05	1.406360215452079e-05	3.5678347833916897e-06	4.016000000000004
0.08602869412745219	5.060429939681026e-05	1.57709095642828e-05	6.209266706241172e-05	1.537143312624263e-05	1.1488367665601464e-05	3.5271280286144005e-06	4.032000000000004
0.08636993610039269	6.167472924063971e-05	1.6893663749657748e-05	7.10741855020533e-05	1.643471270889627e-05	9.399456261413585e-06	3.911021997195068e-06	4.048000000000004
0.0867111763895068	5.982625684765347e-05	1.7497232559618686e-05	7.480328776047533e-05	1.6847490955510604e-05	1.4977030912821857e-05	4.723896246676955e-06	4.064000000000004
0.08705241498814191	5.475072871928859e-05	1.7031270427638287e-05	7.106287525846471e-05	1.6406687405500206e-05	1.631214653917612e-05	4.56998695376118e-06	4.080000000000004
0.08739365188964536	5.415619020652783e-05	1.573980938661626e-05	6.299278697885316e-05	1.543783071672741e-05	8.836596772325333e-06	3.0683843124160515e-06	4.096000000000004
0.08773488708736457	4.2260307198461085e-05	1.4192436295071257e-05	5.027788864720206e-05	1.3782025389473165e-05	8.017581448740975e-06	3.388366000533736e-06	4.112000000000004
0.08807612057464699	3.740631333792446e-05	1.467914298860752e-05	5.1896874583196804e-05	1.3980113178189695e-05	1.4490561245272344e-05	4.4758992845005e-06	4.128000000000004
0.08841735234484009	4.7221722648313694e-05	1.6374359310045458e-05	6.332278018811244e-05	1.5428946100287783e-05	1.6101057539798745e-05	5.483362567703029e-06	4.144000000000004
0.08875858239129139	4.112043913990404e-05	1.449904611111652e-05	5.112731237894472e-05	1.3858244361853303e-05	1.0006873239040679e-05	4.262792669066161e-06	4.160000000000004
0.08909981070734843	3.872283816733759e-05	1.319625958600337e-05	4.5156900908028394e-05	1.301575521129148e-05	6.434062740690804e-06	2.1751743242610534e-06	4.176000000000004
0.08944103728635878	3.522463414237682e-05	1.3100547120258502e-05	4.360300021576543e-05	1.2776208734125156e-05	8.378366073388608e-06	2.89703731977643e-06	4.192000000000004
0.08978226212167006	3.2803906098641014e-05	1.342264068708718e-05	4.490315691113937e-05	1.2954231307863898e-05	1.2099250812498353e-05	3.514992779083197e-06	4.208000000000004
0.09012348520662994	3.598873299781778e-05	1.4007305989779643e-05	4.940258899035673e-05	1.3583470041920581e-05	1.341385599253895e-05	3.419643652716281e-06	4.224000000000004
0.09046470653458605	4.357578092658367e-05	1.4545021446751568e-05	5.393441621278996e-05	1.4184212372785658e-05	1.035863528620629e-05	3.2195913172602075e-06	4.240000000000004
0.09080592609888616	4.641433003789106e-05	1.4656766541128888e-05	5.5521376610717905e-05	1.4377916731474957e-05	9.107046572826846e-06	2.8454025908345114e-06	4.256000000000004
0.09114714389287798	4.321686893285833e-05	1.4166975695064633e-05	5.170381528998433e-05	1.3857301818683342e-05	8.486946357126e-06	2.9459101565504994e-06	4.272000000000004
0.0914883599099093	5.2368531894797254e-05	1.5019653520061622e-05	5.9336180442444057e-05	1.483013906907622e-05	6.967648547646803e-06	2.3784379442311625e-06	4.288000000000004
0.09182957414332793	5.370713671297376e-05	1.5644439016099276e-05	6.313261317361142e-05	1.528302145631593e-05	9.425476460637658e-06	3.3433108282414016e-06	4.304000000000004
0.09217078658648177	3.763928819103867e-05	1.4508023349913912e-05	5.233622046217749e-05	1.3908472998937995e-05	1.469693227113882e-05	4.127604675772622e-06	4.320000000000004
0.09251199723271863	3.710022843575458e-05	1.392725649929033e-05	4.951323534079717e-05	1.351905085981115e-05	1.2413006905042587e-05	3.347198447487712e-06	4.336000000000004
0.09285320607538651	3.6787663897638794e-05	1.3813825284210242e-05	4.8385424965191e-05	1.3350663464775717e-05	1.1597761067552203e-05	3.5470486369641153e-06	4.352000000000004
0.0931944131078333	4.408437965985442e-05	1.4785462189285787e-05	5.573186374792022e-05	1.4314227311638781e-05	1.1647484088065801e-05	3.7030782629501667e-06	4.368000000000004
0.09353561832340705	4.306312473834913e-05	1.3942617836236998e-05	5.086098071758283e-05	1.3660803878923244e-05	7.797855979233698e-06	2.7890911618213006e-06	4.384000000000004
0.09387682171545576	3.7673439986823976e-05	1.3815675594006495e-05	4.906051943646473e-05	1.3411367749838917e-05	1.1387079449640753e-05	3.317846771236935e-06	4.400000000000004
0.0942180232773275	3.680903088238174e-05	1.446253604803639e-05	5.179277040807409e-05	1.3770336984808446e-05	1.4983739525692349e-05	4.420720333335806e-06	4.416000000000004
0.09455922300237037	2.3664712245608326e-05	1.218142382792772e-05	3.630844148004018e-05	1.1522330944813746e-05	1.2643729234431854e-05	3.952591058254421e-06	4.432000000000004
0.09490042088393251	3.000269340646952e-05	1.2409429643727514e-05	3.88759292270853e-05	1.1915465980233309e-05	8.873235820615781e-06	3.4663546495599448e-06	4.448000000000004
0.09524161691536208	3.067592697002475e-05	1.2439048169655728e-05	3.953262736172546e-05	1.201247859164572e-05	8.856700391700713e-06	3.22959400734346e-06	4.464000000000004
0.0955828110900073	3.115585498761867e-05	1.2835152404331573e-05	4.1604453252464996e-05	1.231138535921948e-05	1.0448598264846326e-05	3.629177286826144e-06	4.480000000000004
0.0959240034012164	3.1416939417861764e-05	1.3075679660693412e-05	4.292721881395549e-05	1.2493264264323757e-05	1.1510279396093731e-05	3.858982587527749e-06	4.496000000000004
0.09626519384233766	2.112290324338512e-05	1.10750677971659e-05	3.093449055980644e-05	1.0593413300743678e-05	9.811587316421318e-06	3.230591486314557e-06	4.512000000000004
0.09660638240671944	1.8537732923532092e-05	1.0055180085356013e-05	2.610047514672723e-05	9.72198259931014e-06	7.5627422231951394e-06	2.567041271123434e-06	4.528000000000004
0.09694756908771003	1.9363924319058553e-05	1.0776539467062896e-05	2.9731111304904923e-05	1.0368137631879858e-05	1.036718698584637e-05	2.938626368145667e-06	4.544000000000004
0.09728875387865786	2.26163969025401e-05	1.1508005499237729e-05	3.401568448950992e-05	1.1086970738179637e-05	1.1399287586969818e-05	3.0843589968151095e-06	4.560000000000004
0.09762993677291136	1.8906905370062932e-05	1.1443129441002725e-05	3.211516690063792e-05	1.0769304962285325e-05	1.320826153057499e-05	3.868757169019527e-06	4.576000000000004
0.09797111776381892	1.682044901718547e-05	1.070238240869114e-05	2.7986668247065477e-05	1.004687551164657e-05	1.1166219229880007e-05	3.68799155033442e-06	4.592000000000004
0.09831229684472916	2.3355275319624218e-05	1.076304942932636e-05	3.0485721555416664e-05	1.0480503148409558e-05	7.1304462357924455e-06	2.449956484164529e-06	4.608000000000004
0.09865347400899055	2.1524164201619687e-05	1.1789643745857127e-05	3.454675903274428e-05	1.114300572858848e-05	1.3022594831124594e-05	3.85086003210613e-06	4.624000000000004
0.09899464924995166	2.5127771267806455e-05	1.2831966420657633e-05	4.035815114540238e-05	1.2028812493323954e-05	1.5230379877595927e-05	4.468448525085486e-06	4.640000000000004
0.09933582256096112	3.220003937685512e-05	1.3205820143158742e-05	4.486878229276355e-05	1.2674706526210691e-05	1.2668742915908433e-05	3.7074924312652736e-06	4.656000000000004
0.09967699393536757	3.01821708292314e-05	1.2510388688624373e-05	4.066110382927903e-05	1.205461126314881e-05	1.0478933000047631e-05	3.346068205345864e-06	4.672000000000004
0.10001816336651974	1.3995416262813092e-05	1.038092696504487e-05	2.5841056743741195e-05	9.606828810825876e-06	1.1845640480928102e-05	3.9335079576736035e-06	4.688000000000004
0.10035933084776628	1.3689229777923021e-05	1.023912486439965e-05	2.5991083242091414e-05	9.631728065981762e-06	1.2301853464168393e-05	3.4741175068996118e-06	4.704000000000004
0.10070049637245602	3.089295372141226e-05	1.2518212306681561e-05	4.142480929192667e-05	1.214970241967044e-05	1.053185557051441e-05	3.0150241240507485e-06	4.720000000000004
0.10104165993393774	2.5194884789304855e-05	1.2057523792743703e-05	3.787164545953433e-05	1.1604419038772466e-05	1.2676760670229476e-05	3.2743455506643754e-06	4.736000000000004
0.10138282152556025	2.0400943502153177e-05	1.0939844589723091e-05	3.115207991440688e-05	1.0515441364629108e-05	1.0751136412253703e-05	3.0175640099823404e-06	4.752000000000004
0.10172398114067249	2.4661700773702396e-05	1.1277872716980382e-05	3.385242200320591e-05	1.095607556688037e-05	9.190721229503517e-06	2.6748497515220344e-06	4.768000000000004
0.10206513877262335	2.31775106715435e-05	1.1396443653647705e-05	3.3651000916718395e-05	1.0917081325916161e-05	1.0473490245174896e-05	3.2705142216629613e-06	4.784000000000004
0.10240629441476176	2.5598204858868565e-05	1.2012120491450909e-05	3.728174824790167e-05	1.1478844836881931e-05	1.1683543389033107e-05	3.5393728133560447e-06	4.800000000000004
0.10274744806043674	3.652028090927805e-05	1.3392483984537514e-05	4.7613556490586874e-05	1.2963883171140969e-05	1.1093275581308818e-05	3.361005861509584e-06	4.816000000000004
0.10308859970299734	3.5620333814515764e-05	1.2925531646054538e-05	4.5032732413212624e-05	1.260140688692268e-05	9.412398598696861e-06	2.8764409959835737e-06	4.832000000000004
0.1034297493357926	2.4252053036627903e-05	1.1606092654490851e-05	3.505907328887775e-05	1.1109748722019472e-05	1.0807020252249849e-05	3.357807325951445e-06	4.848000000000004
0.10377089695217166	1.1371409666995751e-05	9.828908503247495e-06	2.3958417909128442e-05	9.176876709703133e-06	1.2587008242132691e-05	3.52028070189284e-06	4.864000000000004
0.10411204254548366	1.3517338175945549e-05	1.0045111743577652e-05	2.518711407623997e-05	9.406263117418001e-06	1.1669775900294423e-05	3.525121857023305e-06	4.880000000000004
0.10445318610907776	3.3986505049384424e-05	1.2636165486341573e-05	4.295253886324012e-05	1.2271509219478313e-05	8.966033813855695e-06	3.013758396830899e-06	4.896000000000004
0.10479432763630327	3.7555423999552674e-05	1.267936339708227e-05	4.4210918011680215e-05	1.2438322044011045e-05	6.655494012127542e-06	2.460569219660066e-06	4.912000000000004
0.10513546712050939	3.46241451978723e-05	1.2100117296730176e-05	4.071714336588862e-05	1.1925023887113648e-05	6.092998168016324e-06	2.051010454970346e-06	4.928000000000004
0.10547660455504543	2.9802738078098873e-05	1.1961605395619787e-05	3.887908011717809e-05	1.1639345921427377e-05	9.076342039079215e-06	2.7578306985513586e-06	4.944000000000004
0.10581773993326077	1.9658064537844097e-05	1.0344590828047925e-05	2.8493198216526935e-05	9.960154867119277e-06	8.835133678682838e-06	2.793899501187084e-06	4.960000000000004
0.1061588732485048	2.2914387010717786e-05	1.0673511319084927e-05	3.0169825554795026e-05	1.0244196057519742e-05	7.25543854407724e-06	2.9967133686308763e-06	4.976000000000004
0.10650000449412694	2.1544165585038068e-05	1.018733829447341e-05	2.8092484485847306e-05	9.880768081215514e-06	6.548318900809238e-06	2.4803797393296626e-06	4.992000000000004
0.10684113366347668	1.5370197577084698e-05	9.052067758533909e-06	2.206830100175221e-05	8.747442651534436e-06	6.69810342466751e-06	2.3285570130888515e-06	5.0080000000000044
0.10718226074990349	1.4123091290264897e-05	9.683408619861963e-06	2.4037748260336708e-05	9.119450384904446e-06	9.914656970071811e-06	3.256382529200635e-06	5.0240000000000045
0.10752338574675696	1.437661057225921e-05	9.239531271922457e-06	2.2632090414227655e-05	8.84420574301012e-06	8.255479841968446e-06	2.6737544577129404e-06	5.0400000000000045
0.10786450864738666	1.7326709046101546e-05	8.934879758306445e-06	2.2284708525048357e-05	8.772731362807806e-06	4.95799947894681e-06	1.694479486863892e-06	5.0560000000000045
0.10820562944514223	2.244701857285442e-05	1.03644161655323e-05	2.9558748332219478e-05	1.00899911063562e-05	7.11172975936506e-06	2.3692196871544137e-06	5.0720000000000045
0.10854674813337334	2.6023628517323766e-05	1.1089443524361996e-05	3.408652967021906e-05	1.082514142035159e-05	8.062901152895295e-06	2.406672164920382e-06	5.0880000000000045
0.10888786470542973	2.6465834854166187e-05	1.068239767613455e-05	3.185538649527318e-05	1.046345542849135e-05	5.389551641106996e-06	2.1516785557001137e-06	5.1040000000000045
0.10922897915466113	1.953388948990732e-05	9.792596197499158e-06	2.6163288977505953e-05	9.479185606666618e-06	6.629399487598634e-06	2.4576371826694423e-06	5.1200000000000045
0.10957009147441733	2.1280807037713268e-05	1.0893823777196902e-05	3.151897297590889e-05	1.0403868322331782e-05	1.0238165938195624e-05	3.2303127434045526e-06	5.136000000000005
0.1099112016580482	2.1819430503697146e-05	1.1622820410248381e-05	3.5010007285621425e-05	1.0954669943058759e-05	1.319057678192428e-05	3.883961988425139e-06	5.152000000000005
0.1102523096989036	1.7584714657851767e-05	1.1250899508053733e-05	3.198361702149941e-05	1.04581443742701e-05	1.439890236364764e-05	4.14848839786812e-06	5.168000000000005
0.11059341559033346	1.6376961710136888e-05	1.035988353121341e-05	2.811583681574027e-05	9.79616987459585e-06	1.1738875105603382e-05	3.3707925727293806e-06	5.184000000000005
0.11093451932568776	2.1605060192373046e-05	1.0173785479550124e-05	2.8560684500419932e-05	9.864992799784563e-06	6.955624308046887e-06	2.487534531238446e-06	5.200000000000005
0.11127562089831648	2.645411945208506e-05	1.0948707456613813e-05	3.372828103557513e-05	1.0708344518024584e-05	7.274161583490071e-06	2.281568025241361e-06	5.216000000000005
0.11161672030156972	2.447761570879333e-05	1.1057454305602216e-05	3.36321639181372e-05	1.0684106967153952e-05	9.154548209343871e-06	2.849061957012054e-06	5.232000000000005
0.11195781752879749	2.0842732411460447e-05	1.0240532704343709e-05	2.8904943960168095e-05	9.898534773813258e-06	8.062211548707647e-06	2.6244083905411553e-06	5.248000000000005
0.11229891257335	1.4714542856363331e-05	9.154341952301037e-06	2.2380817020606598e-05	8.703991421389396e-06	7.666274164243267e-06	2.8359319307836976e-06	5.264000000000005
0.11264000542857737	1.3851025374747839e-05	8.86157736277793e-06	2.1316041626075993e-05	8.488710182143391e-06	7.465016251328154e-06	2.5434922449406798e-06	5.280000000000005
0.11298109608782982	1.7664360818129073e-05	1.0001141203930685e-05	2.679191386427071e-05	9.507525302207302e-06	9.127553046141637e-06	3.1031899730516133e-06	5.296000000000005
0.11332218454445767	1.901439371457356e-05	1.0301280360303256e-05	2.8770852017055227e-05	9.850276688145364e-06	9.756458302481668e-06	3.014701681518353e-06	5.312000000000005
0.11366327079181117	1.3636854961582423e-05	8.72947959169706e-06	2.0484533476454278e-05	8.307651952685335e-06	6.8476785148718555e-06	2.6808082689552814e-06	5.328000000000005
0.11400435482324071	1.0901610741347696e-05	8.462598126930557e-06	1.915114490205962e-05	8.025363547832958e-06	8.249534160711924e-06	2.6849780228230113e-06	5.344000000000005
0.11434543663209665	9.1982493207574e-06	9.072793276705386e-06	2.031305346611462e-05	8.25933182006719e-06	1.111480414535722e-05	3.754865607163066e-06	5.360000000000005
0.11468651621172946	9.718028837227037e-06	8.47753297844347e-06	1.8959807364007266e-05	7.97210005303611e-06	9.241778526780229e-06	2.8834330484646723e-06	5.376000000000005
0.11502759355548954	1.0639467594976957e-05	8.589578365350221e-06	1.9955349732025598e-05	8.172772296118044e-06	9.31588213704864e-06	2.643227097753422e-06	5.392000000000005
0.11536866865672751	1.0990877560409731e-05	8.274717842753129e-06	1.8855225142292174e-05	7.940257330140043e-06	7.864347581882443e-06	2.3287912977195538e-06	5.408000000000005
0.11570974150879386	8.501037950418292e-06	7.944657724189812e-06	1.672900726558117e-05	7.47374684636389e-06	8.227969315162879e-06	2.6945675777375967e-06	5.424000000000005
0.11605081210503923	9.990446175888884e-06	8.657718704834727e-06	1.982060638279085e-05	8.129550452572523e-06	9.830160206901965e-06	2.9776673103493266e-06	5.440000000000005
0.11639188043881428	1.9792021714190084e-05	1.0363326136135e-05	2.988984317568827e-05	9.980761213925417e-06	1.0097821461498187e-05	2.789791066460141e-06	5.456000000000005
0.11673294650346969	1.6349630665796803e-05	1.0201516184824548e-05	2.802553043099732e-05	9.66012520535476e-06	1.1675899765200518e-05	3.279163534517126e-06	5.472000000000005
0.11707401029235621	5.634894922712715e-06	7.834567209798822e-06	1.559773046931025e-05	7.198859839872991e-06	9.962835546597535e-06	3.0914172107172325e-06	5.488000000000005
0.11741507179882463	8.747723665797513e-06	8.980731323729918e-06	1.923341274066212e-05	7.98731844359349e-06	1.0485689074864607e-05	4.105639924500804e-06	5.504000000000005
0.11775613101622578	1.023675032188196e-05	9.976632770287203e-06	2.4497108017202712e-05	9.010041425460015e-06	1.4260357695320753e-05	4.283964862678378e-06	5.520000000000005
0.11809718793791055	4.656899214816568e-06	8.877355861963386e-06	1.880640636855338e-05	7.89007981870163e-06	1.4149507153736812e-05	4.068671472907704e-06	5.536000000000005
0.1184382425572298	2.9350833514336838e-06	7.310882320830329e-06	1.3466893265592282e-05	6.670515497657785e-06	1.0531809914158598e-05	2.9921937277751196e-06	5.552000000000005
0.11877929486753457	3.9941416488278204e-06	6.9652253901231635e-06	1.219227039391116e-05	6.340822174575463e-06	8.19812874508334e-06	2.8824189295847467e-06	5.568000000000005
0.11912034486217582	6.771941883162022e-06	7.89245670456779e-06	1.5793596966624797e-05	7.209235370893048e-06	9.021655083462775e-06	3.212132967444163e-06	5.584000000000005
0.11946139253450458	7.753527488739027e-06	7.997996610238783e-06	1.6315867331915333e-05	7.3195725928924135e-06	8.562339843176306e-06	3.2236325526910284e-06	5.600000000000005
0.11980243787787204	4.511323263788579e-06	6.860359486897231e-06	1.228681357020417e-05	6.347383156792599e-06	7.775490306415591e-06	2.6029328363072407e-06	5.616000000000005
0.12014348088562929	1.075609606389967e-05	8.083694017339858e-06	1.8155973987271618e-05	7.713010767999232e-06	7.399877923371947e-06	2.4198293036295193e-06	5.632000000000005
0.12048452155112753	9.628934064672351e-06	7.845467117637738e-06	1.71345682259901e-05	7.488565345077297e-06	7.5056341613177495e-06	2.3393895285826898e-06	5.648000000000005
0.12082555986771797	6.117186403897928e-06	7.644455032349848e-06	1.51370709822226e-05	7.038274130836807e-06	9.019884578324672e-06	2.9833521416038566e-06	5.664000000000005
0.12116659582875193	1.510332058653324e-05	8.925495847829074e-06	2.2505665754836326e-05	8.57898551524167e-06	7.402345168303087e-06	2.4628202652421965e-06	5.680000000000005
0.12150762942758071	1.0571292293287712e-05	8.106914169841782e-06	1.81031189510723e-05	7.690073668634673e-06	7.531826657784587e-06	2.566091254837426e-06	5.696000000000005
0.12184866065755572	-1.468452534233302e-06	6.7952644444472395e-06	1.0250339456347134e-05	5.7825277992012955e-06	1.1718791990580436e-05	3.5690322387774906e-06	5.712000000000005
0.12218968951202835	1.7304252962298575e-06	7.222841631415843e-06	1.2054835169907075e-05	6.268778363125341e-06	1.0324409873677218e-05	3.5877373184955224e-06	5.728000000000005
0.12253071598435004	1.0952620875050519e-05	8.278642009438985e-06	1.8348644706407097e-05	7.724454313390743e-06	7.396023831356577e-06	2.9780394693131727e-06	5.744000000000005
0.12287174006787238	1.1858059304695061e-05	8.368053838454123e-06	1.9611220184431708e-05	7.980924327596342e-06	7.753160879736647e-06	2.5157845536626626e-06	5.760000000000005
0.12321276175594688	1.203511170323857e-05	8.99793716954602e-06	2.1827262675824142e-05	8.416613954313487e-06	9.792150972585572e-06	3.1817421094666547e-06	5.776000000000005
0.12355378104192517	1.0202396722155032e-05	8.937898417138476e-06	2.169885308550142e-05	8.38208934602217e-06	1.149645636334639e-05	3.1026772810571345e-06	5.792000000000005
0.12389479791915886	6.971993273286511e-06	7.396490094094392e-06	1.5107557431909648e-05	6.988218678000107e-06	8.135564158623137e-06	2.423399558571986e-06	5.808000000000005
0.1242358123809997	2.246041455769612e-06	6.575097878545621e-06	1.1116299009618955e-05	5.989762644463239e-06	8.870257553849343e-06	2.71194682386065e-06	5.824000000000005
0.12457682442079943	7.413971843454227e-07	7.608049501564637e-06	1.3329056070809292e-05	6.551749812333216e-06	1.2587658886463869e-05	3.867427001877293e-06	5.840000000000005
0.1249178340319098	1.1330338299093672e-05	8.651634006773021e-06	2.044031582355866e-05	8.108436897250128e-06	9.109977524464989e-06	3.017287203841244e-06	5.856000000000005
0.12525884120768271	2.0616011985695396e-05	9.57098570079076e-06	2.686296207834377e-05	9.290540663657317e-06	6.246950092648375e-06	2.2999177075867424e-06	5.872000000000005
0.12559984594146997	1.5948078249610896e-05	9.0558300493933e-06	2.351427861489124e-05	8.685679220557393e-06	7.566200365280346e-06	2.5626225553272885e-06	5.888000000000005
0.12594084822662363	7.781167129820861e-06	7.048116725690701e-06	1.4067324501136783e-05	6.714284046989485e-06	6.286157371315922e-06	2.143440952138295e-06	5.904000000000005
0.1262818480564956	6.493789423089824e-06	6.765308557310171e-06	1.3020694050040978e-05	6.457315087885456e-06	6.526904626951153e-06	2.01803908073681e-06	5.920000000000005
0.1266228454244379	8.780874708265245e-06	7.663134594435436e-06	1.614061181922409e-05	7.183417109214453e-06	7.359737110958843e-06	2.6687357395362728e-06	5.936000000000005
0.12696384032380267	8.349445644513707e-06	6.700625520675651e-06	1.2986148763369113e-05	6.434705604473516e-06	4.636703118855407e-06	1.8689425224139347e-06	5.952000000000005
0.127304832747942	9.642838473706682e-06	6.096088394721176e-06	1.1253665163229318e-05	5.988732114395341e-06	1.610826689522636e-06	1.139026504636354e-06	5.968000000000005
0.12764582269020808	6.2153839501347895e-06	4.58982256997125e-06	6.579349727162968e-06	4.5774379576247655e-06	3.6396577702817806e-07	3.3694653569002357e-07	5.984000000000005
