#Initialized App on 2018-12-30 20:12:37.420668
#Set wavelength to 1.54055 A
#Load data from ../rawdata/DD205_4.txt
#Reading mode set to 0.
#Select data above noise threshold of 0.1.
#Applying footprint correction for a equidistributed beam using a sample size of 10 and a beam size of 0.2.
#Rescaling data by setting mean value between 0.01 .. 0.015 (Imean = 3242010.714968215) to 1.
#[[Data]]
#q / A-1	I / a.u.	sI / a.u.
0.0007118384407129105	29.48308776205555	0.04565313141752408
0.0014236768760048613	10.375273556554658	0.019150004057249405
0.0021355153004548925	4.007133209290174	0.009717182380526861
0.002847353708642045	1.8425074546003901	0.005706354189255152
0.0035591920951453587	1.3920884827134552	0.004436418563408477
0.004271030454543874	1.234146832548218	0.0038132202452810008
0.004982868781416634	1.1526578787467001	0.003411813584084744
0.005694707070342677	1.096772352143518	0.003113130741956042
0.006406545315901047	1.070114744578781	0.002899199029045509
0.007118383512670783	1.0544510675438585	0.0027302180397920975
0.007830221655230929	1.0617631849860758	0.002612171044654184
0.008542059738160527	1.0445401539365788	0.002480596207757478
0.009253897756038621	1.0444803710483292	0.0023832115813914563
0.009965735703444254	1.0286547931200938	0.0022790557666518218
0.010677573574956467	1.0263253718184913	0.002199282679978993
0.01138941136515431	1.0138954580063502	0.0021165121061739543
0.012101249068616827	1.0149080549108762	0.002054343477686885
0.012813086679923057	1.0004523427083816	0.0019821938686610894
0.013524924193652052	0.9953204208901804	0.001924371184757715
0.014236761604382864	0.9761886929142258	0.0018575310747252997
0.014948598906694532	0.9729096587514942	0.001809717643929606
0.015660436095166114	0.956609765846115	0.001753235626049801
0.01637227316437665	0.9478743652051798	0.0017068513728712496
0.017084110108905197	0.9356254179202966	0.0016600823518767584
0.01779594692333081	0.9296102001983797	0.001621304906703703
0.018507783602232538	0.9080840877574248	0.001571305512408244
0.01921962014018943	0.9010943283026782	0.0015359869852738562
0.019931456531780547	0.8859466308879077	0.0014955780060635338
0.020643292771584935	0.8753855064634326	0.0014607806172811549
0.021355128854181664	0.8556080544234126	0.0014199110590867607
0.022066964774149787	0.8457400850315449	0.0013887432607176458
0.022778800526068368	0.8266605059300755	0.001351365965021385
0.02349063610451646	0.8095962801094011	0.0013169269071001068
0.024202471504073127	0.7878264360942794	0.0012798533923437175
0.02491430671931743	0.7706796520360766	0.0012476344287193082
0.025626141744828444	0.7456784528353169	0.0012100658167127616
0.026337976575185225	0.7211077672492456	0.001173771853046049
0.02704981120496684	0.6873864949144034	0.0011308192327008785
0.027761645628752368	0.6576204027980422	0.0010917918398562116
0.028473479841120874	0.6067318413139224	0.0010355067349936986
0.029185313836651426	0.5505512683979803	0.0009742973193353332
0.02989714760992311	0.4597711681046326	0.0008796923123312744
0.030608981155515	0.3503075875451795	0.000758883556788561
0.03132081446800616	0.2229218766020606	0.0005984593126783361
0.032032647541975684	0.14038457133274573	0.0004696108044368019
0.03274448037200264	0.11356645623811006	0.0004177637889325096
0.03345631295266612	0.11196537426712216	0.0004103719206293805
0.034168145278545205	0.11289196511200039	0.0004077515510112943
0.034879977344218986	0.1119629459076262	0.00040190542561735937
0.03559180914426656	0.10693278519786538	0.0003888259261730659
0.03630364067326699	0.10332659752530603	0.0003784476232075414
0.037015471925799404	0.097238071029969	0.0003635811255897896
0.03772730289644286	0.0924570176321006	0.00035116956409394687
0.03843913357977649	0.08644051042208187	0.00033639278626175696
0.03915096397037938	0.08357328621908006	0.00032774593787685815
0.039862794062830616	0.07981498849083724	0.00031741918149357965
0.04057462385170931	0.07704430509649647	0.0003091133969440315
0.04128645333159459	0.074698245580307	0.0003017353687483412
0.041998282497065546	0.07362029706171001	0.0002970009409734353
0.042710111342701286	0.07142835748160735	0.0002900980354029731
0.04342193986308093	0.06970925892053255	0.0002842270646144974
0.044133768052783594	0.06818927955518644	0.00027883504375863534
0.0448455959063884	0.06680395490342499	0.0002737889997902183
0.045557423418474456	0.06356317805141541	0.00026497080940535573
0.04626925058362089	0.06180224297641873	0.00025925712080535366
0.04698107739640684	0.05846125466728425	0.00025023461618055537
0.047692903851411415	0.05648506809077299	0.00024412640351130735
0.048404729943213765	0.05261257647706541	0.00023387063348662346
0.049116555666393	0.04941991583444644	0.00022501520017777194
0.0498283810155283	0.045968042516712895	0.0002154588932107764
0.05054020598519876	0.042792623658785736	0.00020641476577391951
0.05125203056998355	0.039449151136418496	0.00019680589404008668
0.05196385476446181	0.035620121980807586	0.00018572562512409526
0.05267567856321269	0.032355988566604016	0.00017581141728303227
0.05338750196081532	0.029080871291705303	0.00016556125685964957
0.054099324951848875	0.02549383173697445	0.00015399139110510373
0.05481114753089252	0.022700456237774603	0.0001443635833180584
0.05552296969252541	0.01967055934669805	0.00013352015234555326
0.0562347914313267	0.017236373853870675	0.00012419245610160418
0.05694661274187557	0.0147490509489348	0.00011416234927657912
0.05765843361875119	0.012463654302871665	0.00010429562359537322
0.0583702540565327	0.01075384497828586	9.628550261190849e-05
0.05908207404979933	0.00908523526463545	8.796603773217188e-05
0.05979389359313022	0.007426898613682273	7.905878547071007e-05
0.06050571268110459	0.006134428978784237	7.14272103583456e-05
0.0612175313083016	0.005094779297289497	6.471420039551986e-05
0.061929349469300454	0.00412290720671156	5.787997420612861e-05
0.06264116715868033	0.0032719313615530653	5.1268071277456015e-05
0.06335298437102045	0.0026322979257743565	4.572553436615698e-05
0.0640648011009	0.0020917091672859136	4.053365032046693e-05
0.06477661734289819	0.001665544080432983	3.597027356249988e-05
0.06548843309159422	0.0013516083171182828	3.222685579974458e-05
0.06620024834156733	0.0010489845295459372	2.823771431232658e-05
0.06691206308739671	0.0008189795822871524	2.4817563099610675e-05
0.06762387732366158	0.0006674857376119176	2.2286700092665806e-05
0.06833569104494118	0.0005058931069554738	1.9301025897007307e-05
0.06904750424581477	0.00044747626166456256	1.805867223581709e-05
0.06975931692086149	0.0003570693681706618	1.604907459403313e-05
0.07047112906466067	0.0003163312606031057	1.5029351751620152e-05
0.0711829406717915	0.0003357896453071751	1.5407085580856244e-05
0.07189475173683324	0.0003037680943041441	1.4581335136789176e-05
0.07260656225436511	0.0002883148897350125	1.4135800469405586e-05
0.07331837221896642	0.0002848294543036934	1.3981728010733146e-05
0.07403018162521639	0.0002752934153844918	1.3679439790173557e-05
0.0747419904676943	0.0003184535516043793	1.4642509902907722e-05
0.07545379874097938	0.0003047787659291317	1.425694933327782e-05
0.07616560643965092	0.00031051927899544126	1.4323186278396144e-05
0.07687741355828821	0.00035477265524625124	1.5238790382020167e-05
0.07758922009147053	0.0003476266143632653	1.5015182802008629e-05
0.07830102603377714	0.00033418388702491874	1.4654932901919964e-05
0.07901283137978733	0.00037065936328061936	1.536432492467714e-05
0.0797246361240804	0.0003692435654010636	1.5266342544431316e-05
0.08043644026123564	0.00036847842793474536	1.5182889118740038e-05
0.08114824378583237	0.00036586637876386116	1.5062480444310034e-05
0.08186004669244987	0.00037989720867607016	1.5281706874024502e-05
0.0825718489756675	0.00039063903231031065	1.5429314116632937e-05
0.08328365063006452	0.00039455090430646594	1.5439970011290196e-05
0.08399545165022025	0.00036185183925589715	1.4723542528578294e-05
0.08470725203071407	0.0003576230589571396	1.4575627742324747e-05
0.08541905176612526	0.0003652469171357832	1.4668669183275518e-05
0.08613085085103317	0.00035346486663946744	1.437039035388631e-05
0.08684264928001716	0.0003285485921277788	1.3797743942388828e-05
0.08755444704765654	0.00036955780491653	1.4573937152624655e-05
0.08826624414853067	0.0003392125674997298	1.390635946353345e-05
0.08897804057721892	0.0003331057063501539	1.3725381517394044e-05
0.08968983632830065	0.0003097030352835696	1.3181836569047288e-05
0.09040163139635521	0.00027497948645547227	1.237191199530883e-05
0.09111342577596197	0.00028553396926870586	1.2557769609892122e-05
0.09182521946170033	0.000278388539638191	1.2351494139739729e-05
0.09253701244814964	0.00025775819564766134	1.1839226032365416e-05
0.0932488047298893	0.00021477781204013932	1.0765838926942849e-05
0.09396059630149874	0.0002393929598354281	1.1322898461621275e-05
0.09467238715755728	0.00020357528970442286	1.0402211375941378e-05
0.09538417729264437	0.00018148123243385558	9.78481228886022e-06
0.09609596670133941	0.00018066064254868274	9.726442036241017e-06
0.09680775537822184	0.0001684164369808316	9.356468721157312e-06
0.09751954331787104	0.0001594470307309956	9.070624661185882e-06
0.0982313305148664	0.00016956162999632316	9.319950074262049e-06
0.09894311696378745	0.00015257566888883742	8.80896035047575e-06
0.09965490265921358	0.0001373472126696809	8.327898017959802e-06
0.10036668759572422	0.00014188825893845253	8.434381518896847e-06
0.10107847176789882	0.0001189840779244378	7.696440192051591e-06
0.10179025517031683	0.00012705054599615348	7.92519531431999e-06
0.10250203779755773	0.00010604028032504494	7.215127193834734e-06
0.10321381964420098	0.00011798509081265185	7.584368890230613e-06
0.10392560070482604	0.00011185078898501275	7.35924161952766e-06
0.10463738097401237	0.00011301357591205794	7.372192820359166e-06
0.10534916044633952	0.00010699575678556437	7.148954709467411e-06
0.1060609391163869	8.77739970378131e-05	6.4532726061818745e-06
0.10677271697873404	9.567211156597011e-05	6.714865844366481e-06
0.10748449402796044	9.737940890785631e-05	6.752047153685589e-06
0.10819627025864563	9.859915349272066e-05	6.771817664311729e-06
0.1089080456653691	9.749270178214231e-05	6.7116743804722e-06
0.10961982024271036	0.00010099112515235897	6.808820268772849e-06
0.11033159398524896	9.897134146583273e-05	6.718612441625658e-06
0.11104336688756443	8.655464140073455e-05	6.26287404877636e-06
0.11175513894423629	9.050616647126638e-05	6.38381277286762e-06
0.1124669101498441	9.709225449721158e-05	6.5910517063734935e-06
0.11317868049896743	0.00010003857740350277	6.66923849356685e-06
0.11389044998618579	9.190214365183697e-05	6.372267139649146e-06
0.1146022186060788	9.57222908688448e-05	6.4831315944893986e-06
0.115313986353226	9.25131547000208e-05	6.353829551133585e-06
0.11602575322220694	9.67163909407816e-05	6.476608575443416e-06
0.11673751920760128	8.750546833897463e-05	6.141679857661611e-06
0.11744928430398857	7.197944978216321e-05	5.553335114907975e-06
0.11816104850594841	9.070994066944852e-05	6.2153427215831355e-06
0.1188728118080604	8.974348714655978e-05	6.163608002586688e-06
0.11958457420490416	8.247655745460243e-05	5.891182675328746e-06
0.12029633569105934	7.02759133347257e-05	5.42190442459691e-06
0.12100809626110551	7.65161324000033e-05	5.6408441192317956e-06
0.12171985590962232	8.847120841362603e-05	6.047767301842073e-06
0.12243161463118944	7.973661012981009e-05	5.724754978321894e-06
0.12314337242038649	7.232889642395658e-05	5.436572770689497e-06
0.12385512927179312	6.297487537592117e-05	5.058263713716592e-06
0.12456688517998903	7.029043950093457e-05	5.328704466795977e-06
0.1252786401395538	5.3422502228419786e-05	4.6323184279187315e-06
0.1259903941450672	6.550222145220408e-05	5.1148641681256315e-06
0.12670214719110895	6.433994053912986e-05	5.05502313959533e-06
0.1274138992722586	6.437547005583412e-05	5.0422759644118906e-06
0.12812565038309592	5.851939141840305e-05	4.794095341930378e-06
0.12883740051820064	5.897726232156532e-05	4.799501540720902e-06
0.12954914967215245	5.3603621898052866e-05	4.563043321304016e-06
0.13026089783953104	4.712977635334625e-05	4.266929462967251e-06
0.13097264501491618	5.1868392158833454e-05	4.464120422793718e-06
0.13168439119288758	4.700244248795831e-05	4.238067514659437e-06
0.13239613636802505	4.6749763198530363e-05	4.215284190400784e-06
0.1331078805349082	4.687783352399937e-05	4.20975372421939e-06
0.1338196236881169	4.474832386461095e-05	4.10207212312205e-06
0.1345313658222309	4.9000144390526606e-05	4.28116249309797e-06
0.13524310693182995	4.2044860874487974e-05	3.9552478032915866e-06
0.13595484701149388	4.293514255667371e-05	3.986427908370727e-06
0.1366665860558024	4.2343339830732826e-05	3.948536798911195e-06
0.1373783240593354	3.47980579378429e-05	3.570205413883177e-06
0.1380900610166726	3.607633313152284e-05	3.6258079033069237e-06
0.13880179692239386	3.2265955731615055e-05	3.4201844671891018e-06
0.13951353177107895	2.921583488343004e-05	3.246203875936671e-06
0.14022526555730777	3.768015177182429e-05	3.677206286283513e-06
0.14093699827566017	2.9634847066513433e-05	3.252847058163493e-06
0.1416487299207159	3.552523264450519e-05	3.5525232644505194e-06
0.14236046048705486	3.746848184556889e-05	3.639260670059088e-06
0.14307218996925694	3.7985526132915673e-05	3.655158956358072e-06
0.14378391836190196	3.07979615841211e-05	3.2830737360135953e-06
0.14449564565956985	3.6218311103513845e-05	3.551497597426756e-06
0.14520737185684046	3.292187455009922e-05	3.3777130598464967e-06
0.14591909694829372	3.414072008103973e-05	3.431271472162448e-06
0.1466308209285095	2.3679549743590556e-05	2.8506827965690566e-06
0.1473425437920677	3.381089341324371e-05	3.398122644800854e-06
0.14805426553354828	3.466800600050058e-05	3.4326440961296255e-06
0.14876598614753114	3.314912319847727e-05	3.3485671148616535e-06
0.14947770562859625	2.9961475633659963e-05	3.1759100653541766e-06
0.15018942397132354	3.0154544548180903e-05	3.1785680859088224e-06
0.15090114117029294	3.101273298559498e-05	3.2158706027634874e-06
0.15161285722008444	3.119905478934259e-05	3.2179367972920113e-06
0.152324572115278	2.9731865403708303e-05	3.134013792042663e-06
0.1530362858504536	2.8607140646108176e-05	3.0670074072560355e-06
0.15374799842019127	2.7820124590549305e-05	3.0175161819999576e-06
0.15445970981907092	3.0298236373858916e-05	3.141780755521602e-06
0.1551714200416727	2.951068383225104e-05	3.093560238264343e-06
0.1558831290825765	3.7446263569786785e-05	3.476798288529287e-06
0.1565948369363624	2.95637828683644e-05	3.082237431053793e-06
0.15730654359761037	2.559132745096337e-05	2.861197390740526e-06
0.15801824906090053	2.8660573716795585e-05	3.0210897330743903e-06
0.1587299533208129	2.5044814437188625e-05	2.817761770421833e-06
0.1594416563719276	2.587984497253909e-05	2.857950774897937e-06
0.16015335820882456	3.424838238272283e-05	3.280400087247694e-06
0.160865058826084	3.003026235849995e-05	3.064950817509724e-06
0.161576758218286	2.5226427075120784e-05	2.8029363416800873e-06
0.16228845638001058	2.8836658519800277e-05	2.9902221922469455e-06
0.16300015330583792	2.6549726639334545e-05	2.8629306513126497e-06
0.16371184899034805	2.8685901490276777e-05	2.9745894165212535e-06
0.1644235434281212	2.5909846507346765e-05	2.8269960205858035e-06
0.1651352366137375	2.7760549829300106e-05	2.926218885306228e-06
0.165846928541777	2.7452099275641216e-05	2.909916703390382e-06
0.1665586192068199	2.4059143185393424e-05	2.724161529001743e-06
0.1672703086034464	2.2825340970757863e-05	2.6533919913731575e-06
0.16798199672623668	2.5292945400028985e-05	2.793138559452971e-06
0.1686936835697709	2.4676044292711204e-05	2.7588656227148988e-06
0.16940536912862922	2.5292945400028985e-05	2.793138559452971e-06
0.17011705339739192	2.0357736541486745e-05	2.505864143856048e-06
0.17082873637063914	2.2208439863440083e-05	2.6172897378353543e-06
0.17154041804295117	1.8507033219533404e-05	2.389247714898677e-06
0.17225209840890815	2.1283088202463416e-05	2.5621827295532283e-06
0.17296377746309044	2.1283088202463416e-05	2.5621827295532283e-06
0.17367545520007827	1.8507033219533404e-05	2.389247714898677e-06
0.17438713161445182	1.8198582665874514e-05	2.3692536586647012e-06
0.17509880670079145	2.1283088202463416e-05	2.5621827295532283e-06
0.17581048045367736	1.8198582665874514e-05	2.3692536586647012e-06
0.17652215286768996	1.6039428790262283e-05	2.2242685743247695e-06
0.17723382393740947	1.2338022146355602e-05	1.950812590204152e-06
0.17794549365741621	1.9740835434168965e-05	2.4676044292711206e-06
0.1786571620222905	1.4497176021967833e-05	2.114630457187819e-06
0.17936882902661275	1.5114077129285614e-05	2.1591538756122304e-06
0.18008049466496323	2.0049285987827855e-05	2.4868078662033637e-06
0.18079215893192238	1.6656329897580063e-05	2.2666394020297305e-06
0.18150382182207042	1.6039428790262283e-05	2.2242685743247695e-06
0.18221548332998788	1.9740835434168965e-05	2.4676044292711206e-06
0.18292714345025501	1.7273231004897843e-05	2.308232585104596e-06
0.18363880217745235	1.5114077129285614e-05	2.1591538756122304e-06
0.1843504595061602	1.6039428790262283e-05	2.2242685743247695e-06
0.18506211543095905	1.4497176021967833e-05	2.114630457187819e-06
0.18577376994642925	1.4188725468308943e-05	2.0920134383922795e-06
0.18648542304715132	1.0178868270743373e-05	1.7719135288528337e-06
0.18719707472770566	1.4497176021967833e-05	2.114630457187819e-06
0.1879087249826728	1.2338022146355602e-05	1.950812590204152e-06
0.1886203738066331	1.0795769378061153e-05	1.824818084587243e-06
0.1893320211941672	8.019714395131141e-06	1.5727953920851787e-06
0.19004366713985543	1.6964780451238953e-05	2.2875305293888802e-06
0.19075531163827839	9.253516609766702e-06	1.6894532611393175e-06
0.1914669546840166	1.0487318824402263e-05	1.7985603403233872e-06
0.19217859627165051	1.1412670485378932e-05	1.8762314702460368e-06
0.19289023639576078	1.0487318824402263e-05	1.7985603403233872e-06
0.19360187505092794	1.4805626575626724e-05	2.1370081222397913e-06
0.19431351223173238	1.1721121039037822e-05	1.9014169121983955e-06
0.19502514793275494	1.3263373807332273e-05	2.022645543405087e-06
0.19573678214857593	1.3880274914650053e-05	2.069149217036174e-06
0.19644841487377615	1.1104219931720041e-05	1.8507033219533405e-06
0.1971600461029362	8.019714395131141e-06	1.5727953920851787e-06
0.1978716758306365	1.0178868270743373e-05	1.7719135288528337e-06
0.19858330405145797	8.019714395131141e-06	1.5727953920851787e-06
0.199294930759981	1.2029571592696712e-05	1.9262730902046462e-06
0.20000655595078634	9.870417717084482e-06	1.7448598252235698e-06
0.2007181796184547	1.1104219931720041e-05	1.8507033219533405e-06
0.2014298017575667	7.094362734154472e-06	1.4792768886205664e-06
0.20214142236270302	1.2029571592696712e-05	1.9262730902046462e-06
0.20285304142844443	8.636615502448922e-06	1.6321669134832145e-06
0.2035646589493715	1.0487318824402263e-05	1.7985603403233872e-06
0.20427627492006512	9.870417717084482e-06	1.7448598252235698e-06
0.20498788933510592	9.253516609766702e-06	1.6894532611393175e-06
0.20569950218907465	1.1104219931720041e-05	1.8507033219533405e-06
0.20641111347655214	1.0795769378061153e-05	1.824818084587243e-06
0.20712272319211905	7.402813287813362e-06	1.5110929346864868e-06
0.20783433133035628	7.402813287813362e-06	1.5110929346864868e-06
0.20854593788584455	6.7859121804955814e-06	1.4467613380079204e-06
0.20925754285316464	7.094362734154472e-06	1.4792768886205664e-06
0.20996914622689747	8.945066056107812e-06	1.6610570663050076e-06
0.2106807480016238	3.701406643906681e-06	1.0685040611198956e-06
0.21139234817192448	7.402813287813362e-06	1.5110929346864868e-06
0.21210394673238034	7.094362734154472e-06	1.4792768886205664e-06
0.21281554367757233	5.860560519518911e-06	1.3445047924782719e-06
0.2135271390020812	3.701406643906681e-06	1.0685040611198956e-06
0.214238732700488	8.636615502448922e-06	1.6321669134832145e-06
0.2149503247673735	7.402813287813362e-06	1.5110929346864868e-06
0.21566191519731867	5.243659412201131e-06	1.2717742130158518e-06
0.21637350398490446	8.328164948790032e-06	1.6027560916798437e-06
0.21708509112471175	7.094362734154472e-06	1.4792768886205664e-06
0.21779667661132163	8.636615502448922e-06	1.6321669134832145e-06
0.21850826043931484	7.711263841472251e-06	1.5422527682944503e-06
0.2192198426032726	4.009857197565571e-06	1.1121342871623848e-06
0.21993142309777572	5.552109965860021e-06	1.3086448689176772e-06
0.2206430019174053	6.477461626836691e-06	1.4134980102929017e-06
0.2213545790567423	3.701406643906681e-06	1.0685040611198956e-06
0.22206615451036782	8.328164948790032e-06	1.6027560916798437e-06
0.22277772827286285	5.860560519518911e-06	1.3445047924782719e-06
0.2234893003388085	4.009857197565571e-06	1.1121342871623848e-06
0.22420087070278574	7.402813287813362e-06	1.5110929346864868e-06
0.2249124393593758	4.935208858542241e-06	1.2338022146355603e-06
0.2256240063031596	6.169011073177801e-06	1.3794328113574494e-06
0.2263355715287184	4.318307751224461e-06	1.154116292552298e-06
0.22704713503063317	6.477461626836691e-06	1.4134980102929017e-06
0.2277586968034852	4.318307751224461e-06	1.154116292552298e-06
0.22847025684185554	5.243659412201131e-06	1.2717742130158518e-06
0.2291818151403254	4.935208858542241e-06	1.2338022146355603e-06
0.22989337169347587	4.935208858542241e-06	1.2338022146355603e-06
0.2306049264958883	3.701406643906681e-06	1.0685040611198956e-06
0.2313164795421437	6.477461626836691e-06	1.4134980102929017e-06
0.23202803082682338	4.009857197565571e-06	1.1121342871623848e-06
0.23273958034450865	4.626758304883351e-06	1.1946238574493385e-06
0.23345112808978052	4.318307751224461e-06	1.154116292552298e-06
0.2341626740572205	6.477461626836691e-06	1.4134980102929017e-06
0.2348742182414097	4.626758304883351e-06	1.1946238574493385e-06
0.23558576063692946	4.935208858542241e-06	1.2338022146355603e-06
0.23629730123836104	4.009857197565571e-06	1.1121342871623848e-06
0.23700884004028577	3.0845055365889005e-06	9.75406295102076e-07
0.23772037703728494	2.4676044292711206e-06	8.724299126117849e-07
0.23843191222393997	4.009857197565571e-06	1.1121342871623848e-06
0.23914344559483208	2.4676044292711206e-06	8.724299126117849e-07
0.2398549771445428	3.0845055365889005e-06	9.75406295102076e-07
0.24056650686765332	3.701406643906681e-06	1.0685040611198956e-06
0.24127803475874518	3.0845055365889005e-06	9.75406295102076e-07
0.24198956081239972	4.626758304883351e-06	1.1946238574493385e-06
0.24270108502319837	2.7760549829300104e-06	9.253516609766702e-07
0.24341260738572257	3.701406643906681e-06	1.0685040611198956e-06
0.2441241278945538	1.8507033219533405e-06	7.555464673432434e-07
0.2448356465442734	2.7760549829300104e-06	9.253516609766702e-07
0.245547163329463	1.5422527682944503e-06	6.897164056787247e-07
0.246258678244704	3.3929560902477907e-06	1.0230147528639233e-06
0.24697019128457787	2.7760549829300104e-06	9.253516609766702e-07
0.24768170244366625	3.701406643906681e-06	1.0685040611198956e-06
0.24839321171655052	2.4676044292711206e-06	8.724299126117849e-07
0.24910471909781237	1.5422527682944503e-06	6.897164056787247e-07
0.24981622458203329	2.1591538756122304e-06	8.160834567416072e-07
0.25052772816379487	2.1591538756122304e-06	8.160834567416072e-07
0.2512392298376787	3.3929560902477907e-06	1.0230147528639233e-06
0.25195072959826637	3.0845055365889005e-06	9.75406295102076e-07
0.25266222744013955	1.8507033219533405e-06	7.555464673432434e-07
0.25337372335787983	2.4676044292711206e-06	8.724299126117849e-07
0.2540852173460688	2.7760549829300104e-06	9.253516609766702e-07
0.2547967093992882	2.1591538756122304e-06	8.160834567416072e-07
0.2555081995121198	1.5422527682944503e-06	6.897164056787247e-07
0.2562196876791451	1.5422527682944503e-06	6.897164056787247e-07
0.25693117389494585	1.5422527682944503e-06	6.897164056787247e-07
0.2576426581541039	2.4676044292711206e-06	8.724299126117849e-07
0.2583541404512009	1.8507033219533405e-06	7.555464673432434e-07
0.2590656207808187	2.4676044292711206e-06	8.724299126117849e-07
0.25977709913753877	6.169011073177802e-07	4.3621495630589244e-07
0.2604885755159433	1.8507033219533405e-06	7.555464673432434e-07
0.26120004991061374	1.2338022146355603e-06	6.169011073177802e-07
0.26191152231613213	1.2338022146355603e-06	6.169011073177802e-07
0.26262299272708023	2.1591538756122304e-06	8.160834567416072e-07
0.26333446113803977	1.8507033219533405e-06	7.555464673432434e-07
0.26404592754359274	1.2338022146355603e-06	6.169011073177802e-07
0.26475739193832115	1.5422527682944503e-06	6.897164056787247e-07
0.26546885431680656	1.8507033219533405e-06	7.555464673432434e-07
0.266180314673631	1.8507033219533405e-06	7.555464673432434e-07
0.26689177300337646	1.5422527682944503e-06	6.897164056787247e-07
0.2676032293006249	9.253516609766702e-07	5.342520305599478e-07
0.2683146835599582	2.4676044292711206e-06	8.724299126117849e-07
0.2690261357759583	1.5422527682944503e-06	6.897164056787247e-07
0.26973758594320724	1.5422527682944503e-06	6.897164056787247e-07
0.27044903405628695	6.169011073177802e-07	4.3621495630589244e-07
0.27116048010977956	1.2338022146355603e-06	6.169011073177802e-07
0.271871924098267	9.253516609766702e-07	5.342520305599478e-07
0.27258336601633126	1.8507033219533405e-06	7.555464673432434e-07
0.2732948058585546	2.4676044292711206e-06	8.724299126117849e-07
0.27400624361951903	1.2338022146355603e-06	6.169011073177802e-07
0.2747176792938064	1.5422527682944503e-06	6.897164056787247e-07
0.27542911287599914	1.2338022146355603e-06	6.169011073177802e-07
0.27614054436067914	1.5422527682944503e-06	6.897164056787247e-07
0.2768519737424287	1.5422527682944503e-06	6.897164056787247e-07
0.27756340101582994	9.253516609766702e-07	5.342520305599478e-07
0.27827482617546495	2.7760549829300104e-06	9.253516609766702e-07
0.27898624921591597	2.4676044292711206e-06	8.724299126117849e-07
0.2796976701317653	1.2338022146355603e-06	6.169011073177802e-07
0.2804090889175949	6.169011073177802e-07	4.3621495630589244e-07
0.2811205055679873	6.169011073177802e-07	4.3621495630589244e-07
0.2818319200775246	1.2338022146355603e-06	6.169011073177802e-07
0.2825433324407891	1.5422527682944503e-06	6.897164056787247e-07
0.283254742652363	1.8507033219533405e-06	7.555464673432434e-07
0.2839661507068288	1.5422527682944503e-06	6.897164056787247e-07
0.28467755659876864	9.253516609766702e-07	5.342520305599478e-07
0.28538896032276495	1.8507033219533405e-06	7.555464673432434e-07
0.28610036187339993	1.5422527682944503e-06	6.897164056787247e-07
0.28681176124525626	1.5422527682944503e-06	6.897164056787247e-07
0.28752315843291587	2.4676044292711206e-06	8.724299126117849e-07
0.2882345534309616	6.169011073177802e-07	4.3621495630589244e-07
0.2889459462339756	9.253516609766702e-07	5.342520305599478e-07
0.2896573368365405	1.5422527682944503e-06	6.897164056787247e-07
0.2903687252332385	1.5422527682944503e-06	6.897164056787247e-07
0.29108011141865225	1.2338022146355603e-06	6.169011073177802e-07
0.29179149538736415	2.7760549829300104e-06	9.253516609766702e-07
0.2925028771339569	1.2338022146355603e-06	6.169011073177802e-07
0.29321425665301265	1.5422527682944503e-06	6.897164056787247e-07
0.29392563393911425	3.084505536588901e-07	3.084505536588901e-07
0.2946370089868442	1.5422527682944503e-06	6.897164056787247e-07
0.29534838179078493	9.253516609766702e-07	5.342520305599478e-07
0.2960597523455192	6.169011073177802e-07	4.3621495630589244e-07
0.2967711206456294	1.8507033219533405e-06	7.555464673432434e-07
0.29748248668569827	9.253516609766702e-07	5.342520305599478e-07
0.29819385046030866	1.2338022146355603e-06	6.169011073177802e-07
0.2989052119640428	9.253516609766702e-07	5.342520305599478e-07
0.2996165711914836	6.169011073177802e-07	4.3621495630589244e-07
0.3003279281372138	1.2338022146355603e-06	6.169011073177802e-07
0.30103928279581604	6.169011073177802e-07	4.3621495630589244e-07
0.30175063516187306	1.5422527682944503e-06	6.897164056787247e-07
0.3024619852299676	1.5422527682944503e-06	6.897164056787247e-07
0.30317333299468224	1.2338022146355603e-06	6.169011073177802e-07
0.3038846784506001	1.2338022146355603e-06	6.169011073177802e-07
0.3045960215923037	1.8507033219533405e-06	7.555464673432434e-07
0.305307362414376	9.253516609766702e-07	5.342520305599478e-07
0.3060187009113997	9.253516609766702e-07	5.342520305599478e-07
0.3067300370779577	1.2338022146355603e-06	6.169011073177802e-07
0.3074413709086331	6.169011073177802e-07	4.3621495630589244e-07
0.30815270239800835	1.5422527682944503e-06	6.897164056787247e-07
0.3088640315406667	6.169011073177802e-07	4.3621495630589244e-07
0.30957535833119093	9.253516609766702e-07	5.342520305599478e-07
0.31028668276416393	2.4676044292711206e-06	8.724299126117849e-07
0.3109980048341688	1.8507033219533405e-06	7.555464673432434e-07
0.3117093245357884	9.253516609766702e-07	5.342520305599478e-07
0.3124206418636057	9.253516609766702e-07	5.342520305599478e-07
0.31313195681220385	1.2338022146355603e-06	6.169011073177802e-07
0.31384326937616563	1.2338022146355603e-06	6.169011073177802e-07
0.3145545795500744	3.084505536588901e-07	3.084505536588901e-07
0.31526588732851285	1.5422527682944503e-06	6.897164056787247e-07
0.3159771927060645	1.5422527682944503e-06	6.897164056787247e-07
0.3166884956773121	3.084505536588901e-07	3.084505536588901e-07
0.31739979623683895	1.8507033219533405e-06	7.555464673432434e-07
0.318111094379228	1.5422527682944503e-06	6.897164056787247e-07
0.3188223900990627	6.169011073177802e-07	4.3621495630589244e-07
0.31953368339092597	6.169011073177802e-07	4.3621495630589244e-07
0.3202449742494011	6.169011073177802e-07	4.3621495630589244e-07
0.3209562626690713	1.5422527682944503e-06	6.897164056787247e-07
0.32166754864451974	1.2338022146355603e-06	6.169011073177802e-07
0.32237883217032987	1.5422527682944503e-06	6.897164056787247e-07
0.3230901132410846	1.5422527682944503e-06	6.897164056787247e-07
0.32380139185136747	3.084505536588901e-07	3.084505536588901e-07
0.3245126679957617	1.8507033219533405e-06	7.555464673432434e-07
0.32522394166885077	1.8507033219533405e-06	7.555464673432434e-07
0.32664648157944626	1.2338022146355603e-06	6.169011073177802e-07
0.3273577478061195	9.253516609766702e-07	5.342520305599478e-07
0.328069011539821	6.169011073177802e-07	4.3621495630589244e-07
0.328780272775134	1.2338022146355603e-06	6.169011073177802e-07
0.32949153150664207	6.169011073177802e-07	4.3621495630589244e-07
0.3302027877289287	1.2338022146355603e-06	6.169011073177802e-07
0.33091404143657727	6.169011073177802e-07	4.3621495630589244e-07
0.33162529262417134	2.1591538756122304e-06	8.160834567416072e-07
0.3323365412862943	1.5422527682944503e-06	6.897164056787247e-07
0.3330477874175298	3.084505536588901e-07	3.084505536588901e-07
0.3337590310124614	6.169011073177802e-07	4.3621495630589244e-07
0.3344702720656726	1.8507033219533405e-06	7.555464673432434e-07
0.33518151057174694	1.5422527682944503e-06	6.897164056787247e-07
0.33589274652526824	1.5422527682944503e-06	6.897164056787247e-07
0.3366039799208199	1.2338022146355603e-06	6.169011073177802e-07
0.33731521075298576	1.2338022146355603e-06	6.169011073177802e-07
0.33802643901634927	9.253516609766702e-07	5.342520305599478e-07
0.3387376647054943	9.253516609766702e-07	5.342520305599478e-07
0.3394488878150046	1.2338022146355603e-06	6.169011073177802e-07
0.3401601083394637	1.2338022146355603e-06	6.169011073177802e-07
0.34087132627345545	3.084505536588901e-07	3.084505536588901e-07
0.34158254161156354	2.1591538756122304e-06	8.160834567416072e-07
0.34229375434837184	3.084505536588901e-07	3.084505536588901e-07
0.34300496447846435	1.2338022146355603e-06	6.169011073177802e-07
0.34371617199642446	2.4676044292711206e-06	8.724299126117849e-07
0.3444273768968362	9.253516609766702e-07	5.342520305599478e-07
0.34513857917428353	1.2338022146355603e-06	6.169011073177802e-07
0.3458497788233503	9.253516609766702e-07	5.342520305599478e-07
0.34656097583862044	1.5422527682944503e-06	6.897164056787247e-07
0.34727217021467777	9.253516609766702e-07	5.342520305599478e-07
0.34798336194610624	1.2338022146355603e-06	6.169011073177802e-07
0.34869455102749	6.169011073177802e-07	4.3621495630589244e-07
0.34940573745341275	2.4676044292711206e-06	8.724299126117849e-07
0.3501169212184587	2.1591538756122304e-06	8.160834567416072e-07
0.35082810231721184	1.2338022146355603e-06	6.169011073177802e-07
0.3515392807442562	1.5422527682944503e-06	6.897164056787247e-07
0.35225045649417586	6.169011073177802e-07	4.3621495630589244e-07
0.35296162956155486	3.084505536588901e-07	3.084505536588901e-07
0.3536727999409773	9.253516609766702e-07	5.342520305599478e-07
0.35438396762702745	6.169011073177802e-07	4.3621495630589244e-07
0.35509513261428927	2.1591538756122304e-06	8.160834567416072e-07
0.3558062948973471	6.169011073177802e-07	4.3621495630589244e-07
0.356517454470785	6.169011073177802e-07	4.3621495630589244e-07
0.35722861132918715	2.4676044292711206e-06	8.724299126117849e-07
0.35793976546713796	1.8507033219533405e-06	7.555464673432434e-07
0.3586509168792215	1.2338022146355603e-06	6.169011073177802e-07
0.3593620655600222	6.169011073177802e-07	4.3621495630589244e-07
0.3600732115041242	1.2338022146355603e-06	6.169011073177802e-07
0.3607843547061119	9.253516609766702e-07	5.342520305599478e-07
0.3614954951605697	1.2338022146355603e-06	6.169011073177802e-07
0.36220663286208177	2.4676044292711206e-06	8.724299126117849e-07
0.3629177678052326	9.253516609766702e-07	5.342520305599478e-07
0.3636288999846067	1.2338022146355603e-06	6.169011073177802e-07
0.3643400293947883	2.4676044292711206e-06	8.724299126117849e-07
0.36505115603036187	1.8507033219533405e-06	7.555464673432434e-07
0.3657622798859119	1.8507033219533405e-06	7.555464673432434e-07
0.36647340095602304	1.2338022146355603e-06	6.169011073177802e-07
0.36718451923527945	1.2338022146355603e-06	6.169011073177802e-07
0.36789563471826586	6.169011073177802e-07	4.3621495630589244e-07
0.3686067473995669	1.2338022146355603e-06	6.169011073177802e-07
0.36931785727376704	9.253516609766702e-07	5.342520305599478e-07
0.37002896433545074	1.5422527682944503e-06	6.897164056787247e-07
0.3707400685792028	1.5422527682944503e-06	6.897164056787247e-07
0.37145116999960776	3.084505536588901e-07	3.084505536588901e-07
0.37287336434871515	6.169011073177802e-07	4.3621495630589244e-07
0.37358445726658696	3.084505536588901e-07	3.084505536588901e-07
0.3742955473394503	2.4676044292711206e-06	8.724299126117849e-07
0.3750066345618901	1.2338022146355603e-06	6.169011073177802e-07
0.37571771892849115	9.253516609766702e-07	5.342520305599478e-07
0.37642880043383814	3.084505536588901e-07	3.084505536588901e-07
0.3771398790725157	1.2338022146355603e-06	6.169011073177802e-07
0.377850954839109	6.169011073177802e-07	4.3621495630589244e-07
0.3785620277282028	6.169011073177802e-07	4.3621495630589244e-07
0.3792730977343818	1.5422527682944503e-06	6.897164056787247e-07
0.37998416485223097	1.8507033219533405e-06	7.555464673432434e-07
0.38069522907633524	6.169011073177802e-07	4.3621495630589244e-07
0.38140629040127966	1.5422527682944503e-06	6.897164056787247e-07
0.38211734882164894	9.253516609766702e-07	5.342520305599478e-07
0.3828284043320283	3.084505536588901e-07	3.084505536588901e-07
0.3835394569270026	1.8507033219533405e-06	7.555464673432434e-07
0.3842505066011569	9.253516609766702e-07	5.342520305599478e-07
0.38496155334907634	1.2338022146355603e-06	6.169011073177802e-07
0.3856725971653458	1.2338022146355603e-06	6.169011073177802e-07
0.38638363804455045	9.253516609766702e-07	5.342520305599478e-07
0.3870946759812756	9.253516609766702e-07	5.342520305599478e-07
0.3885167430056271	6.169011073177802e-07	4.3621495630589244e-07
0.3892277720824241	2.1591538756122304e-06	8.160834567416072e-07
0.3899387981950821	1.5422527682944503e-06	6.897164056787247e-07
0.39064982133818626	1.2338022146355603e-06	6.169011073177802e-07
0.3913608415063219	9.253516609766702e-07	5.342520305599478e-07
0.39207185869407435	3.084505536588901e-07	3.084505536588901e-07
0.39278287289602876	2.1591538756122304e-06	8.160834567416072e-07
0.39349388410677066	9.253516609766702e-07	5.342520305599478e-07
0.3942048923208853	9.253516609766702e-07	5.342520305599478e-07
0.39491589753295786	9.253516609766702e-07	5.342520305599478e-07
0.3956268997375739	1.2338022146355603e-06	6.169011073177802e-07
0.39633789892931903	2.4676044292711206e-06	8.724299126117849e-07
0.39704889510277824	1.8507033219533405e-06	7.555464673432434e-07
0.3977598882525372	3.084505536588901e-07	3.084505536588901e-07
0.39847087837318146	9.253516609766702e-07	5.342520305599478e-07
0.39918186545929646	1.5422527682944503e-06	6.897164056787247e-07
0.39989284950546766	1.5422527682944503e-06	6.897164056787247e-07
0.40060383050628073	9.253516609766702e-07	5.342520305599478e-07
0.4013148084563211	9.253516609766702e-07	5.342520305599478e-07
0.4020257833501745	6.169011073177802e-07	4.3621495630589244e-07
0.4027367551824264	6.169011073177802e-07	4.3621495630589244e-07
0.40344772394766265	1.8507033219533405e-06	7.555464673432434e-07
0.4041586896404687	2.4676044292711206e-06	8.724299126117849e-07
0.4048696522554303	9.253516609766702e-07	5.342520305599478e-07
0.4055806117871333	1.2338022146355603e-06	6.169011073177802e-07
0.40629156823016316	9.253516609766702e-07	5.342520305599478e-07
0.4070025215791058	9.253516609766702e-07	5.342520305599478e-07
0.4084244189730727	2.1591538756122304e-06	8.160834567416072e-07
0.4091353630072685	1.8507033219533405e-06	7.555464673432434e-07
0.40984630392572036	6.169011073177802e-07	4.3621495630589244e-07
0.41055724172301405	1.5422527682944503e-06	6.897164056787247e-07
0.4112681763937356	1.5422527682944503e-06	6.897164056787247e-07
0.4119791079324709	3.084505536588901e-07	3.084505536588901e-07
0.41269003633380585	1.5422527682944503e-06	6.897164056787247e-07
0.4134009615923265	1.5422527682944503e-06	6.897164056787247e-07
0.4141118837026187	3.084505536588901e-07	3.084505536588901e-07
0.41482280265926874	9.253516609766702e-07	5.342520305599478e-07
0.4155337184568623	6.169011073177802e-07	4.3621495630589244e-07
0.4162446310899857	1.5422527682944503e-06	6.897164056787247e-07
0.4176664468411663	1.2338022146355603e-06	6.169011073177802e-07
0.41837734994839554	6.169011073177802e-07	4.3621495630589244e-07
0.4190882498694993	3.084505536588901e-07	3.084505536588901e-07
0.4197991465990634	6.169011073177802e-07	4.3621495630589244e-07
0.42051004013167415	6.169011073177802e-07	4.3621495630589244e-07
0.42122093046191794	1.5422527682944503e-06	6.897164056787247e-07
0.4219318175843808	6.169011073177802e-07	4.3621495630589244e-07
0.4226427014936492	1.2338022146355603e-06	6.169011073177802e-07
0.42335358218430924	9.253516609766702e-07	5.342520305599478e-07
0.42406445965094747	1.8507033219533405e-06	7.555464673432434e-07
0.42477533388815014	6.169011073177802e-07	4.3621495630589244e-07
0.42548620489050376	1.5422527682944503e-06	6.897164056787247e-07
0.42619707265259454	6.169011073177802e-07	4.3621495630589244e-07
0.426907937169009	6.169011073177802e-07	4.3621495630589244e-07
