#Initialized App on 2019-01-08 14:07:05.398220
#Set wavelength to 1.54055 A
#Load data from ../txtfile/DD205_6.txt
#Reading mode set to 0.
#Select data above noise threshold of 0.1.
#Applying footprint correction for a equidistributed beam using a sample size of 10 and a beam size of 0.2.
#Rescaling data by setting mean value between 0.01 .. 0.015 (Imean = 858101.8817269279) to 1.
#[[Data]]
#q / A-1	I / a.u.	sI / a.u.
0.00035591922069526524	65.96752236955568	0.18771629294773112
0.0007118384407129105	36.30999393588792	0.0984770370456191
0.0010677576593753158	24.67263081399762	0.06628022681485662
0.0014236768760048613	16.733589408864326	0.0472717241000025
0.0017795960899239269	10.322912836013343	0.033208786968682465
0.0021355153004548925	6.667600124179424	0.024363856495859506
0.0024914345069201385	4.223473926141988	0.017952410678709212
0.002847353708642045	2.6324886322483065	0.013257912416381943
0.003203272904942992	1.952721756242234	0.0107655399243029
0.0035591920951453587	1.6739599188306702	0.009456042532389354
0.003915111278571526	1.5415943448647123	0.008652181127899623
0.004271030454543874	1.4371209802260245	0.007998212421870009
0.004626949622384784	1.3407901762740706	0.007422421747961427
0.004982868781416634	1.2611206586832056	0.006936672619785621
0.005338787930961804	1.1944240616178587	0.006521846010715602
0.005694707070342677	1.1604023417819223	0.006224166576936137
0.0060506261988816324	1.1444913662438216	0.005996788087622592
0.006406545315901047	1.1261343260022751	0.00578090390947268
0.006762464420723303	1.1283490852930542	0.005632249012107707
0.007118383512670783	1.1221162602056358	0.005474454367917175
0.007474302591065864	1.0993075134701311	0.005287944199891508
0.007830221655230929	1.1009585778540107	0.005170244308720274
0.008186140704488356	1.0985875852812481	0.005051150916842769
0.008542059738160527	1.090048734330144	0.004925544633665391
0.008897978755569821	1.0833681519403011	0.0048112170902513155
0.009253897756038621	1.0626968805017796	0.004672560765612816
0.009609816738889304	1.0590871125606895	0.004577421365346714
0.009965735703444254	1.0534077621370717	0.004482870342157278
0.010321654649025847	1.045430857900877	0.004388191774472825
0.010677573574956467	1.0317182351451721	0.004286046421118128
0.011033492480558495	1.025541491501471	0.004203709727819496
0.01138941136515431	1.0261941387271638	0.004138821808433973
0.011745330228066293	1.021158053633855	0.00406561706922682
0.012101249068616827	1.002121490923338	0.003967872345701502
0.012457167886128283	1.0072027960501881	0.003920680079829918
0.012813086679923057	1.0006953546795023	0.0038533340782798725
0.01316900544932352	0.9877976628485704	0.00377633150635123
0.013524924193652052	0.9859949805393582	0.0037229099855701116
0.013880842912231042	0.9724646720973356	0.0036495691799038332
0.014236761604382864	0.971749739542194	0.003602335961217116
0.014592680269429899	0.9705094635338236	0.003555862485305125
0.014948598906694532	0.9514210628771492	0.003478553921126159
0.015304517515499143	0.9444627690297817	0.0034252730964990613
0.015660436095166114	0.9392897116874439	0.0033768398198021905
0.016016354645017824	0.9221557760015394	0.0033085134963696276
0.01637227316437665	0.9134889383662897	0.003256940006673837
0.016728191652564985	0.9031679020079862	0.003203851315344847
0.017084110108905197	0.8893930972730727	0.0031460331886720917
0.01744002853271968	0.8797343518652098	0.003096811587035492
0.01779594692333081	0.8664984650744512	0.0030425375824753615
0.018151865280060967	0.8555307567517979	0.0029934346904952835
0.018507783602232538	0.8488164795265741	0.0029528562029001405
0.018863701889167896	0.8427889502897409	0.0029144630777514437
0.01921962014018943	0.8296547545189747	0.0028647643709372116
0.01957553835461952	0.821562836176507	0.0028247247744480493
0.019931456531780547	0.8082370470125451	0.0027765945170988007
0.020287374670994885	0.7999895044588683	0.0027380528282192713
0.020643292771584935	0.7810207503005617	0.0026819730145882055
0.02099921083287307	0.7748178012371518	0.0026485666823781837
0.021355128854181664	0.7610673437351588	0.0026029932930723963
0.021711046834833114	0.7469708543305263	0.002557549510189876
0.022066964774149787	0.7265917368682435	0.0025019955326982327
0.02242288267145408	0.7178396054324815	0.002467064984420937
0.022778800526068368	0.6967747478059471	0.00241153394324388
0.023134718337315032	0.6759882336746423	0.0023569483397530098
0.02349063610451646	0.6441933197310565	0.0022833543982644505
0.02384655382699503	0.6126299729719072	0.0022100337752929845
0.024202471504073127	0.5871637781840567	0.0021476443953097344
0.024558389135073126	0.5638524281297344	0.0020892739662751194
0.02491430671931743	0.5383226312860763	0.0020267935764401992
0.025270224256128404	0.5237212822897171	0.0019849892850316107
0.025626141744828444	0.5113060721343905	0.0019476524731075486
0.02598205918473992	0.4937503370565938	0.0019007697958586946
0.026337976575185225	0.48117338149528927	0.0018636836580609812
0.026693893915486735	0.4695514413024877	0.0018287242645701467
0.02704981120496684	0.45811585740837985	0.001794395398228273
0.027405728442947926	0.450369589453697	0.0017675693302051441
0.027761645628752368	0.43977446984402857	0.0017354216345406273
0.028117562761702557	0.43042124696199074	0.0017059669670273921
0.028473479841120874	0.4204872543874675	0.0016755938130930646
0.02882939686632971	0.41014567819506403	0.0016446136669788674
0.029185313836651426	0.39311220208251846	0.0016002531171797933
0.029541230751408437	0.3808010974351235	0.001565479578519668
0.02989714760992311	0.3642617957924012	0.0015219645534587866
0.03025306441151784	0.3455225279559654	0.0014735541563198318
0.030608981155515	0.32222524150028026	0.0014147117005962326
0.030964897841236978	0.30135458716561697	0.0013602435681910091
0.03132081446800616	0.2777654186956261	0.0012984797106895725
0.031676731035144935	0.2526537105039972	0.001231417341726165
0.032032647541975684	0.2335781899062018	0.0011774224986422347
0.032388563987820786	0.2173990236628241	0.0011296542787702503
0.03274448037200264	0.20766801839949983	0.001098065790147189
0.033100396693843626	0.19506191259742253	0.0010584789930886413
0.03345631295266612	0.18509934775387019	0.0010255952688906162
0.03381222914779252	0.17881015527158886	0.001002701793824285
0.034168145278545205	0.16988100879914078	0.0009722418620565859
0.03452406134424657	0.1611194471410041	0.0009419452169942804
0.034879977344218986	0.15484777152651993	0.0009187069170723329
0.03523589327778486	0.14812546652420486	0.0008939944571562228
0.03559180914426656	0.13974281385233706	0.0008639772631636042
0.03594772494298647	0.1318329015590907	0.0008350044767364857
0.03630364067326699	0.12647135225085845	0.0008138298116470641
0.03665955633443051	0.12034265124048231	0.0007900030877066303
0.037015471925799404	0.11332511412974576	0.0007629288547946269
0.037371387446696054	0.10688892469194784	0.0007374105500003803
0.03772730289644286	0.09980316060953524	0.000709180640525652
0.03808321827436221	0.0937983570710641	0.0006842950498271861
0.03843913357977649	0.0899820610402108	0.0006671197171696057
0.03879504881200808	0.08313371115514542	0.0006382826453437676
0.03915096397037938	0.07938663184090644	0.000620890567124939
0.03950687905421276	0.07493228717880125	0.0006004968540838365
0.039862794062830616	0.07052409859318252	0.0005799592872741837
0.04021870899555534	0.06530995819785902	0.0005556332714608024
0.04057462385170931	0.06172887523857724	0.0005378108185611333
0.04093053863061494	0.05781989875166833	0.0005182359504062557
0.04128645333159459	0.05544727235541852	0.0005052995463717418
0.041642367953970666	0.05284127252671396	0.000491169656117504
0.041998282497065546	0.050664222005163455	0.0004789029665920792
0.04235419696020162	0.04765293615190684	0.0004624973088882491
0.042710111342701286	0.04624536906239426	0.0004537131603680235
0.043066025643886924	0.0441768059124969	0.0004416135214318331
0.04342193986308093	0.043035348136753374	0.0004340808761809077
0.043777853999605695	0.04154331178452272	0.000424752483424172
0.044133768052783594	0.04097136003358952	0.0004201141308951854
0.04448968202193703	0.03927185509731031	0.0004096600946165414
0.0448455959063884	0.038553193462008944	0.0004042805824235557
0.04520150970546007	0.038674437013148814	0.00040331849095021863
0.045557423418474456	0.03729144510718511	0.00039449148479800346
0.04591333704475393	0.03699408551494194	0.00039138963664147035
0.04626925058362089	0.03585485333347352	0.00038383126383544227
0.046625164034397724	0.036029691330478404	0.0003832945886221106
0.04698107739640684	0.03608452573244737	0.0003821304258601014
0.047336990668970604	0.03573690709856537	0.0003788530277722805
0.047692903851411415	0.035035708604872914	0.00037371555388742057
0.048048816943051666	0.035112514573752016	0.00037273675525623757
0.048404729943213765	0.034850409624866054	0.0003699752278512641
0.04876064285122008	0.034459564268748785	0.0003665496279282414
0.049116555666393	0.0339195525588359	0.0003623461981218384
0.04947246838805494	0.03359098566553616	0.00035928756584217766
0.0498283810155283	0.03351893383588115	0.00035761795328475063
0.05018429354813544	0.03271674023531538	0.0003520575877841371
0.05054020598519876	0.03229825682277465	0.000348564891452723
0.050896118326040664	0.032292788128560776	0.00034731460347958465
0.05125203056998355	0.03169758663918935	0.0003429021151740857
0.0516079427163498	0.03105902007990935	0.00033825809980791516
0.05196385476446181	0.030699942909237707	0.00033514342784017305
0.05231976671364196	0.029793415585332664	0.00032903329862476837
0.05267567856321269	0.030064921178081343	0.0003294105990863461
0.05303159031249633	0.029146143693066017	0.0003232479868929784
0.05338750196081532	0.028278788687837265	0.00031733882156617324
0.05374341350749203	0.027320333389466166	0.0003108801389089385
0.054099324951848875	0.02718979654359456	0.00030911470065712735
0.054455236293208246	0.02666295936218555	0.0003051033354441465
0.05481114753089252	0.02517175149169593	0.0002954846154007011
0.05516705866422412	0.02469919404798074	0.00029175215991600827
0.05552296969252541	0.023790979903415322	0.0002854187010037334
0.055878880615118816	0.023040635785348287	0.0002799857860161788
0.0562347914313267	0.02191775862830555	0.0002722125407254247
0.056590702140471495	0.02120207199036761	0.0002668881029511572
0.05694661274187557	0.020855894255834086	0.0002638718507977578
0.05730252323486134	0.01975755624414549	0.00025603087710665307
0.05765843361875119	0.018600236524528534	0.0002476511887448214
0.05801434389286749	0.018282946290505548	0.0002447755317711447
0.0583702540565327	0.016894676155534503	0.00023458041347815394
0.058726164109069175	0.016513871320313747	0.00023121778390126801
0.05908207404979933	0.0156581907362125	0.00022446856320557036
0.05943798387804554	0.014985482554241883	0.00021893537268738629
0.05979389359313022	0.014088674090032076	0.0002116504751527734
0.06014980319437578	0.012921171281045394	0.0002020907519749105
0.06050571268110459	0.01209733077926377	0.0001949661389068359
0.060861622052639064	0.01165485657112908	0.00019080700240452824
0.0612175313083016	0.011264111754928054	0.0001870351243811625
0.0615734404474146	0.01034680380629619	0.00017873886682663319
0.061929349469300454	0.009513717804332597	0.00017089898253977892
0.06228525837328156	0.00895265810976192	0.00016530879805601434
0.06264116715868033	0.008064118859489053	0.0001564448038698391
0.06299707582481916	0.008084953559660638	0.00015620364821927106
0.06335298437102045	0.0074363433036004935	0.00014938561522961924
0.06370889279660659	0.006818853406059353	0.000142648842414358
0.0640648011009	0.006359572107877151	0.00013737788009357844
0.06442070928322306	0.005875853577226515	0.00013168470491019675
0.06477661734289819	0.0053592956382915915	0.00012541726574473149
0.06513252527924777	0.005186981728126953	0.00012304699279349395
0.06548843309159422	0.004656557516105005	0.00011626869275822702
0.06584434077925994	0.004284899636027706	0.00011123045238735387
0.06620024834156733	0.003911494248293118	0.00010598737649056385
0.0665561557778388	0.00356493456591893	0.00010091233843045595
0.06691206308739671	0.0034777807897649533	9.940574748008106e-05
0.0672679702695635	0.0028686854172744226	9.004298931297581e-05
0.06762387732366158	0.00288170157788359	9.000923521168242e-05
0.06797978424901335	0.002441516529230898	8.263281483549787e-05
0.06833569104494118	0.0022563084541828995	7.922970584980822e-05
0.06869159771076752	0.002025968414382904	7.488194730969754e-05
0.06904750424581477	0.00186683921645647	7.169552818139466e-05
0.06940341064940528	0.001805218636463646	7.032133405605202e-05
0.06975931692086149	0.0016951704467354995	6.797014243650161e-05
0.07011522305950582	0.0014289712864956519	6.224696692318987e-05
0.07047112906466067	0.0015134805307699564	6.389919809331865e-05
0.07082703493564842	0.0012911337162396003	5.8870630094777234e-05
0.0711829406717915	0.0011003896520725258	5.4212307078803976e-05
0.07153884627241229	0.0010470791143378877	5.275108370149152e-05
0.07189475173683324	0.0009123198279745292	4.911764842703054e-05
0.0722506570643767	0.0009051943792859929	4.880481010328685e-05
0.07260656225436511	0.0007960180510253586	4.565476633754924e-05
0.07296246730612088	0.0008155865081910278	4.609967504695939e-05
0.07331837221896642	0.0007519871000238969	4.415820299482581e-05
0.07367427699222413	0.0007251296181328209	4.325760637424778e-05
0.07403018162521639	0.0007447566505041929	4.373361637941075e-05
0.07438608611726563	0.0006491831144330686	4.073337137486983e-05
0.0747419904676943	0.0006384608460413186	4.029929126183685e-05
0.07509789467582473	0.000640498277632164	4.026778170789862e-05
0.07545379874097938	0.0005568476246011735	3.7457624747068115e-05
0.07580970266248063	0.0005467098610490251	3.7027864053548826e-05
0.07616560643965092	0.0005691164642321068	3.769065859069381e-05
0.07652151007181264	0.0005515623962316713	3.7018444205924306e-05
0.07687741355828821	0.0005242788091935486	3.600761644858648e-05
0.07723331689840003	0.0005587871077371377	3.7088002962666335e-05
0.07758922009147053	0.00046801221458951604	3.3864175344364116e-05
0.07794512313682209	0.00052441453392465	3.5764774367265784e-05
0.07830102603377714	0.00047104183915353464	3.381883314705845e-05
0.07865692878165807	0.0005172517817471388	3.535860387307767e-05
0.07901283137978733	0.0005052971829026442	3.48688183153829e-05
0.07936873382748728	0.0004623097620265422	3.3277784843158576e-05
0.0797246361240804	0.00045786125042824216	3.3043289523280535e-05
0.08008053826888904	0.00044395589792622735	3.246527056820493e-05
0.08043644026123564	0.0004656274665586566	3.317458338564833e-05
0.08079234210044262	0.00043769133920132955	3.209308608185376e-05
0.08114824378583237	0.0004943431687525619	3.4031987217793435e-05
0.08150414531672732	0.00043853408924306956	3.1983385599488634e-05
0.08186004669244987	0.0004970121347710268	3.397505008899592e-05
0.08221594791232245	0.0004994855052661464	3.398568393939719e-05
0.0825718489756675	0.00046279563582013407	3.26430872764224e-05
0.08292774988180737	0.0005043685592969359	3.400452133087777e-05
0.08328365063006452	0.00048395091388644734	3.323788522746293e-05
0.08363955121976134	0.0004932569884066966	3.3484466211586196e-05
0.08399545165022025	0.0004753228933826859	3.280039582903493e-05
0.0843513519207637	0.0004665557056994136	3.242786319963275e-05
0.08470725203071407	0.0004601066126322765	3.2135239754629964e-05
0.08506315197939378	0.00047159174141009347	3.2465714366366634e-05
0.08541905176612526	0.0005096898009902694	3.36812500956623e-05
0.08577495139023093	0.00043664747447588195	3.110984444107766e-05
0.08613085085103317	0.0004701604279595843	3.221486170455877e-05
0.08648675014785444	0.000461630955506063	3.185556235210368e-05
0.08684264928001716	0.0005188484087993669	3.370282584113363e-05
0.08719854824684371	0.0005298125312663563	3.398748972740754e-05
0.08755444704765654	0.00048205875180162686	3.235366502405763e-05
0.08791034568177805	0.00047578188220335355	3.207720795440035e-05
0.08826624414853067	0.0005061723550265166	3.301904369873704e-05
0.08862214244723682	0.0004848321392563769	3.225055417345876e-05
0.08897804057721892	0.0005341735477434166	3.378410153363786e-05
0.08933393853779938	0.0004681999967562849	3.156603734183777e-05
0.08968983632830065	0.00043666581703090943	3.0423949093805747e-05
0.0900457339480451	0.0004792784719318699	3.181082945691949e-05
0.09040163139635521	0.00047739162561553894	3.1685595068363955e-05
0.09075752867255334	0.0004022015817267085	2.9026398934801053e-05
0.09111342577596197	0.0004715755394142247	3.136873826904918e-05
0.09146932270590347	0.0005092321656740183	3.253364967932971e-05
0.09182521946170033	0.0005031175949291469	3.227500876293112e-05
0.0921811160426749	0.00047436329950307875	3.127858969879276e-05
0.09253701244814964	0.0004519937333946226	3.0473411288890187e-05
0.09289290867744696	0.00037862943522263035	2.7837389713079805e-05
0.0932488047298893	0.0003792231816116776	2.7805992766285617e-05
0.09360470060479908	0.00044886921623138253	3.0194210982129905e-05
0.09396059630149874	0.00038242057216337854	2.781700348011118e-05
0.09431649181931064	0.0003910563105042	2.8076206860544187e-05
0.09467238715755728	0.00040163529859907305	2.8399904320328843e-05
0.09502828231556104	0.00035811734722477527	2.676694726390271e-05
0.09538417729264437	0.0004723862140847241	3.068478197686119e-05
0.09574007208812968	0.000387227389372117	2.77299293164832e-05
0.09609596670133941	0.00032644046755586284	2.541335593238331e-05
0.09645186113159597	0.0003843697543835182	2.7525289824492088e-05
0.09680775537822184	0.0004241981866378428	2.8863030752128337e-05
0.09716364944053936	0.0003404635607300044	2.5810475929932348e-05
0.09751954331787104	0.0003314228667683149	2.5418973531472416e-05
0.09787543700953923	0.0003418724943587006	2.576960886206143e-05
0.0982313305148664	0.00035805266369069656	2.6324555382503673e-05
0.09858722383317503	0.0003413326528624787	2.5656133275175055e-05
0.09894311696378745	0.00034010489745982714	2.556384952799885e-05
0.09929900990602618	0.00029484991684453705	2.3759683393430174e-05
0.09965490265921358	0.0002766269828788788	2.2972620533668804e-05
0.1000107952226721	0.000298454395191598	2.381925384141309e-05
0.10036668759572422	0.0003333867101570516	2.5129968810952448e-05
0.10072257977769229	0.00026425694018486365	2.2333787733877664e-05
0.10107847176789882	0.000225708433181051	2.060426671206819e-05
0.1014343635656662	0.00028864286011498063	2.325950450826169e-05
0.10179025517031683	0.0002932369248006126	2.340285437249873e-05
0.1021461465811732	0.00025499037432218476	2.1785297894622187e-05
0.10250203779755773	0.00022628331801293527	2.0486729013277568e-05
0.10285792881879284	0.00026801273726085266	2.225724637274184e-05
0.10321381964420098	0.0002818245274846334	2.2784162641351583e-05
0.10356971027310456	0.00020192269353333034	1.9252573420373336e-05
0.10392560070482604	0.000184766842575394	1.838498798801914e-05
0.10428149093868784	0.00018049001036240413	1.8139928569074317e-05
0.10463738097401237	0.0001925946466694798	1.870644574757583e-05
0.10499327081012212	0.0001955633630948972	1.881809338774457e-05
0.10534916044633952	0.00022016787905711864	1.9933063185035228e-05
0.10570504988198695	0.00019964224748768262	1.894920354929332e-05
0.1060609391163869	0.00019359471369029556	1.8628660010463446e-05
0.10641682814886178	0.00018222798315582783	1.804325897833377e-05
0.10677271697873404	0.00015313108658511406	1.6512549730128694e-05
0.10712860560532611	0.00015972108963443804	1.6836081120291155e-05
0.10748449402796044	0.00016803625577592704	1.7240156079154505e-05
0.10784038224595947	0.00017982247061382225	1.7805077745027128e-05
0.10819627025864563	0.00014584482019204163	1.6008548761708898e-05
0.10855215806534134	0.00014536666854493357	1.595606480000123e-05
0.1089080456653691	0.00012394345293542655	1.4709381659697736e-05
0.10926393305805127	0.00016007967911844202	1.668946024691324e-05
0.10961982024271036	0.00019251257375274542	1.8272484866031098e-05
0.10997570721866878	0.00014694248134309432	1.5938149875383397e-05
0.11033159398524896	0.00018610115561917804	1.7907592048872147e-05
0.11068748054177335	0.0001356918601643585	1.5266527012506568e-05
0.11104336688756443	0.00014381754526515288	1.56917806533405e-05
0.11139925302194457	0.00013141158499406245	1.4975739979398064e-05
0.11175513894423629	0.00015991365799223142	1.649383444201498e-05
0.11211102465376196	0.0001305772777653148	1.4880661846665543e-05
0.1124669101498441	0.0001589016097640847	1.638944963754007e-05
0.1128227954318051	0.00013649393987741402	1.516599331971267e-05
0.11317868049896743	0.00014110417592201014	1.539572778659468e-05
0.1135345653506535	0.00014066187151396317	1.534746841921164e-05
0.11389044998618579	0.00013521439118326838	1.5023821242585375e-05
0.11424633440488673	0.00015809077835635067	1.6219771625790802e-05
0.1146022186060788	0.00011944409332678002	1.40766213940075e-05
0.11495810258908438	0.00016041957234801013	1.6288139759592724e-05
0.115313986353226	0.00016816801309778756	1.6651114497604354e-05
0.11566986989782603	0.00017093787439826757	1.676183763786228e-05
0.11602575322220694	0.00016713637644108668	1.6548967247516647e-05
0.11638163632569123	0.00011925143343256439	1.3957324573730333e-05
0.11673751920760128	0.00015145991045204644	1.57056610826968e-05
0.1170934018672596	0.00012826845827441132	1.443132904749747e-05
0.11744928430398857	0.0001473045713581984	1.5441714853462117e-05
0.11780516651711069	0.00012749347567398887	1.4344136692781123e-05
0.11816104850594841	0.00013515439009449313	1.4746552931276299e-05
0.11851693026982417	0.00012351950369824622	1.4076353845460523e-05
0.1188728118080604	0.00015673599567737155	1.5832726485642118e-05
0.1192286931199796	0.0001467007218266721	1.5294607526719225e-05
0.11958457420490416	0.00012082690129903242	1.3859796116411727e-05
0.11994045506215661	0.00014900037738510783	1.5368215493557846e-05
0.12029633569105934	0.000145398737564803	1.515886628398164e-05
0.12065221609093481	0.00014339410448695528	1.503178654089936e-05
0.12100809626110551	0.00013668788735700797	1.4654479739594478e-05
0.12136397620089386	0.0001159223375823116	1.3475698021607624e-05
0.12171985590962232	0.00013120278794615957	1.4315397789345616e-05
0.12207573538661338	0.00010901691747047027	1.3030013866215255e-05
0.12243161463118944	0.00012267574986137017	1.3802100190605491e-05
0.122787493642673	0.00011612676713975808	1.3409164053652063e-05
0.12314337242038649	0.00010807175496507837	1.2917045339523795e-05
0.12349925096365237	0.00010468146603369435	1.2694492397100858e-05
0.12385512927179312	0.0001320108603069539	1.4235097159870554e-05
0.12421100734413118	0.00013316324683848943	1.4276598611524387e-05
0.12456688517998903	0.0001129417003496827	1.31292059813626e-05
0.12492276277868908	0.0001141418454471588	1.3179965038943561e-05
0.1252786401395538	9.864192366628282e-05	1.2235024821316349e-05
0.12563451726190572	9.382269878756481e-05	1.1915494661521351e-05
0.1259903941450672	9.35576839041613e-05	1.1881837737672162e-05
0.1263462707883608	0.0001128558412760906	1.3031470068074517e-05
0.12670214719110895	0.00010803730164093927	1.2732318101900778e-05
0.12705802335263403	9.726049352557787e-05	1.2063679500460478e-05
0.1274138992722586	7.162252665172082e-05	1.0337821260603041e-05
0.12776977494930508	9.523071634166794e-05	1.1903839542708493e-05
0.12812565038309592	0.00010832083127436868	1.2677994357590607e-05
0.12848152557295361	0.00010210185043230309	1.229161836592842e-05
0.12883740051820064	9.296592670013098e-05	1.1712605831009819e-05
0.12919327521815943	9.270984354708038e-05	1.1680342386346713e-05
0.12954914967215245	8.952008282036795e-05	1.1461872095654355e-05
0.12990502387950215	7.903018885938822e-05	1.0754646498960492e-05
0.13026089783953104	8.46523723049009e-05	1.1115401040469706e-05
0.13061677155156157	8.442173152572316e-05	1.108511642248389e-05
0.13097264501491618	7.112801499726618e-05	1.0161144999609455e-05
0.1313285182289174	8.106888312920307e-05	1.0833285192782001e-05
0.13168439119288758	8.951227524846956e-05	1.1368070324631642e-05
0.1320402639061493	5.903406376852187e-05	9.219571818301921e-06
0.13239613636802505	7.897917356394482e-05	1.0649549590854425e-05
0.13275200857783714	6.444609690507263e-05	9.607056904285415e-06
0.1331078805349082	6.713040954519632e-05	9.791976617560238e-06
0.13346375223856063	8.262089020974439e-05	1.0848654373136308e-05
0.1338196236881169	6.535265479417486e-05	9.63572326276886e-06
0.1341754948828995	6.801320467937454e-05	9.816860507521501e-06
0.1345313658222309	4.80485817040666e-05	8.240263780351658e-06
0.13488723650543358	5.355967665539924e-05	8.688526862342991e-06
0.13524310693182995	7.591084532060653e-05	1.0330157609934784e-05
0.13559897710074256	6.028888461470873e-05	9.193968710690446e-06
0.13595484701149388	5.5935883598027156e-05	8.844239755191009e-06
0.13631071666340633	5.439510418616605e-05	8.710187609366137e-06
0.1366665860558024	5.703569236935022e-05	8.907478639242688e-06
0.13702245518800463	6.798757361390584e-05	9.712510516272263e-06
0.1373783240593354	6.089192020650738e-05	9.179802367692967e-06
0.1377341926691172	8.005923443551061e-05	1.0512292491207163e-05
0.1380900610166726	6.195484849642711e-05	9.235683518247446e-06
0.13844592910132397	6.591530322100127e-05	9.514054514590222e-06
0.13880179692239386	4.109144117172944e-05	7.502236416717577e-06
0.1391576644792047	6.42119610690704e-05	9.366277155403091e-06
0.13951353177107895	5.5871808709124414e-05	8.725710549624542e-06
0.1398693987973392	5.301113537593902e-05	8.488575238860659e-06
0.14022526555730777	5.152079222997689e-05	8.357776133329597e-06
0.1405811320503073	4.868561625233619e-05	8.114269375389366e-06
0.14093699827566017	4.5864758023482586e-05	7.865741108930794e-06
0.1412928642326889	6.189603218159249e-05	9.126072063080462e-06
0.1416487299207159	6.0398344651158924e-05	9.003653624563479e-06
0.14200459533906373	6.292462939432341e-05	9.178500531611151e-06
0.14236046048705486	5.87609081770667e-05	8.858540216538943e-06
0.1427163253640118	4.928937100786411e-05	8.103122678610897e-06
0.14307218996925694	5.049560486719171e-05	8.191468782413288e-06
0.14342805430211286	4.904478376962965e-05	8.062912784337337e-06
0.14378391836190196	5.0245652326621015e-05	8.150921126066666e-06
0.14413978214794682	3.5612717106935875e-05	6.8536706027544726e-06
0.14449564565956985	4.736668026277627e-05	7.894446710462712e-06
0.1448515088960936	5.643787314748276e-05	8.606694967604019e-06
0.14520737185684046	6.28460200038881e-05	9.07104164168535e-06
0.14556323454113304	4.310101022295363e-05	7.5029228289343375e-06
0.14591909694829372	3.387555519766006e-05	6.643542961025313e-06
0.14627495907764507	4.1591559047291406e-05	7.352418360615115e-06
0.1466308209285095	4.149061949659407e-05	7.334574600418112e-06
0.14698668250020955	4.009672600906579e-05	7.201584585143101e-06
0.1473425437920677	4.5161159931412355e-05	7.633629292901632e-06
0.14769840480340646	4.505234971055847e-05	7.6152370086791095e-06
0.14805426553354828	3.4671134039883767e-05	6.6724628570121646e-06
0.1484101259818157	5.892770195914697e-05	8.688415648569393e-06
0.14876598614753114	4.345107030083307e-05	7.451797079520558e-06
0.1491218460300172	4.844707173700855e-05	7.859152826801526e-06
0.14947770562859625	3.942852019575646e-05	7.081571278227633e-06
0.14983356494259084	3.679714229888219e-05	6.833057783140028e-06
0.15018942397132354	3.5444094578405e-05	6.698304264308027e-06
0.1505452827141167	3.409744359269021e-05	6.5620560789725916e-06
0.15090114117029294	3.527692439322475e-05	6.666712068835773e-06
0.1512569993391747	3.26800772503782e-05	6.409090446361464e-06
0.15161285722008444	4.639710667502654e-05	7.627637351272995e-06
0.15196871481234472	4.5037421391447394e-05	7.5062368985745645e-06
0.152324572115278	4.243597229721546e-05	7.2777092081191514e-06
0.15268042912820684	3.6111026421805784e-05	6.705649263317679e-06
0.1530362858504536	3.975399405316904e-05	7.027579693561379e-06
0.1533921422813409	3.594347747115331e-05	6.674536204265059e-06
0.15374799842019127	3.709684634188937e-05	6.772926517918603e-06
0.15410385426632708	3.7011182490671536e-05	6.757286510027012e-06
0.15445970981907092	3.4464185865371184e-05	6.513118924148539e-06
0.1548155650777453	3.070086369062583e-05	6.140172738125166e-06
0.1551714200416727	4.043220367744687e-05	7.0383432412932975e-06
0.15552727471017558	2.9337958288771954e-05	5.988585658545634e-06
0.1558831290825765	4.5126101529688114e-05	7.41868539251946e-06
0.1562389831581979	3.5288548983698566e-05	6.552919037305364e-06
0.1565948369363624	3.3994276261350005e-05	6.424314356225619e-06
0.15695069041639234	4.966447320982258e-05	7.756287613393888e-06
0.15730654359761037	3.0214709775819345e-05	6.042941955163869e-06
0.15766239647933888	4.099925833181298e-05	7.031314795798143e-06
0.15801824906090053	3.489120429512182e-05	6.47913398098725e-06
0.15837410134161767	3.361236529723494e-05	6.352139968081521e-06
0.1587299533208129	2.8746009198348445e-05	5.867754556442116e-06
0.15908580499780867	3.3461993343712126e-05	6.323722339997212e-06
0.1594416563719276	4.4118946515061106e-05	7.253110128055267e-06
0.15979750744249202	3.5692458312089035e-05	6.516521516781311e-06
0.16015335820882456	2.967762658115263e-05	5.935525316230526e-06
0.16050920867024776	2.8427357757320287e-05	5.80271010341532e-06
0.160865058826084	4.254671025060708e-05	7.0911183751011815e-06
0.16122090867565597	3.183960025815994e-05	6.12753392664624e-06
0.161576758218286	2.2356299420276934e-05	5.128886838132849e-06
0.1619326074532967	3.7569972430491815e-05	6.6414955686480995e-06
0.16228845638001058	3.748759297686785e-05	6.626932801076114e-06
0.16264430499775015	3.156095312136015e-05	6.073908260166148e-06
0.16300015330583792	2.449381813430372e-05	5.344989317091849e-06
0.16335600130359637	3.845697195487741e-05	6.69449953305907e-06
0.16371184899034805	4.7779874246968904e-05	7.461962703713662e-06
0.16406769636541552	2.9134069662785915e-05	5.826813932557183e-06
0.1644235434281212	2.5637981303251607e-05	5.466035979764989e-06
0.1647793901777877	2.9134069662785915e-05	5.826813932557183e-06
0.1651352366137375	3.0299432449297352e-05	5.942207588836678e-06
0.16549108273529306	4.3118423100923156e-05	7.0886250919956905e-06
0.165846928541777	3.49608835953431e-05	6.38295485849391e-06
0.16620277403251177	3.263015802232023e-05	6.166520240557037e-06
0.1665586192068199	3.0299432449297352e-05	5.942207588836678e-06
0.166914464064024	3.3795520808831666e-05	6.275670665465588e-06
0.1672703086034464	3.49608835953431e-05	6.38295485849391e-06
0.1676261528244098	4.3118423100923156e-05	7.0886250919956905e-06
0.16798199672623668	4.078769752790028e-05	6.894379221256944e-06
0.16833784030824953	3.0299432449297352e-05	5.942207588836678e-06
0.1686936835697709	3.3795520808831666e-05	6.275670665465588e-06
0.16904952651012328	3.263015802232023e-05	6.166520240557037e-06
0.16940536912862922	3.146479523580879e-05	6.055402666463553e-06
0.16976121142461126	3.0299432449297352e-05	5.942207588836678e-06
0.17011705339739192	3.845697195487741e-05	6.69449953305907e-06
0.1704728950462937	3.9622334741388845e-05	6.795174348191061e-06
0.17082873637063914	3.729160916836597e-05	6.592287431077502e-06
0.17118457736975073	2.3307255730228733e-05	5.211660818176295e-06
0.17154041804295117	2.447261851674017e-05	5.3403631812733205e-06
0.17189625838956277	4.3118423100923156e-05	7.0886250919956905e-06
0.17225209840890815	2.9134069662785915e-05	5.826813932557183e-06
0.1726079381003099	4.078769752790028e-05	6.894379221256944e-06
0.17296377746309044	3.263015802232023e-05	6.166520240557037e-06
0.1733196164965724	2.447261851674017e-05	5.3403631812733205e-06
0.17367545520007827	3.0299432449297352e-05	5.942207588836678e-06
0.17403129357293054	2.447261851674017e-05	5.3403631812733205e-06
0.17438713161445182	4.894523703348034e-05	7.552414038954658e-06
0.17474296932396458	2.097653015720586e-05	4.944215573308126e-06
0.17509880670079145	2.9134069662785915e-05	5.826813932557183e-06
0.17545464374425482	3.9622334741388845e-05	6.795174348191061e-06
0.17581048045367736	2.5637981303251607e-05	5.466035979764989e-06
0.17616631682838158	3.146479523580879e-05	6.055402666463553e-06
0.17652215286768996	3.146479523580879e-05	6.055402666463553e-06
0.17687798857092504	3.3795520808831666e-05	6.275670665465588e-06
0.17723382393740947	2.5637981303251607e-05	5.466035979764989e-06
0.17758965896646564	2.6803344089763044e-05	5.588883587647098e-06
0.17794549365741621	4.195306031441172e-05	6.99217671906862e-06
0.17830132800958368	2.9134069662785915e-05	5.826813932557183e-06
0.1786571620222905	3.263015802232023e-05	6.166520240557037e-06
0.17901299569485943	3.845697195487741e-05	6.69449953305907e-06
0.17936882902661275	3.263015802232023e-05	6.166520240557037e-06
0.1797246620168732	2.2141892943717296e-05	5.079698618966317e-06
0.18008049466496323	3.3795520808831666e-05	6.275670665465588e-06
0.18043632697020545	2.097653015720586e-05	4.944215573308126e-06
0.18079215893192238	1.1653627865114367e-05	3.6852007057766888e-06
0.1811479905494365	4.195306031441172e-05	6.99217671906862e-06
0.18150382182207042	2.3307255730228733e-05	5.211660818176295e-06
0.1818596527491467	3.263015802232023e-05	6.166520240557037e-06
0.18221548332998788	2.097653015720586e-05	4.944215573308126e-06
0.18257131356391645	3.263015802232023e-05	6.166520240557037e-06
0.18292714345025501	2.6803344089763044e-05	5.588883587647098e-06
0.1832829729883262	2.5637981303251607e-05	5.466035979764989e-06
0.18363880217745235	2.2141892943717296e-05	5.079698618966317e-06
0.18399463101695618	3.263015802232023e-05	6.166520240557037e-06
0.1843504595061602	3.49608835953431e-05	6.38295485849391e-06
0.18470628764438698	2.796870687627448e-05	5.709088384361973e-06
0.18506211543095905	1.8645804584182985e-05	4.661451146045746e-06
0.18541794286519897	2.3307255730228733e-05	5.211660818176295e-06
0.18577376994642925	2.9134069662785915e-05	5.826813932557183e-06
0.18612959667397255	1.748044179767155e-05	4.513430664448663e-06
0.18648542304715132	2.5637981303251607e-05	5.466035979764989e-06
0.1868412490652882	1.8645804584182985e-05	4.661451146045746e-06
0.18719707472770566	1.748044179767155e-05	4.513430664448663e-06
0.18755290003372632	2.5637981303251607e-05	5.466035979764989e-06
0.1879087249826728	2.796870687627448e-05	5.709088384361973e-06
0.18826454957386754	1.9811167370694422e-05	4.804913860950777e-06
0.1886203738066331	1.9811167370694422e-05	4.804913860950777e-06
0.18897619768029214	2.2141892943717296e-05	5.079698618966317e-06
0.1893320211941672	2.447261851674017e-05	5.3403631812733205e-06
0.18968784434758074	1.9811167370694422e-05	4.804913860950777e-06
0.19004366713985543	2.2141892943717296e-05	5.079698618966317e-06
0.19039948957031377	2.447261851674017e-05	5.3403631812733205e-06
0.19075531163827839	2.3307255730228733e-05	5.211660818176295e-06
0.19111113334307178	2.097653015720586e-05	4.944215573308126e-06
0.1914669546840166	1.8645804584182985e-05	4.661451146045746e-06
0.1918227756604353	3.263015802232023e-05	6.166520240557037e-06
0.19217859627165051	2.447261851674017e-05	5.3403631812733205e-06
0.19253441651698486	1.9811167370694422e-05	4.804913860950777e-06
0.19289023639576078	2.5637981303251607e-05	5.466035979764989e-06
0.19324605590730093	2.447261851674017e-05	5.3403631812733205e-06
0.19360187505092794	1.5149716224648676e-05	4.201775281284579e-06
0.1939576938259642	2.447261851674017e-05	5.3403631812733205e-06
0.19431351223173238	2.447261851674017e-05	5.3403631812733205e-06
0.19466933026755512	1.9811167370694422e-05	4.804913860950777e-06
0.19502514793275494	1.9811167370694422e-05	4.804913860950777e-06
0.19538096522665432	2.3307255730228733e-05	5.211660818176295e-06
0.19573678214857593	2.097653015720586e-05	4.944215573308126e-06
0.19609259869784237	2.3307255730228733e-05	5.211660818176295e-06
0.19644841487377615	2.097653015720586e-05	4.944215573308126e-06
0.1968042306756999	2.097653015720586e-05	4.944215573308126e-06
0.1971600461029362	2.6803344089763044e-05	5.588883587647098e-06
0.19751586115480751	2.097653015720586e-05	4.944215573308126e-06
0.1978716758306365	2.097653015720586e-05	4.944215573308126e-06
0.19822749012974586	2.5637981303251607e-05	5.466035979764989e-06
0.19858330405145797	1.8645804584182985e-05	4.661451146045746e-06
0.19893911759509547	1.6315079011160115e-05	4.360388278421981e-06
0.199294930759981	1.048826507860293e-05	3.49608835953431e-06
0.19965074354543708	1.748044179767155e-05	4.513430664448663e-06
0.20000655595078634	2.3307255730228733e-05	5.211660818176295e-06
0.2003623679753514	1.2818990651625804e-05	3.865071107501478e-06
0.2007181796184547	1.2818990651625804e-05	3.865071107501478e-06
0.20107399087941896	1.398435343813724e-05	4.036935110975701e-06
0.2014298017575667	2.447261851674017e-05	5.3403631812733205e-06
0.20178561225222055	1.2818990651625804e-05	3.865071107501478e-06
0.20214142236270302	1.8645804584182985e-05	4.661451146045746e-06
0.20249723208833678	1.8645804584182985e-05	4.661451146045746e-06
0.20285304142844443	2.2141892943717296e-05	5.079698618966317e-06
0.20320885038234845	1.748044179767155e-05	4.513430664448663e-06
0.2035646589493715	2.3307255730228733e-05	5.211660818176295e-06
0.20392046712883624	9.322902292091493e-06	3.296143715538751e-06
0.20427627492006512	1.748044179767155e-05	4.513430664448663e-06
0.20463208232238078	9.322902292091493e-06	3.296143715538751e-06
0.20498788933510592	1.5149716224648676e-05	4.201775281284579e-06
0.205343695957563	1.9811167370694422e-05	4.804913860950777e-06
0.20569950218907465	1.2818990651625804e-05	3.865071107501478e-06
0.20605530802896346	1.6315079011160115e-05	4.360388278421981e-06
0.20641111347655214	1.8645804584182985e-05	4.661451146045746e-06
0.2067669185311631	6.99217671906862e-06	2.8545441921809865e-06
0.20712272319211905	1.2818990651625804e-05	3.865071107501478e-06
0.2074785274587426	1.8645804584182985e-05	4.661451146045746e-06
0.20783433133035628	1.8645804584182985e-05	4.661451146045746e-06
0.2081901348062827	1.5149716224648676e-05	4.201775281284579e-06
0.20854593788584455	1.9811167370694422e-05	4.804913860950777e-06
0.2089017405683643	1.5149716224648676e-05	4.201775281284579e-06
0.20925754285316464	1.8645804584182985e-05	4.661451146045746e-06
0.2096133447395682	1.9811167370694422e-05	4.804913860950777e-06
0.20996914622689747	1.9811167370694422e-05	4.804913860950777e-06
0.21032494731447512	1.6315079011160115e-05	4.360388278421981e-06
0.2106807480016238	1.048826507860293e-05	3.49608835953431e-06
0.21103654828766605	1.5149716224648676e-05	4.201775281284579e-06
0.21139234817192448	1.5149716224648676e-05	4.201775281284579e-06
0.21174814765372169	1.1653627865114367e-05	3.6852007057766888e-06
0.21210394673238034	1.1653627865114367e-05	3.6852007057766888e-06
0.21245974540722298	1.1653627865114367e-05	3.6852007057766888e-06
0.21281554367757233	1.6315079011160115e-05	4.360388278421981e-06
0.21317134154275086	5.826813932557183e-06	2.6058304090881475e-06
0.2135271390020812	1.6315079011160115e-05	4.360388278421981e-06
0.21388293605488604	1.6315079011160115e-05	4.360388278421981e-06
0.214238732700488	1.748044179767155e-05	4.513430664448663e-06
0.2145945289382096	1.5149716224648676e-05	4.201775281284579e-06
0.2149503247673735	1.398435343813724e-05	4.036935110975701e-06
0.21530612018730236	1.2818990651625804e-05	3.865071107501478e-06
0.21566191519731867	9.322902292091493e-06	3.296143715538751e-06
0.2160177097967452	5.826813932557183e-06	2.6058304090881475e-06
0.21637350398490446	1.9811167370694422e-05	4.804913860950777e-06
0.2167292977611191	1.1653627865114367e-05	3.6852007057766888e-06
0.21708509112471175	9.322902292091493e-06	3.296143715538751e-06
0.2174408840750051	1.1653627865114367e-05	3.6852007057766888e-06
0.21779667661132163	1.398435343813724e-05	4.036935110975701e-06
0.218152468732984	1.748044179767155e-05	4.513430664448663e-06
0.21850826043931484	1.1653627865114367e-05	3.6852007057766888e-06
0.21886405172963688	1.2818990651625804e-05	3.865071107501478e-06
0.2192198426032726	1.5149716224648676e-05	4.201775281284579e-06
0.21957563305954464	1.2818990651625804e-05	3.865071107501478e-06
0.21993142309777572	2.3307255730228733e-05	5.211660818176295e-06
0.2202872127172884	1.398435343813724e-05	4.036935110975701e-06
0.2206430019174053	1.5149716224648676e-05	4.201775281284579e-06
0.22099879069744907	1.6315079011160115e-05	4.360388278421981e-06
0.2213545790567423	5.826813932557183e-06	2.6058304090881475e-06
0.22171036699460772	1.2818990651625804e-05	3.865071107501478e-06
0.22206615451036782	6.99217671906862e-06	2.8545441921809865e-06
0.22242194160334536	1.2818990651625804e-05	3.865071107501478e-06
0.22277772827286285	1.398435343813724e-05	4.036935110975701e-06
0.223133514518243	1.5149716224648676e-05	4.201775281284579e-06
0.2234893003388085	1.1653627865114367e-05	3.6852007057766888e-06
0.22384508573388184	1.6315079011160115e-05	4.360388278421981e-06
0.22420087070278574	1.8645804584182985e-05	4.661451146045746e-06
0.22455665524484286	9.322902292091493e-06	3.296143715538751e-06
0.2249124393593758	8.157539505580057e-06	3.0832601202785184e-06
0.22526822304570712	5.826813932557183e-06	2.6058304090881475e-06
0.2256240063031596	1.398435343813724e-05	4.036935110975701e-06
0.22597978913105576	1.8645804584182985e-05	4.661451146045746e-06
0.2263355715287184	8.157539505580057e-06	3.0832601202785184e-06
0.22669135349546993	1.5149716224648676e-05	4.201775281284579e-06
0.22704713503063317	1.1653627865114367e-05	3.6852007057766888e-06
0.22740291613353067	1.1653627865114367e-05	3.6852007057766888e-06
0.2277586968034852	9.322902292091493e-06	3.296143715538751e-06
0.22811447703981927	9.322902292091493e-06	3.296143715538751e-06
0.22847025684185554	1.048826507860293e-05	3.49608835953431e-06
0.22882603620891667	9.322902292091493e-06	3.296143715538751e-06
0.2291818151403254	1.748044179767155e-05	4.513430664448663e-06
0.22953759363540424	9.322902292091493e-06	3.296143715538751e-06
0.22989337169347587	4.661451146045746e-06	2.330725573022873e-06
0.230249149313863	1.1653627865114367e-05	3.6852007057766888e-06
0.2306049264958883	9.322902292091493e-06	3.296143715538751e-06
0.23096070323887427	9.322902292091493e-06	3.296143715538751e-06
0.2313164795421437	8.157539505580057e-06	3.0832601202785184e-06
0.23167225540501918	1.5149716224648676e-05	4.201775281284579e-06
0.23202803082682338	9.322902292091493e-06	3.296143715538751e-06
0.232383805806879	1.1653627865114367e-05	3.6852007057766888e-06
0.23273958034450865	6.99217671906862e-06	2.8545441921809865e-06
0.23309535443903492	6.99217671906862e-06	2.8545441921809865e-06
0.23345112808978052	1.1653627865114367e-05	3.6852007057766888e-06
0.2338069012960682	9.322902292091493e-06	3.296143715538751e-06
0.2341626740572205	6.99217671906862e-06	2.8545441921809865e-06
0.2345184463725601	1.048826507860293e-05	3.49608835953431e-06
0.2348742182414097	4.661451146045746e-06	2.330725573022873e-06
0.23522998966309197	5.826813932557183e-06	2.6058304090881475e-06
0.23558576063692946	1.1653627865114367e-05	3.6852007057766888e-06
0.23594153116224495	5.826813932557183e-06	2.6058304090881475e-06
0.23629730123836104	6.99217671906862e-06	2.8545441921809865e-06
0.23665307086460044	6.99217671906862e-06	2.8545441921809865e-06
0.23700884004028577	1.048826507860293e-05	3.49608835953431e-06
0.23736460876473972	1.048826507860293e-05	3.49608835953431e-06
0.23772037703728494	8.157539505580057e-06	3.0832601202785184e-06
0.23807614485724413	5.826813932557183e-06	2.6058304090881475e-06
0.23843191222393997	4.661451146045746e-06	2.330725573022873e-06
0.23878767913669505	1.1653627865114367e-05	3.6852007057766888e-06
0.23914344559483208	1.6315079011160115e-05	4.360388278421981e-06
0.23949921159767384	8.157539505580057e-06	3.0832601202785184e-06
0.2398549771445428	6.99217671906862e-06	2.8545441921809865e-06
0.24021074223476171	6.99217671906862e-06	2.8545441921809865e-06
0.24056650686765332	6.99217671906862e-06	2.8545441921809865e-06
0.24092227104254024	9.322902292091493e-06	3.296143715538751e-06
0.24127803475874518	5.826813932557183e-06	2.6058304090881475e-06
0.24163379801559073	8.157539505580057e-06	3.0832601202785184e-06
0.24198956081239972	5.826813932557183e-06	2.6058304090881475e-06
0.24234532314849466	1.048826507860293e-05	3.49608835953431e-06
0.24270108502319837	5.826813932557183e-06	2.6058304090881475e-06
0.24305684643583347	8.157539505580057e-06	3.0832601202785184e-06
0.24341260738572257	3.49608835953431e-06	2.0184675554878507e-06
0.24376836787218842	8.157539505580057e-06	3.0832601202785184e-06
0.2441241278945538	6.99217671906862e-06	2.8545441921809865e-06
0.24447988745214122	5.826813932557183e-06	2.6058304090881475e-06
0.2448356465442734	6.99217671906862e-06	2.8545441921809865e-06
0.2451914051702731	9.322902292091493e-06	3.296143715538751e-06
0.245547163329463	1.1653627865114366e-06	1.1653627865114366e-06
0.24590292102116568	4.661451146045746e-06	2.330725573022873e-06
0.246258678244704	9.322902292091493e-06	3.296143715538751e-06
0.24661443499940044	8.157539505580057e-06	3.0832601202785184e-06
0.24697019128457787	9.322902292091493e-06	3.296143715538751e-06
0.24732594709955888	4.661451146045746e-06	2.330725573022873e-06
0.24768170244366625	6.99217671906862e-06	2.8545441921809865e-06
0.24803745731622254	8.157539505580057e-06	3.0832601202785184e-06
0.24839321171655052	5.826813932557183e-06	2.6058304090881475e-06
0.24874896564397295	6.99217671906862e-06	2.8545441921809865e-06
0.24910471909781237	1.1653627865114367e-05	3.6852007057766888e-06
0.2494604720773916	5.826813932557183e-06	2.6058304090881475e-06
0.24981622458203329	5.826813932557183e-06	2.6058304090881475e-06
0.25017197661106017	3.49608835953431e-06	2.0184675554878507e-06
0.25052772816379487	5.826813932557183e-06	2.6058304090881475e-06
0.25088347923956017	1.1653627865114367e-05	3.6852007057766888e-06
0.2512392298376787	8.157539505580057e-06	3.0832601202785184e-06
0.2515949799574732	6.99217671906862e-06	2.8545441921809865e-06
0.25195072959826637	8.157539505580057e-06	3.0832601202785184e-06
0.25230647875938095	3.49608835953431e-06	2.0184675554878507e-06
0.25266222744013955	4.661451146045746e-06	2.330725573022873e-06
0.25301797563986494	8.157539505580057e-06	3.0832601202785184e-06
0.25337372335787983	4.661451146045746e-06	2.330725573022873e-06
0.25372947059350687	8.157539505580057e-06	3.0832601202785184e-06
0.2544409636148884	9.322902292091493e-06	3.296143715538751e-06
0.2547967093992882	3.49608835953431e-06	2.0184675554878507e-06
0.2551524546985911	2.330725573022873e-06	1.6480718577693755e-06
0.2555081995121198	4.661451146045746e-06	2.330725573022873e-06
0.2558639438391969	3.49608835953431e-06	2.0184675554878507e-06
0.2562196876791451	2.330725573022873e-06	1.6480718577693755e-06
0.2565754310312872	3.49608835953431e-06	2.0184675554878507e-06
0.25693117389494585	1.1653627865114366e-06	1.1653627865114366e-06
0.25728691626944394	1.1653627865114366e-06	1.1653627865114366e-06
0.2576426581541039	3.49608835953431e-06	2.0184675554878507e-06
0.2579983995482487	1.1653627865114366e-06	1.1653627865114366e-06
0.2583541404512009	2.330725573022873e-06	1.6480718577693755e-06
0.2587098808622833	5.826813932557183e-06	2.6058304090881475e-06
0.2590656207808187	3.49608835953431e-06	2.0184675554878507e-06
0.25942136020612955	9.322902292091493e-06	3.296143715538751e-06
0.25977709913753877	3.49608835953431e-06	2.0184675554878507e-06
0.2601328375743691	4.661451146045746e-06	2.330725573022873e-06
0.2604885755159433	3.49608835953431e-06	2.0184675554878507e-06
0.2608443129615839	4.661451146045746e-06	2.330725573022873e-06
0.26120004991061374	2.330725573022873e-06	1.6480718577693755e-06
0.2615557863623556	4.661451146045746e-06	2.330725573022873e-06
0.26191152231613213	4.661451146045746e-06	2.330725573022873e-06
0.2622672577712661	3.49608835953431e-06	2.0184675554878507e-06
0.26262299272708023	8.157539505580057e-06	3.0832601202785184e-06
0.26297872718289717	4.661451146045746e-06	2.330725573022873e-06
0.26333446113803977	3.49608835953431e-06	2.0184675554878507e-06
0.2636901945918308	4.661451146045746e-06	2.330725573022873e-06
0.26404592754359274	4.661451146045746e-06	2.330725573022873e-06
0.26440165999264864	3.49608835953431e-06	2.0184675554878507e-06
0.26475739193832115	5.826813932557183e-06	2.6058304090881475e-06
0.2651131233799328	3.49608835953431e-06	2.0184675554878507e-06
0.26546885431680656	6.99217671906862e-06	2.8545441921809865e-06
0.26582458474826504	4.661451146045746e-06	2.330725573022873e-06
0.266180314673631	4.661451146045746e-06	2.330725573022873e-06
0.2665360440922273	3.49608835953431e-06	2.0184675554878507e-06
0.26689177300337646	5.826813932557183e-06	2.6058304090881475e-06
0.26724750140640147	9.322902292091493e-06	3.296143715538751e-06
0.2676032293006249	6.99217671906862e-06	2.8545441921809865e-06
0.26795895668536956	2.330725573022873e-06	1.6480718577693755e-06
0.2683146835599582	3.49608835953431e-06	2.0184675554878507e-06
0.2686704099237135	6.99217671906862e-06	2.8545441921809865e-06
0.2690261357759583	3.49608835953431e-06	2.0184675554878507e-06
0.26938186111601536	6.99217671906862e-06	2.8545441921809865e-06
0.26973758594320724	8.157539505580057e-06	3.0832601202785184e-06
0.2700933102568569	6.99217671906862e-06	2.8545441921809865e-06
0.27044903405628695	2.330725573022873e-06	1.6480718577693755e-06
0.2708047573408203	2.330725573022873e-06	1.6480718577693755e-06
0.2715162023624876	8.157539505580057e-06	3.0832601202785184e-06
0.27222764531644067	3.49608835953431e-06	2.0184675554878507e-06
0.27258336601633126	3.49608835953431e-06	2.0184675554878507e-06
0.2729390861972617	2.330725573022873e-06	1.6480718577693755e-06
0.2732948058585546	3.49608835953431e-06	2.0184675554878507e-06
0.2736505249995328	4.661451146045746e-06	2.330725573022873e-06
0.27400624361951903	1.1653627865114366e-06	1.1653627865114366e-06
0.2743619617178359	1.1653627865114366e-06	1.1653627865114366e-06
0.27507339634675326	2.330725573022873e-06	1.6480718577693755e-06
0.27542911287599914	1.1653627865114366e-06	1.1653627865114366e-06
0.27578482888086686	2.330725573022873e-06	1.6480718577693755e-06
0.27614054436067914	3.49608835953431e-06	2.0184675554878507e-06
0.27649625931475885	5.826813932557183e-06	2.6058304090881475e-06
0.2768519737424287	4.661451146045746e-06	2.330725573022873e-06
0.27720768764301146	2.330725573022873e-06	1.6480718577693755e-06
0.27756340101582994	2.330725573022873e-06	1.6480718577693755e-06
0.2779191138602068	1.1653627865114366e-06	1.1653627865114366e-06
0.27827482617546495	1.1653627865114366e-06	1.1653627865114366e-06
0.27898624921591597	2.330725573022873e-06	1.6480718577693755e-06
0.2793419599397544	1.1653627865114366e-06	1.1653627865114366e-06
0.2796976701317653	3.49608835953431e-06	2.0184675554878507e-06
0.28005337979127115	4.661451146045746e-06	2.330725573022873e-06
0.2804090889175949	3.49608835953431e-06	2.0184675554878507e-06
0.2807647975100594	2.330725573022873e-06	1.6480718577693755e-06
0.2811205055679873	1.1653627865114366e-06	1.1653627865114366e-06
0.2814762130907014	3.49608835953431e-06	2.0184675554878507e-06
0.2818319200775246	6.99217671906862e-06	2.8545441921809865e-06
0.28218762652777957	6.99217671906862e-06	2.8545441921809865e-06
0.2825433324407891	2.330725573022873e-06	1.6480718577693755e-06
0.282899037815876	2.330725573022873e-06	1.6480718577693755e-06
0.283254742652363	1.2818990651625804e-05	3.865071107501478e-06
0.28361044694957305	2.330725573022873e-06	1.6480718577693755e-06
0.2839661507068288	4.661451146045746e-06	2.330725573022873e-06
0.2843218539234531	5.826813932557183e-06	2.6058304090881475e-06
0.28467755659876864	1.1653627865114366e-06	1.1653627865114366e-06
0.2850332587320983	3.49608835953431e-06	2.0184675554878507e-06
0.28538896032276495	3.49608835953431e-06	2.0184675554878507e-06
0.2857446613700912	1.1653627865114366e-06	1.1653627865114366e-06
0.28610036187339993	2.330725573022873e-06	1.6480718577693755e-06
0.28645606183201405	1.1653627865114366e-06	1.1653627865114366e-06
0.28681176124525626	6.99217671906862e-06	2.8545441921809865e-06
0.2871674601124492	3.49608835953431e-06	2.0184675554878507e-06
0.28752315843291587	1.1653627865114366e-06	1.1653627865114366e-06
0.2878788562059791	1.1653627865114366e-06	1.1653627865114366e-06
0.2882345534309616	3.49608835953431e-06	2.0184675554878507e-06
0.2889459462339756	2.330725573022873e-06	1.6480718577693755e-06
0.2893016418106528	1.1653627865114366e-06	1.1653627865114366e-06
0.2896573368365405	4.661451146045746e-06	2.330725573022873e-06
0.29001303131096146	1.1653627865114366e-06	1.1653627865114366e-06
0.2903687252332385	2.330725573022873e-06	1.6480718577693755e-06
0.2907244186026945	2.330725573022873e-06	1.6480718577693755e-06
0.29108011141865225	4.661451146045746e-06	2.330725573022873e-06
0.29143580368043454	3.49608835953431e-06	2.0184675554878507e-06
0.29179149538736415	1.1653627865114366e-06	1.1653627865114366e-06
0.29214718653876404	3.49608835953431e-06	2.0184675554878507e-06
0.2925028771339569	3.49608835953431e-06	2.0184675554878507e-06
0.29285856717226544	2.330725573022873e-06	1.6480718577693755e-06
0.29321425665301265	5.826813932557183e-06	2.6058304090881475e-06
0.2935699455755214	3.49608835953431e-06	2.0184675554878507e-06
0.29392563393911425	8.157539505580057e-06	3.0832601202785184e-06
0.2942813217431143	3.49608835953431e-06	2.0184675554878507e-06
0.2946370089868442	1.1653627865114366e-06	1.1653627865114366e-06
0.29499269566962677	2.330725573022873e-06	1.6480718577693755e-06
0.29534838179078493	1.1653627865114366e-06	1.1653627865114366e-06
0.29570406734964144	3.49608835953431e-06	2.0184675554878507e-06
0.2960597523455192	1.1653627865114366e-06	1.1653627865114366e-06
0.29641543677774085	3.49608835953431e-06	2.0184675554878507e-06
0.2967711206456294	4.661451146045746e-06	2.330725573022873e-06
0.2971268039485076	2.330725573022873e-06	1.6480718577693755e-06
0.29748248668569827	1.1653627865114366e-06	1.1653627865114366e-06
0.2978381688565243	4.661451146045746e-06	2.330725573022873e-06
0.29819385046030866	3.49608835953431e-06	2.0184675554878507e-06
0.2985495314963738	1.1653627865114366e-06	1.1653627865114366e-06
0.2989052119640428	1.1653627865114366e-06	1.1653627865114366e-06
0.2992608918626385	4.661451146045746e-06	2.330725573022873e-06
0.2996165711914836	3.49608835953431e-06	2.0184675554878507e-06
0.2999722499499011	5.826813932557183e-06	2.6058304090881475e-06
0.3003279281372138	4.661451146045746e-06	2.330725573022873e-06
0.3006836057527445	1.1653627865114366e-06	1.1653627865114366e-06
0.30103928279581604	4.661451146045746e-06	2.330725573022873e-06
0.30139495926575127	4.661451146045746e-06	2.330725573022873e-06
0.30175063516187306	1.1653627865114366e-06	1.1653627865114366e-06
0.30210631048350417	2.330725573022873e-06	1.6480718577693755e-06
0.3024619852299676	5.826813932557183e-06	2.6058304090881475e-06
0.3028176594005859	3.49608835953431e-06	2.0184675554878507e-06
0.30317333299468224	5.826813932557183e-06	2.6058304090881475e-06
0.3035290060115794	2.330725573022873e-06	1.6480718577693755e-06
0.3038846784506001	1.1653627865114366e-06	1.1653627865114366e-06
0.3042403503110673	1.1653627865114366e-06	1.1653627865114366e-06
0.3045960215923037	3.49608835953431e-06	2.0184675554878507e-06
0.3049516922936324	1.1653627865114366e-06	1.1653627865114366e-06
0.305307362414376	3.49608835953431e-06	2.0184675554878507e-06
0.3060187009113997	2.330725573022873e-06	1.6480718577693755e-06
0.3063743692863255	1.1653627865114366e-06	1.1653627865114366e-06
0.3067300370779577	1.1653627865114366e-06	1.1653627865114366e-06
0.3070857042856194	1.1653627865114366e-06	1.1653627865114366e-06
0.3077970369463218	6.99217671906862e-06	2.8545441921809865e-06
0.30815270239800835	3.49608835953431e-06	2.0184675554878507e-06
0.3085083672630157	3.49608835953431e-06	2.0184675554878507e-06
0.3088640315406667	3.49608835953431e-06	2.0184675554878507e-06
0.3092196952302842	2.330725573022873e-06	1.6480718577693755e-06
0.30957535833119093	4.661451146045746e-06	2.330725573022873e-06
0.3099310208427099	2.330725573022873e-06	1.6480718577693755e-06
0.31028668276416393	2.330725573022873e-06	1.6480718577693755e-06
0.310642344094876	1.1653627865114366e-06	1.1653627865114366e-06
0.3109980048341688	1.1653627865114366e-06	1.1653627865114366e-06
0.3117093245357884	2.330725573022873e-06	1.6480718577693755e-06
0.3120649834967609	3.49608835953431e-06	2.0184675554878507e-06
0.3124206418636057	3.49608835953431e-06	2.0184675554878507e-06
0.3127762996356456	2.330725573022873e-06	1.6480718577693755e-06
0.31313195681220385	2.330725573022873e-06	1.6480718577693755e-06
0.31348761339260284	2.330725573022873e-06	1.6480718577693755e-06
0.31384326937616563	3.49608835953431e-06	2.0184675554878507e-06
0.3141989247622152	2.330725573022873e-06	1.6480718577693755e-06
0.31491023373906596	3.49608835953431e-06	2.0184675554878507e-06
0.31526588732851285	1.1653627865114366e-06	1.1653627865114366e-06
0.3156215403177381	2.330725573022873e-06	1.6480718577693755e-06
0.3159771927060645	3.49608835953431e-06	2.0184675554878507e-06
0.31633284449281485	2.330725573022873e-06	1.6480718577693755e-06
0.3166884956773121	2.330725573022873e-06	1.6480718577693755e-06
0.31704414625887917	2.330725573022873e-06	1.6480718577693755e-06
0.31739979623683895	2.330725573022873e-06	1.6480718577693755e-06
0.3177554456105142	4.661451146045746e-06	2.330725573022873e-06
0.318111094379228	2.330725573022873e-06	1.6480718577693755e-06
0.3184667425423033	2.330725573022873e-06	1.6480718577693755e-06
0.3188223900990627	1.1653627865114366e-06	1.1653627865114366e-06
0.31917803704882936	4.661451146045746e-06	2.330725573022873e-06
0.31953368339092597	1.1653627865114366e-06	1.1653627865114366e-06
0.31988932912467566	3.49608835953431e-06	2.0184675554878507e-06
0.32060061876442536	3.49608835953431e-06	2.0184675554878507e-06
0.3209562626690713	5.826813932557183e-06	2.6058304090881475e-06
0.32131190596266174	1.1653627865114366e-06	1.1653627865114366e-06
0.32166754864451974	1.1653627865114366e-06	1.1653627865114366e-06
0.3220231907139681	5.826813932557183e-06	2.6058304090881475e-06
0.32237883217032987	3.49608835953431e-06	2.0184675554878507e-06
0.3227344730129276	5.826813932557183e-06	2.6058304090881475e-06
0.3230901132410846	2.330725573022873e-06	1.6480718577693755e-06
0.32380139185136747	2.330725573022873e-06	1.6480718577693755e-06
0.3241570302321392	5.826813932557183e-06	2.6058304090881475e-06
0.3245126679957617	4.661451146045746e-06	2.330725573022873e-06
0.324868305141558	1.1653627865114366e-06	1.1653627865114366e-06
0.32522394166885077	2.330725573022873e-06	1.6480718577693755e-06
0.32557957757696304	5.826813932557183e-06	2.6058304090881475e-06
0.3259352128652178	4.661451146045746e-06	2.330725573022873e-06
0.32629084753293786	2.330725573022873e-06	1.6480718577693755e-06
0.32664648157944626	1.1653627865114366e-06	1.1653627865114366e-06
0.32700211500406584	3.49608835953431e-06	2.0184675554878507e-06
0.3273577478061195	1.1653627865114366e-06	1.1653627865114366e-06
0.3277133799849303	2.330725573022873e-06	1.6480718577693755e-06
0.3284246424701146	4.661451146045746e-06	2.330725573022873e-06
0.328780272775134	3.49608835953431e-06	2.0184675554878507e-06
0.32913590245420227	1.1653627865114366e-06	1.1653627865114366e-06
0.32949153150664207	4.661451146045746e-06	2.330725573022873e-06
0.3298471599317766	3.49608835953431e-06	2.0184675554878507e-06
0.3302027877289287	4.661451146045746e-06	2.330725573022873e-06
0.33055841489742127	2.330725573022873e-06	1.6480718577693755e-06
0.33091404143657727	1.1653627865114366e-06	1.1653627865114366e-06
0.3312696673457196	4.661451146045746e-06	2.330725573022873e-06
0.33162529262417134	1.1653627865114366e-06	1.1653627865114366e-06
0.33198091727125517	5.826813932557183e-06	2.6058304090881475e-06
0.3323365412862943	2.330725573022873e-06	1.6480718577693755e-06
0.3330477874175298	2.330725573022873e-06	1.6480718577693755e-06
0.3334034095323721	2.330725573022873e-06	1.6480718577693755e-06
0.3337590310124614	4.661451146045746e-06	2.330725573022873e-06
0.3341146518571206	6.99217671906862e-06	2.8545441921809865e-06
0.3344702720656726	5.826813932557183e-06	2.6058304090881475e-06
0.3348258916374404	4.661451146045746e-06	2.330725573022873e-06
0.33518151057174694	9.322902292091493e-06	3.296143715538751e-06
0.3355371288679152	5.826813932557183e-06	2.6058304090881475e-06
0.33589274652526824	3.49608835953431e-06	2.0184675554878507e-06
0.33624836354312876	2.330725573022873e-06	1.6480718577693755e-06
0.3366039799208199	2.330725573022873e-06	1.6480718577693755e-06
0.3369595956576646	2.330725573022873e-06	1.6480718577693755e-06
0.33731521075298576	2.330725573022873e-06	1.6480718577693755e-06
0.3376708252061063	2.330725573022873e-06	1.6480718577693755e-06
0.33802643901634927	4.661451146045746e-06	2.330725573022873e-06
0.3387376647054943	3.49608835953431e-06	2.0184675554878507e-06
0.3390932765830424	1.1653627865114366e-06	1.1653627865114366e-06
0.3394488878150046	3.49608835953431e-06	2.0184675554878507e-06
0.33980449840070404	4.661451146045746e-06	2.330725573022873e-06
0.3401601083394637	2.330725573022873e-06	1.6480718577693755e-06
0.34051571763060656	1.1653627865114366e-06	1.1653627865114366e-06
0.34087132627345545	4.661451146045746e-06	2.330725573022873e-06
0.34122693426733347	3.49608835953431e-06	2.0184675554878507e-06
0.34158254161156354	5.826813932557183e-06	2.6058304090881475e-06
0.3419381483054687	2.330725573022873e-06	1.6480718577693755e-06
0.34229375434837184	2.330725573022873e-06	1.6480718577693755e-06
0.3426493597395961	5.826813932557183e-06	2.6058304090881475e-06
0.34300496447846435	3.49608835953431e-06	2.0184675554878507e-06
0.34336056856429936	3.49608835953431e-06	2.0184675554878507e-06
0.34371617199642446	3.49608835953431e-06	2.0184675554878507e-06
0.34407177477416234	3.49608835953431e-06	2.0184675554878507e-06
0.344782978363769	1.1653627865114366e-06	1.1653627865114366e-06
0.34513857917428353	3.49608835953431e-06	2.0184675554878507e-06
0.34549417932770304	3.49608835953431e-06	2.0184675554878507e-06
0.3458497788233503	1.1653627865114366e-06	1.1653627865114366e-06
0.3462053776605485	1.1653627865114366e-06	1.1653627865114366e-06
0.3469165733568892	2.330725573022873e-06	1.6480718577693755e-06
0.34727217021467777	2.330725573022873e-06	1.6480718577693755e-06
0.3476277664113091	3.49608835953431e-06	2.0184675554878507e-06
0.34798336194610624	4.661451146045746e-06	2.330725573022873e-06
0.34869455102749	5.826813932557183e-06	2.6058304090881475e-06
0.3490501445727225	3.49608835953431e-06	2.0184675554878507e-06
0.34940573745341275	2.330725573022873e-06	1.6480718577693755e-06
0.34976132966888385	3.49608835953431e-06	2.0184675554878507e-06
0.3501169212184587	3.49608835953431e-06	2.0184675554878507e-06
0.35047251210146035	1.1653627865114366e-06	1.1653627865114366e-06
0.35082810231721184	5.826813932557183e-06	2.6058304090881475e-06
0.351183691865036	3.49608835953431e-06	2.0184675554878507e-06
0.3515392807442562	3.49608835953431e-06	2.0184675554878507e-06
0.35189486895419514	1.1653627865114366e-06	1.1653627865114366e-06
0.35225045649417586	5.826813932557183e-06	2.6058304090881475e-06
0.35260604336352147	4.661451146045746e-06	2.330725573022873e-06
0.35296162956155486	1.1653627865114366e-06	1.1653627865114366e-06
0.3533172150875991	5.826813932557183e-06	2.6058304090881475e-06
0.3536727999409773	2.330725573022873e-06	1.6480718577693755e-06
0.35402838412101245	4.661451146045746e-06	2.330725573022873e-06
0.35438396762702745	4.661451146045746e-06	2.330725573022873e-06
0.3547395504583454	1.1653627865114366e-06	1.1653627865114366e-06
0.35509513261428927	1.1653627865114366e-06	1.1653627865114366e-06
0.35545071409418216	2.330725573022873e-06	1.6480718577693755e-06
0.3558062948973471	3.49608835953431e-06	2.0184675554878507e-06
0.3561618750231069	2.330725573022873e-06	1.6480718577693755e-06
0.356517454470785	3.49608835953431e-06	2.0184675554878507e-06
0.35687303323970404	1.1653627865114366e-06	1.1653627865114366e-06
0.35722861132918715	3.49608835953431e-06	2.0184675554878507e-06
0.3575841887385575	2.330725573022873e-06	1.6480718577693755e-06
0.35793976546713796	2.330725573022873e-06	1.6480718577693755e-06
0.35829534151425163	4.661451146045746e-06	2.330725573022873e-06
0.3586509168792215	2.330725573022873e-06	1.6480718577693755e-06
0.3593620655600222	5.826813932557183e-06	2.6058304090881475e-06
0.359717638874499	3.49608835953431e-06	2.0184675554878507e-06
0.3600732115041242	3.49608835953431e-06	2.0184675554878507e-06
0.3604287834482209	2.330725573022873e-06	1.6480718577693755e-06
0.3607843547061119	6.99217671906862e-06	2.8545441921809865e-06
0.3611399252771206	3.49608835953431e-06	2.0184675554878507e-06
0.3614954951605697	4.661451146045746e-06	2.330725573022873e-06
0.36220663286208177	3.49608835953431e-06	2.0184675554878507e-06
0.3625622006787909	3.49608835953431e-06	2.0184675554878507e-06
0.3629177678052326	2.330725573022873e-06	1.6480718577693755e-06
0.36327333424073033	6.99217671906862e-06	2.8545441921809865e-06
0.3636288999846067	2.330725573022873e-06	1.6480718577693755e-06
0.36398446503618503	2.330725573022873e-06	1.6480718577693755e-06
0.3643400293947883	1.1653627865114366e-06	1.1653627865114366e-06
0.36469559305973953	2.330725573022873e-06	1.6480718577693755e-06
0.36505115603036187	2.330725573022873e-06	1.6480718577693755e-06
0.3654067183059783	1.1653627865114366e-06	1.1653627865114366e-06
0.3657622798859119	4.661451146045746e-06	2.330725573022873e-06
0.3661178407694858	2.330725573022873e-06	1.6480718577693755e-06
0.36647340095602304	2.330725573022873e-06	1.6480718577693755e-06
0.3668289604448465	2.330725573022873e-06	1.6480718577693755e-06
0.36718451923527945	3.49608835953431e-06	2.0184675554878507e-06
0.36754007732664495	3.49608835953431e-06	2.0184675554878507e-06
0.3682511914094656	5.826813932557183e-06	2.6058304090881475e-06
0.3686067473995669	2.330725573022873e-06	1.6480718577693755e-06
0.368962302687893	4.661451146045746e-06	2.330725573022873e-06
0.36931785727376704	4.661451146045746e-06	2.330725573022873e-06
0.3696734111565118	4.661451146045746e-06	2.330725573022873e-06
0.37002896433545074	1.1653627865114366e-06	1.1653627865114366e-06
0.3707400685792028	3.49608835953431e-06	2.0184675554878507e-06
0.371095619642662	1.1653627865114366e-06	1.1653627865114366e-06
0.37145116999960776	3.49608835953431e-06	2.0184675554878507e-06
0.37180671964936285	2.330725573022873e-06	1.6480718577693755e-06
0.3721622685912504	1.1653627865114366e-06	1.1653627865114366e-06
0.37251781682459345	4.661451146045746e-06	2.330725573022873e-06
0.37287336434871515	2.330725573022873e-06	1.6480718577693755e-06
0.37358445726658696	2.330725573022873e-06	1.6480718577693755e-06
0.3739400026589831	1.1653627865114366e-06	1.1653627865114366e-06
0.3742955473394503	3.49608835953431e-06	2.0184675554878507e-06
0.37465109130731167	1.1653627865114366e-06	1.1653627865114366e-06
0.3750066345618901	5.826813932557183e-06	2.6058304090881475e-06
0.375362177102509	1.1653627865114366e-06	1.1653627865114366e-06
0.37571771892849115	2.330725573022873e-06	1.6480718577693755e-06
0.3760732600391598	1.1653627865114366e-06	1.1653627865114366e-06
0.37642880043383814	1.1653627865114366e-06	1.1653627865114366e-06
0.3767843401118491	1.1653627865114366e-06	1.1653627865114366e-06
0.3771398790725157	1.1653627865114366e-06	1.1653627865114366e-06
0.3774954173151614	1.1653627865114366e-06	1.1653627865114366e-06
0.377850954839109	3.49608835953431e-06	2.0184675554878507e-06
0.37820649164368186	1.1653627865114366e-06	1.1653627865114366e-06
0.3785620277282028	3.49608835953431e-06	2.0184675554878507e-06
0.3789175630919951	2.330725573022873e-06	1.6480718577693755e-06
0.3792730977343818	2.330725573022873e-06	1.6480718577693755e-06
0.379628631654686	5.826813932557183e-06	2.6058304090881475e-06
0.37998416485223097	3.49608835953431e-06	2.0184675554878507e-06
0.38033969732633965	4.661451146045746e-06	2.330725573022873e-06
0.38069522907633524	3.49608835953431e-06	2.0184675554878507e-06
0.38105076010154093	2.330725573022873e-06	1.6480718577693755e-06
0.38140629040127966	1.1653627865114366e-06	1.1653627865114366e-06
0.3824728769409258	1.1653627865114366e-06	1.1653627865114366e-06
0.3828284043320283	2.330725573022873e-06	1.6480718577693755e-06
0.38318393099427944	1.1653627865114366e-06	1.1653627865114366e-06
0.3835394569270026	2.330725573022873e-06	1.6480718577693755e-06
0.3838949821295207	2.330725573022873e-06	1.6480718577693755e-06
0.3842505066011569	2.330725573022873e-06	1.6480718577693755e-06
0.38460603034123436	1.1653627865114366e-06	1.1653627865114366e-06
0.38496155334907634	3.49608835953431e-06	2.0184675554878507e-06
0.38531707562400563	1.1653627865114366e-06	1.1653627865114366e-06
0.3856725971653458	2.330725573022873e-06	1.6480718577693755e-06
0.38602811797241965	3.49608835953431e-06	2.0184675554878507e-06
0.3867391573810614	1.1653627865114366e-06	1.1653627865114366e-06
0.3870946759812756	3.49608835953431e-06	2.0184675554878507e-06
0.387450193844516	3.49608835953431e-06	2.0184675554878507e-06
0.3878057109701061	4.661451146045746e-06	2.330725573022873e-06
0.38816122735736874	4.661451146045746e-06	2.330725573022873e-06
0.3885167430056271	1.1653627865114366e-06	1.1653627865114366e-06
0.3888722579142046	3.49608835953431e-06	2.0184675554878507e-06
0.3892277720824241	2.330725573022873e-06	1.6480718577693755e-06
0.3895832855096088	3.49608835953431e-06	2.0184675554878507e-06
0.3899387981950821	6.99217671906862e-06	2.8545441921809865e-06
0.3902943101381668	2.330725573022873e-06	1.6480718577693755e-06
0.39064982133818626	2.330725573022873e-06	1.6480718577693755e-06
0.39100533179446356	4.661451146045746e-06	2.330725573022873e-06
0.3913608415063219	3.49608835953431e-06	2.0184675554878507e-06
0.3917163504730844	2.330725573022873e-06	1.6480718577693755e-06
0.39207185869407435	4.661451146045746e-06	2.330725573022873e-06
0.3924273661686148	3.49608835953431e-06	2.0184675554878507e-06
0.39278287289602876	3.49608835953431e-06	2.0184675554878507e-06
0.39313837887563985	1.1653627865114366e-06	1.1653627865114366e-06
0.39349388410677066	5.826813932557183e-06	2.6058304090881475e-06
0.3938493885887448	1.1653627865114366e-06	1.1653627865114366e-06
0.3942048923208853	1.1653627865114366e-06	1.1653627865114366e-06
0.3945603953025152	1.1653627865114366e-06	1.1653627865114366e-06
0.39491589753295786	2.330725573022873e-06	1.6480718577693755e-06
0.39527139901153635	1.1653627865114366e-06	1.1653627865114366e-06
0.3956268997375739	2.330725573022873e-06	1.6480718577693755e-06
0.3959823997103938	2.330725573022873e-06	1.6480718577693755e-06
0.39633789892931903	5.826813932557183e-06	2.6058304090881475e-06
0.3966933973936727	2.330725573022873e-06	1.6480718577693755e-06
0.39704889510277824	4.661451146045746e-06	2.330725573022873e-06
0.3974043920559587	2.330725573022873e-06	1.6480718577693755e-06
0.3977598882525372	3.49608835953431e-06	2.0184675554878507e-06
0.3981153836918371	3.49608835953431e-06	2.0184675554878507e-06
0.39847087837318146	2.330725573022873e-06	1.6480718577693755e-06
0.39918186545929646	6.99217671906862e-06	2.8545441921809865e-06
0.3995373578627135	2.330725573022873e-06	1.6480718577693755e-06
0.39989284950546766	1.1653627865114366e-06	1.1653627865114366e-06
0.4002483403868824	5.826813932557183e-06	2.6058304090881475e-06
0.40060383050628073	2.330725573022873e-06	1.6480718577693755e-06
0.40095931986298583	3.49608835953431e-06	2.0184675554878507e-06
0.4016702962856096	1.1653627865114366e-06	1.1653627865114366e-06
0.4023812696493391	2.330725573022873e-06	1.6480718577693755e-06
0.4027367551824264	2.330725573022873e-06	1.6480718577693755e-06
0.40309223994875987	2.330725573022873e-06	1.6480718577693755e-06
0.40344772394766265	2.330725573022873e-06	1.6480718577693755e-06
0.40380320717845775	2.330725573022873e-06	1.6480718577693755e-06
0.4041586896404687	3.49608835953431e-06	2.0184675554878507e-06
0.4045141713330184	2.330725573022873e-06	1.6480718577693755e-06
0.4048696522554303	4.661451146045746e-06	2.330725573022873e-06
0.40522513240702757	1.1653627865114366e-06	1.1653627865114366e-06
0.40593609039507067	1.1653627865114366e-06	1.1653627865114366e-06
0.40629156823016316	2.330725573022873e-06	1.6480718577693755e-06
0.4066470452917338	3.49608835953431e-06	2.0184675554878507e-06
0.4070025215791058	6.99217671906862e-06	2.8545441921809865e-06
0.4073579970916025	2.330725573022873e-06	1.6480718577693755e-06
0.4077134718285471	1.1653627865114366e-06	1.1653627865114366e-06
0.4080689457892628	2.330725573022873e-06	1.6480718577693755e-06
0.4084244189730727	2.330725573022873e-06	1.6480718577693755e-06
0.40877989137930026	4.661451146045746e-06	2.330725573022873e-06
0.4091353630072685	1.1653627865114366e-06	1.1653627865114366e-06
0.4094908338563008	2.330725573022873e-06	1.6480718577693755e-06
0.40984630392572036	5.826813932557183e-06	2.6058304090881475e-06
0.41055724172301405	1.1653627865114366e-06	1.1653627865114366e-06
0.4109127094495348	5.826813932557183e-06	2.6058304090881475e-06
0.41162364255494	3.49608835953431e-06	2.0184675554878507e-06
0.4119791079324709	1.1653627865114366e-06	1.1653627865114366e-06
0.41233457252565175	4.661451146045746e-06	2.330725573022873e-06
0.41269003633380585	4.661451146045746e-06	2.330725573022873e-06
0.4130454993562564	4.661451146045746e-06	2.330725573022873e-06
0.4134009615923265	3.49608835953431e-06	2.0184675554878507e-06
0.4137564230413396	4.661451146045746e-06	2.330725573022873e-06
0.4141118837026187	3.49608835953431e-06	2.0184675554878507e-06
0.41482280265926874	2.330725573022873e-06	1.6480718577693755e-06
0.41517826095328586	1.1653627865114366e-06	1.1653627865114366e-06
0.4155337184568623	2.330725573022873e-06	1.6480718577693755e-06
0.4162446310899857	3.49608835953431e-06	2.0184675554878507e-06
0.41660008621817934	2.330725573022873e-06	1.6480718577693755e-06
0.41695554055322503	1.1653627865114366e-06	1.1653627865114366e-06
0.4176664468411663	2.330725573022873e-06	1.6480718577693755e-06
0.41802189879270835	2.330725573022873e-06	1.6480718577693755e-06
0.41837734994839554	2.330725573022873e-06	1.6480718577693755e-06
0.4187328003075515	3.49608835953431e-06	2.0184675554878507e-06
0.4190882498694993	2.330725573022873e-06	1.6480718577693755e-06
0.4197991465990634	4.661451146045746e-06	2.330725573022873e-06
0.4201545937653263	3.49608835953431e-06	2.0184675554878507e-06
0.42051004013167415	5.826813932557183e-06	2.6058304090881475e-06
0.4208654856974303	1.1653627865114366e-06	1.1653627865114366e-06
0.42122093046191794	4.661451146045746e-06	2.330725573022873e-06
0.4215763744244603	1.1653627865114366e-06	1.1653627865114366e-06
0.4219318175843808	2.330725573022873e-06	1.6480718577693755e-06
0.42228725994100264	2.330725573022873e-06	1.6480718577693755e-06
0.4226427014936492	2.330725573022873e-06	1.6480718577693755e-06
0.42299814224164367	2.330725573022873e-06	1.6480718577693755e-06
0.42335358218430924	1.1653627865114366e-06	1.1653627865114366e-06
0.4237090213209695	1.1653627865114366e-06	1.1653627865114366e-06
0.42406445965094747	2.330725573022873e-06	1.6480718577693755e-06
0.4244198971735666	2.330725573022873e-06	1.6480718577693755e-06
0.4251307697940214	2.330725573022873e-06	1.6480718577693755e-06
0.42584163917692036	2.330725573022873e-06	1.6480718577693755e-06
0.42619707265259454	1.1653627865114366e-06	1.1653627865114366e-06
0.42655250531684963	2.330725573022873e-06	1.6480718577693755e-06
0.426907937169009	5.826813932557183e-06	2.6058304090881475e-06
