#Executed at: 2018-10-26 14:26:38.528564
#loaded_file	 = ./DD67_BGLinSub.xy
#particle info	 = Superball Model, r = 56.2265926 A, p = 1.53773769
#fit report	 = [[Fit Statistics]]
#    # fitting method   = leastsq
#    # function evals   = 43
#    # data points      = 352
#    # variables        = 3
#    chi-square         = 66515.8535
#    reduced chi-square = 190.589838
#    Akaike info crit   = 1851.03068
#    Bayesian info crit = 1862.62157
#[[Variables]]
#    Ms:   4.31091567 +/- 0.02920903 (0.68%) (init = 1)
#    mu:   4685.54713 +/- 45.9161129 (0.98%) (init = 10000)
#    chi:  2.61325251 +/- 0.02025190 (0.77%) (init = 0)
#    T:    300 (fixed)
#[[Correlations]] (unreported correlations are < 0.100)
#    C(Ms, chi) = -0.948
#    C(Ms, mu)  = -0.843
#    C(mu, chi) =  0.734
#Ms Should	 = 42.33618444418342 kA/m
#Rescale Factor	 = 9.820694192541739
#[[Data]]
#B/T	M/kAm-1	sM/kAm-1	M_raw/memu	sM_raw/memu
-0.0009	-0.19266561949836736	0.049103470962708694	-0.01961833	0.005
0.0	-0.029016586426968943	0.049103470962708694	-0.002954637	0.005
0.0009	0.19482656504849427	0.049103470962708694	0.01983837	0.005
0.0019	0.40225131302106487	0.049103470962708694	0.04095956	0.005
0.0029	0.6095707831518915	0.049103470962708694	0.06207003	0.005
0.0039	0.7551975362276483	0.049103470962708694	0.07689859	0.005
0.0049	0.9389405640173818	0.049103470962708694	0.09560837	0.005
0.0074	1.3534055797848852	0.049103470962708694	0.1378116	0.005
0.0099	1.854433336787593	0.049103470962708694	0.18882915	0.005
0.0124	2.31520901450333	0.049103470962708694	0.235748	0.005
0.0149	2.7201864540253027	0.049103470962708694	0.27698515	0.005
0.0174	3.2537825791787363	0.049103470962708694	0.331319	0.005
0.0199	3.6184008938470393	0.049103470962708694	0.36844655	0.005
0.0224	4.0849305162901866	0.049103470962708694	0.4159513	0.005
0.0249	4.514349699518557	0.049103470962708694	0.45967725	0.005
0.0274	4.927969349929966	0.049103470962708694	0.5017944	0.005
0.0299	5.346901013830121	0.049103470962708694	0.54445245	0.005
0.0324	5.821297012321494	0.049103470962708694	0.5927582	0.005
0.0349	6.177702280436574	0.049103470962708694	0.62904945	0.005
0.0374	6.671574679650597	0.049103470962708694	0.6793384	0.005
0.0399	7.1188891318366165	0.049103470962708694	0.72488655	0.005
0.0424	7.525779642587296	0.049103470962708694	0.7663185	0.005
0.0449	7.9362105135943875	0.049103470962708694	0.80811095	0.005
0.0474	8.419452011344983	0.049103470962708694	0.8573174	0.005
0.0499	8.815055598260175	0.049103470962708694	0.89760005	0.005
0.0524	9.206064082362674	0.049103470962708694	0.9374148	0.005
0.0549	9.585410492111533	0.049103470962708694	0.97604205	0.005
0.0574	9.97597802704479	0.049103470962708694	1.0158119	0.005
0.0599	10.380469342204231	0.049103470962708694	1.05699955	0.005
0.0624	10.745996071085344	0.049103470962708694	1.0942196	0.005
0.0649	11.189977379662416	0.049103470962708694	1.13942835	0.005
0.0673	11.574915201649796	0.049103470962708694	1.17862495	0.005
0.0698	11.948560698419884	0.049103470962708694	1.2166717	0.005
0.0724	12.352592896125826	0.049103470962708694	1.2578126	0.005
0.0749	12.712685834910205	0.049103470962708694	1.29447935	0.005
0.0774	13.103075615278575	0.049103470962708694	1.3342311	0.005
0.0799	13.457560937679014	0.049103470962708694	1.37032685	0.005
0.0824	13.828682516041619	0.049103470962708694	1.4081166	0.005
0.0849	14.200638853410588	0.049103470962708694	1.44599135	0.005
0.0874	14.506217118732168	0.049103470962708694	1.4771071	0.005
0.0899	14.866526112788785	0.049103470962708694	1.51379585	0.005
0.0924	15.276537640153855	0.049103470962708694	1.5555456	0.005
0.0948	15.616192241219427	0.049103470962708694	1.5901312	0.005
0.0974	15.899370976191948	0.049103470962708694	1.6189661	0.005
0.0999	16.23543267628718	0.049103470962708694	1.65318585	0.005
0.1499	22.321179377686597	0.049103470962708694	2.27287185	0.005
0.1999	27.16067016535828	0.049103470962708694	2.76565685	0.005
0.2498	31.383861815872873	0.049103470962708694	3.1956867	0.005
0.2998	35.16776546756501	0.049103470962708694	3.5809857	0.005
0.3498	38.24632722096042	0.049103470962708694	3.8944627	0.005
0.3999	41.26606448924663	0.049103470962708694	4.20194985	0.005
0.4498	43.95427181677275	0.049103470962708694	4.4756787	0.005
0.4998	46.353703104671325	0.049103470962708694	4.7200027	0.005
0.5498	48.64653075710985	0.049103470962708694	4.9534717	0.005
0.5999	50.703064159685766	0.049103470962708694	5.16287985	0.005
0.6498	52.97762384782204	0.049103470962708694	5.3944887	0.005
0.6998	54.822303762172304	0.049103470962708694	5.5823247	0.005
0.7499	56.84599676336835	0.049103470962708694	5.78838885	0.005
0.7999	58.82334443556567	0.049103470962708694	5.98973385	0.005
0.8498	60.276206640611974	0.049103470962708694	6.1376727	0.005
0.8998	61.81945016741636	0.049103470962708694	6.2948147	0.005
0.9499	63.50081341044879	0.049103470962708694	6.46602085	0.005
0.9999	65.02043816772013	0.049103470962708694	6.62075785	0.005
1.0998	67.6830527661805	0.049103470962708694	6.8918807	0.005
1.1998	70.69380262617639	0.049103470962708694	7.1984527	0.005
1.2997	73.52114954902245	0.049103470962708694	7.48634955	0.005
1.3998	75.96613068969016	0.049103470962708694	7.7353117	0.005
1.4998	78.35761703598696	0.049103470962708694	7.9788267	0.005
1.5998	80.58815137080934	0.049103470962708694	8.20595263337	0.005
1.6997	82.48908361408455	0.049103470962708694	8.39951657152	0.005
1.7997	85.03102935352493	0.049103470962708694	8.65835221894	0.005
1.8996	87.27017959598047	0.049103470962708694	8.88635547396	0.005
1.8001	85.13942946598601	0.049103470962708694	8.66939014664	0.005
1.7	83.27378767231671	0.049103470962708694	8.4794196866	0.005
1.6001	80.56245130027938	0.049103470962708694	8.20333570324	0.005
1.5	78.08472622258975	0.049103470962708694	7.9510393758	0.005
1.4001	76.11481059838344	0.049103470962708694	7.75045115	0.005
1.3	73.53586536823526	0.049103470962708694	7.487848	0.005
1.2	71.10197326441507	0.049103470962708694	7.240015	0.005
1.1	68.30556987586559	0.049103470962708694	6.955269	0.005
1.0	65.5934476848765	0.049103470962708694	6.679105	0.005
0.95	63.27898504313179	0.049103470962708694	6.443433	0.005
0.9	62.34898494448647	0.049103470962708694	6.348735	0.005
0.85	60.394490027675204	0.049103470962708694	6.149717	0.005
0.8	58.776658328478455	0.049103470962708694	5.98498	0.005
0.75	56.98407719681962	0.049103470962708694	5.802449	0.005
0.7	55.15303822670279	0.049103470962708694	5.616002	0.005
0.65	53.05102666242535	0.049103470962708694	5.401963	0.005
0.6	50.83515396967958	0.049103470962708694	5.17633	0.005
0.55	49.02656510648689	0.049103470962708694	4.992169	0.005
0.5	46.52051054173991	0.049103470962708694	4.736988	0.005
0.45	44.12588157330149	0.049103470962708694	4.493153	0.005
0.4	41.527640152169106	0.049103470962708694	4.228585	0.005
0.35	38.60550241587251	0.049103470962708694	3.931036	0.005
0.3	35.31288881185646	0.049103470962708694	3.595763	0.005
0.25	31.767903008480477	0.049103470962708694	3.234792	0.005
0.2001	27.542904350234455	0.049103470962708694	2.80457815	0.005
0.15	22.574309243603487	0.049103470962708694	2.298647	0.005
0.1	16.546494817245875	0.049103470962708694	1.68486	0.005
0.0974	16.213633190353285	0.049103470962708694	1.6509661	0.005
0.0949	15.932675405372404	0.049103470962708694	1.62235735	0.005
0.0924	15.525060127390315	0.049103470962708694	1.5808516	0.005
0.0899	15.109440983641303	0.049103470962708694	1.53853085	0.005
0.0874	14.84051354904629	0.049103470962708694	1.5111471	0.005
0.0849	14.497832701065287	0.049103470962708694	1.47625335	0.005
0.0824	14.192853498089452	0.049103470962708694	1.4451986	0.005
0.0799	13.7002597532593	0.049103470962708694	1.39503985	0.005
0.0774	13.373616098894715	0.049103470962708694	1.3617791	0.005
0.0749	12.975625101221318	0.049103470962708694	1.32125335	0.005
0.0724	12.678679226094982	0.049103470962708694	1.2910166	0.005
0.0699	12.19969696341569	0.049103470962708694	1.24224385	0.005
0.0674	11.853814569127918	0.049103470962708694	1.2070241	0.005
0.0649	11.489498731840746	0.049103470962708694	1.16992735	0.005
0.0624	11.069047806549005	0.049103470962708694	1.1271146	0.005
0.0599	10.687909120110008	0.049103470962708694	1.08830485	0.005
0.0574	10.273882892959028	0.049103470962708694	1.0461463	0.005
0.0549	9.859869432710497	0.049103470962708694	1.00398905	0.005
0.0524	9.49395184020052	0.049103470962708694	0.9667292	0.005
0.0499	9.039836557286165	0.049103470962708694	0.92048855	0.005
0.0474	8.632214404818141	0.049103470962708694	0.8789821	0.005
0.0449	8.237428881729189	0.049103470962708694	0.83878275	0.005
0.0424	7.812182511463229	0.049103470962708694	0.7954817	0.005
0.0399	7.365287402919231	0.049103470962708694	0.74997625	0.005
0.0374	6.896754358860806	0.049103470962708694	0.7022675	0.005
0.0349	6.505981571418925	0.049103470962708694	0.66247675	0.005
0.0324	6.065510178946268	0.049103470962708694	0.6176254	0.005
0.0299	5.6458704429948305	0.049103470962708694	0.57489525	0.005
0.0274	5.191764980774669	0.049103470962708694	0.5286556	0.005
0.0249	4.737661482693344	0.049103470962708694	0.48241615	0.005
0.0224	4.303584344209451	0.049103470962708694	0.4382159	0.005
0.0199	3.8414622493199166	0.049103470962708694	0.39115995	0.005
0.0174	3.3881591378152844	0.049103470962708694	0.345002	0.005
0.0149	2.906798303002561	0.049103470962708694	0.29598705	0.005
0.0124	2.457503998867325	0.049103470962708694	0.2502373	0.005
0.0099	2.0130100500534027	0.049103470962708694	0.20497635	0.005
0.0074	1.5428723045639159	0.049103470962708694	0.1571042	0.005
0.0049	1.0775398247428394	0.049103470962708694	0.10972135	0.005
0.0039	0.8748984422906302	0.049103470962708694	0.08908723	0.005
0.0029	0.6794660386173981	0.049103470962708694	0.06918717	0.005
0.002	0.5079055819735124	0.049103470962708694	0.05171789	0.005
0.0009	0.295817968398323	0.049103470962708694	0.0301219	0.005
0.0	0.11143158693203602	0.049103470962708694	0.01134661	0.005
-0.0008	-0.12123205049454111	0.049103470962708694	-0.01234455	0.005
-0.0019	-0.32289941649673415	0.049103470962708694	-0.03287949	0.005
-0.0028	-0.5080860863327714	0.049103470962708694	-0.05173627	0.005
-0.0039	-0.7089511016194338	0.049103470962708694	-0.07218951	0.005
-0.0048	-0.885320752209407	0.049103470962708694	-0.09014849	0.005
-0.0073	-1.3899331607993344	0.049103470962708694	-0.14153105	0.005
-0.0098	-1.8368233589962366	0.049103470962708694	-0.187036	0.005
-0.0123	-2.324604963672044	0.049103470962708694	-0.23670475	0.005
-0.0149	-2.780936286230946	0.049103470962708694	-0.28317105	0.005
-0.0173	-3.2360203806273957	0.049103470962708694	-0.32951035	0.005
-0.0199	-3.7083869326638803	0.049103470962708694	-0.37760945	0.005
-0.0223	-4.1803056610451845	0.049103470962708694	-0.42566295	0.005
-0.0249	-4.6166116060760745	0.049103470962708694	-0.47009015	0.005
-0.0274	-5.07873370096561	0.049103470962708694	-0.5171461	0.005
-0.0299	-5.554481026977877	0.049103470962708694	-0.56558945	0.005
-0.0323	-6.0079614020126835	0.049103470962708694	-0.61176545	0.005
-0.0349	-6.448255530955165	0.049103470962708694	-0.65659875	0.005
-0.0373	-6.8448328396995475	0.049103470962708694	-0.69698055	0.005
-0.0399	-7.298749253556503	0.049103470962708694	-0.74320095	0.005
-0.0424	-7.727997556705923	0.049103470962708694	-0.7869095	0.005
-0.0449	-8.152437647978676	0.049103470962708694	-0.83012845	0.005
-0.0474	-8.547223171067628	0.049103470962708694	-0.8703278	0.005
-0.0499	-9.023019600550857	0.049103470962708694	-0.91877615	0.005
-0.0524	-9.402569298669501	0.049103470962708694	-0.9574241	0.005
-0.0549	-9.843837149441173	0.049103470962708694	-1.00235655	0.005
-0.0573	-10.205930072597864	0.049103470962708694	-1.03922695	0.005
-0.0599	-10.558844574962206	0.049103470962708694	-1.07516275	0.005
-0.0624	-11.062634893241276	0.049103470962708694	-1.1264616	0.005
-0.0649	-11.391684617683032	0.049103470962708694	-1.15996735	0.005
-0.0674	-11.769641399203644	0.049103470962708694	-1.1984531	0.005
-0.0699	-12.164411209181887	0.049103470962708694	-1.23865085	0.005
-0.0724	-12.54317328762629	0.049103470962708694	-1.2772186	0.005
-0.0749	-12.979631944451874	0.049103470962708694	-1.32166135	0.005
-0.0774	-13.314308926665955	0.049103470962708694	-1.3557401	0.005
-0.0799	-13.704266596489855	0.049103470962708694	-1.39544785	0.005
-0.0824	-13.9796069443926	0.049103470962708694	-1.4234846	0.005
-0.0849	-14.401648822143533	0.049103470962708694	-1.46645935	0.005
-0.0874	-14.773192690356417	0.049103470962708694	-1.5042921	0.005
-0.0899	-15.06695666056437	0.049103470962708694	-1.53420485	0.005
-0.0924	-15.373566098776166	0.049103470962708694	-1.5654256	0.005
-0.0949	-15.696163627133423	0.049103470962708694	-1.59827435	0.005
-0.0974	-16.09175837542384	0.049103470962708694	-1.6385561	0.005
-0.0999	-16.48813877924966	0.049103470962708694	-1.67891785	0.005
-0.1497	-22.418519152314815	0.049103470962708694	-2.28278355	0.005
-0.1997	-27.40812907141369	0.049103470962708694	-2.79085455	0.005
-0.2498	-31.50609999648744	0.049103470962708694	-3.2081337	0.005
-0.2998	-35.007815821251086	0.049103470962708694	-3.5646987	0.005
-0.3498	-38.02305373849298	0.049103470962708694	-3.8717277	0.005
-0.3997	-41.17864754403056	0.049103470962708694	-4.19304855	0.005
-0.4498	-43.853668625464366	0.049103470962708694	-4.4654347	0.005
-0.4998	-46.359723190211355	0.049103470962708694	-4.7206157	0.005
-0.5498	-48.64452733549457	0.049103470962708694	-4.9532677	0.005
-0.5998	-50.7385252133109	0.049103470962708694	-5.1664907	0.005
-0.6498	-52.76039009228301	0.049103470962708694	-5.3723687	0.005
-0.6998	-54.67480675609452	0.049103470962708694	-5.5673057	0.005
-0.7498	-56.474606097984875	0.049103470962708694	-5.7505717	0.005
-0.7998	-58.512478708490825	0.049103470962708694	-5.9580797	0.005
-0.8498	-60.26095510253096	0.049103470962708694	-6.1361197	0.005
-0.8998	-61.79379851418545	0.049103470962708694	-6.2922027	0.005
-0.9498	-63.447691802457214	0.049103470962708694	-6.4606117	0.005
-0.9998	-65.33245979050143	0.049103470962708694	-6.6525297	0.005
-1.0998	-67.84978851218146	0.049103470962708694	-6.9088587	0.005
-1.1997	-70.40818590387057	0.049103470962708694	-7.16936955	0.005
-1.2998	-73.26854312610602	0.049103470962708694	-7.4606277	0.005
-1.3997	-76.70788624894871	0.049103470962708694	-7.81084155	0.005
-1.4997	-78.73869778033023	0.049103470962708694	-8.01763055	0.005
-1.5996	-81.17897940505563	0.049103470962708694	-8.26611416805	0.005
-1.6997	-83.44519850636347	0.049103470962708694	-8.49687373116	0.005
-1.7997	-84.86418665387896	0.049103470962708694	-8.6413633283	0.005
-1.8996	-86.82842694516687	0.049103470962708694	-8.84137365881	0.005
-1.8	-84.76669034367056	0.049103470962708694	-8.63143568894	0.005
-1.7	-82.78790272996272	0.049103470962708694	-8.42994406575	0.005
-1.6	-80.39241793781635	0.049103470962708694	-8.18602192082	0.005
-1.5	-78.35253670986043	0.049103470962708694	-7.97830939175	0.005
-1.3999	-76.07505348208377	0.049103470962708694	-7.74640285	0.005
-1.3	-73.60644669739706	0.049103470962708694	-7.495035	0.005
-1.2	-70.9223429469393	0.049103470962708694	-7.221724	0.005
-1.1	-68.05707685071171	0.049103470962708694	-6.929966	0.005
-0.9999	-64.74466325409936	0.049103470962708694	-6.59267685	0.005
-0.9499	-63.69682464583774	0.049103470962708694	-6.48597985	0.005
-0.8999	-61.738303244407525	0.049103470962708694	-6.28655185	0.005
-0.8499	-60.13972992652235	0.049103470962708694	-6.12377585	0.005
-0.7999	-58.373615565712406	0.049103470962708694	-5.94393985	0.005
-0.7499	-56.78466652813593	0.049103470962708694	-5.78214385	0.005
-0.7	-54.704910130002915	0.049103470962708694	-5.570371	0.005
-0.65	-53.11274972542547	0.049103470962708694	-5.408248	0.005
-0.5999	-50.739145390149154	0.049103470962708694	-5.16655385	0.005
-0.5499	-48.775016372335	0.049103470962708694	-4.96655485	0.005
-0.5	-46.54054475789269	0.049103470962708694	-4.739028	0.005
-0.4499	-44.03387001630744	0.049103470962708694	-4.48378385	0.005
-0.3999	-41.27047398093908	0.049103470962708694	-4.20239885	0.005
-0.3499	-38.432529055955136	0.049103470962708694	-3.91342285	0.005
-0.2999	-35.26898883571167	0.049103470962708694	-3.59129285	0.005
-0.25	-31.59632566024258	0.049103470962708694	-3.217321	0.005
-0.1999	-27.563298985864105	0.049103470962708694	-2.80665485	0.005
-0.1499	-22.63781819984253	0.049103470962708694	-2.30511385	0.005
-0.1	-16.57456236124816	0.049103470962708694	-1.687718	0.005
-0.0974	-16.239255381501625	0.049103470962708694	-1.6535751	0.005
-0.0949	-15.911010953983658	0.049103470962708694	-1.62015135	0.005
-0.0924	-15.563537607236695	0.049103470962708694	-1.5847696	0.005
-0.0899	-15.150314712870662	0.049103470962708694	-1.54269285	0.005
-0.0874	-14.872578115584938	0.049103470962708694	-1.5144121	0.005
-0.0849	-14.520272987295245	0.049103470962708694	-1.47853835	0.005
-0.0824	-14.079807487239103	0.049103470962708694	-1.4336876	0.005
-0.0799	-13.768405550261347	0.049103470962708694	-1.40197885	0.005
-0.0774	-13.448989926822474	0.049103470962708694	-1.3694541	0.005
-0.0749	-13.050998929149074	0.049103470962708694	-1.32892835	0.005
-0.0724	-12.692290708245842	0.049103470962708694	-1.2924026	0.005
-0.0699	-12.246993426646972	0.049103470962708694	-1.24705985	0.005
-0.0674	-11.878641284046665	0.049103470962708694	-1.2095521	0.005
-0.0649	-11.50713669861055	0.049103470962708694	-1.17172335	0.005
-0.0624	-11.192523394631833	0.049103470962708694	-1.1396876	0.005
-0.0599	-10.68308715926147	0.049103470962708694	-1.08781385	0.005
-0.0574	-10.348436692921707	0.049103470962708694	-1.0537378	0.005
-0.0549	-9.912763691631527	0.049103470962708694	-1.00937505	0.005
-0.0524	-9.515578972951337	0.049103470962708694	-0.9689314	0.005
-0.0499	-9.093539059339243	0.049103470962708694	-0.92595685	0.005
-0.0474	-8.660265253640299	0.049103470962708694	-0.8818384	0.005
-0.0449	-8.293540400067695	0.049103470962708694	-0.84449635	0.005
-0.0424	-7.8274183364335395	0.049103470962708694	-0.7970331	0.005
-0.0399	-7.3909272713171195	0.049103470962708694	-0.75258705	0.005
-0.0374	-6.964884442752145	0.049103470962708694	-0.7092049	0.005
-0.0349	-6.564493267418088	0.049103470962708694	-0.66843475	0.005
-0.0324	-6.1127987856221955	0.049103470962708694	-0.6224406	0.005
-0.0299	-5.689962413711085	0.049103470962708694	-0.57938495	0.005
-0.0274	-5.217420562283264	0.049103470962708694	-0.531268	0.005
-0.0249	-4.779349347471265	0.049103470962708694	-0.48666105	0.005
-0.0224	-4.3244268034942825	0.049103470962708694	-0.4403382	0.005
-0.0199	-3.85108358342035	0.049103470962708694	-0.39213965	0.005
-0.0174	-3.427440932516032	0.049103470962708694	-0.3490019	0.005
-0.0149	-2.9508912557882354	0.049103470962708694	-0.30047685	0.005
-0.0124	-2.491173266837035	0.049103470962708694	-0.2536657	0.005
-0.0099	-2.034656824192603	0.049103470962708694	-0.20718055	0.005
-0.0074	-1.5677255353569812	0.049103470962708694	-0.1596349	0.005
-0.0049	-1.0815496141816543	0.049103470962708694	-0.11012965	0.005
-0.004	-0.9212135235512505	0.049103470962708694	-0.0938033	0.005
-0.003	-0.7161629283997267	0.049103470962708694	-0.07292386	0.005
-0.002	-0.5167236814959376	0.049103470962708694	-0.0526158	0.005
-0.001	-0.3357232789733552	0.049103470962708694	-0.03418529	0.005
0.0	-0.14189518390341666	0.049103470962708694	-0.01444859	0.005
0.0009	0.0761610351328436	0.049103470962708694	0.007755158	0.005
0.0019	0.28522075191597696	0.049103470962708694	0.02904283	0.005
0.0029	0.48225510722589654	0.049103470962708694	0.04910601	0.005
0.0039	0.6961255696248	0.049103470962708694	0.07088354	0.005
0.0049	0.8747200984840936	0.049103470962708694	0.08906907	0.005
0.0074	1.3608968053149557	0.049103470962708694	0.1385744	0.005
0.0099	1.843859395350483	0.049103470962708694	0.18775245	0.005
0.0124	2.309196785518656	0.049103470962708694	0.2351358	0.005
0.0149	2.7985722888619127	0.049103470962708694	0.28496685	0.005
0.0174	3.2398509423971964	0.049103470962708694	0.3299004	0.005
0.0199	3.702772441794004	0.049103470962708694	0.37703775	0.005
0.0224	4.196160680784333	0.049103470962708694	0.4272774	0.005
0.0249	4.642264241376413	0.049103470962708694	0.47270225	0.005
0.0274	5.109194548142616	0.049103470962708694	0.5202478	0.005
0.0299	5.544861657016281	0.049103470962708694	0.56460995	0.005
0.0324	6.02703269909989	0.049103470962708694	0.6137074	0.005
0.0349	6.4522800514352685	0.049103470962708694	0.65700855	0.005
0.0374	6.883928532245346	0.049103470962708694	0.7009615	0.005
0.0399	7.299544729786098	0.049103470962708694	0.74328195	0.005
0.0424	7.730386931602968	0.049103470962708694	0.7871528	0.005
0.0449	8.201351579543468	0.049103470962708694	0.83510915	0.005
0.0474	8.637024580833648	0.049103470962708694	0.8794719	0.005
0.0499	9.002178123335446	0.049103470962708694	0.91665395	0.005
0.0524	9.381717018690477	0.049103470962708694	0.9553008	0.005
0.0549	9.859869432710497	0.049103470962708694	1.00398905	0.005
0.0574	10.260260608044554	0.049103470962708694	1.0447592	0.005
0.0599	10.620561745545814	0.049103470962708694	1.08144715	0.005
0.0624	10.972863927627252	0.049103470962708694	1.1173206	0.005
0.0648	11.438351083381859	0.049103470962708694	1.1647192	0.005
0.0673	11.793052461054534	0.049103470962708694	1.20083695	0.005
0.0698	12.083634526344104	0.049103470962708694	1.2304257	0.005
0.0724	12.58645308693282	0.049103470962708694	1.2816256	0.005
0.0749	12.919519475299326	0.049103470962708694	1.31554035	0.005
0.0774	13.27020418904725	0.049103470962708694	1.3512491	0.005
0.0799	13.640147284106751	0.049103470962708694	1.38891885	0.005
0.0823	13.99501414047657	0.049103470962708694	1.42505345	0.005
0.0849	14.320687019220218	0.049103470962708694	1.45821535	0.005
0.0874	14.726681882660538	0.049103470962708694	1.4995561	0.005
0.0899	15.099826524026806	0.049103470962708694	1.53755185	0.005
0.0924	15.413644351775929	0.049103470962708694	1.5695066	0.005
0.0949	15.743469911058895	0.049103470962708694	1.60309135	0.005
0.0974	16.183964873197617	0.049103470962708694	1.6479451	0.005
0.0999	16.41920732671221	0.049103470962708694	1.67189885	0.005
0.1499	22.349237100994692	0.049103470962708694	2.27572885	0.005
0.1999	27.191320551933202	0.049103470962708694	2.76877785	0.005
0.2498	31.394684220873053	0.049103470962708694	3.1967887	0.005
0.2998	35.00221802556133	0.049103470962708694	3.5641287	0.005
0.3499	38.135914629257805	0.049103470962708694	3.88321985	0.005
0.3999	41.17346516370515	0.049103470962708694	4.19252085	0.005
0.4498	43.88894455900397	0.049103470962708694	4.4690267	0.005
0.4998	45.97011661020484	0.049103470962708694	4.6809437	0.005
0.5499	48.31726399532644	0.049103470962708694	4.91994385	0.005
0.5998	50.76577763969521	0.049103470962708694	5.1692657	0.005
0.6498	52.657763837970954	0.049103470962708694	5.3619187	0.005
0.6998	54.575401689477616	0.049103470962708694	5.5571837	0.005
0.7499	56.61229370366844	0.049103470962708694	5.76459185	0.005
0.7999	58.5828650968729	0.049103470962708694	5.96524685	0.005
0.8498	60.128699813839994	0.049103470962708694	6.1226527	0.005
0.8998	61.52844335710297	0.049103470962708694	6.2651827	0.005
0.9499	63.27355272613919	0.049103470962708694	6.44287985	0.005
0.9999	64.65407717086735	0.049103470962708694	6.58345285	0.005
1.0998	67.60849405587071	0.049103470962708694	6.8842887	0.005
1.1998	70.60522978525387	0.049103470962708694	7.1894337	0.005
1.2997	72.95508473576434	0.049103470962708694	7.42870955	0.005
1.3998	76.07437438108036	0.049103470962708694	7.7463337	0.005
1.4997	78.01865430282726	0.049103470962708694	7.94431155	0.005
1.5998	79.9135779032425	0.049103470962708694	8.13726365331	0.005
1.6996	82.16784935953343	0.049103470962708694	8.36680663796	0.005
1.7997	84.64611547340792	0.049103470962708694	8.61915805684	0.005
1.8997	86.4051237348707	0.049103470962708694	8.79827047262	0.005
