#Generated data by combining files:
#ES_S14_300K_4mT_Remanence_refl_uu_corrected.xy
#ES_S14_300K_4mT_Remanence_refl_du_corrected.xy
#q/A-1	I/a.u.	sI /a.u.
0.00512180863042	0.997913056199	0.00633714160411
0.00546326198882	0.992580584797	0.00610563356224
0.00580471524071	0.989193522851	0.00590146980894
0.00614616837943	0.985266346609	0.00571425017608
0.00648762139833	0.986814551104	0.00555179083296
0.00682907429075	0.99184677396	0.00540777318515
0.00717052705003	0.98470940252	0.00524581742368
0.00751197966952	0.987006176493	0.00511208931936
0.00785343214256	0.986253218439	0.00498175530834
0.0081948844625	0.9799103977	0.00484785815863
0.00853633662267	0.981178086524	0.00473614006539
0.00887778861642	0.978467207625	0.00462781427451
0.00921924043709	0.977470194267	0.00452887353122
0.00956069207803	0.964706492119	0.0044079508865
0.00990214353258	0.939026278645	0.00426107310475
0.0102435947941	0.899119151387	0.00408375409768
0.0105850458559	0.834407782756	0.0038561179658
0.0109264967113	0.766018505457	0.0036240033983
0.0112679473537	0.694095719809	0.00339062255118
0.0116093977765	0.62390533585	0.00316046008122
0.0119508479729	0.5617057602	0.00294956586685
0.0122922979363	0.4970133433	0.00273069309219
0.0126337476601	0.433787831165	0.00250786265431
0.0129751971376	0.375022336851	0.00229454890973
0.0133166463621	0.317958629536	0.00208015357118
0.013658095327	0.265453698312	0.0018726441574
0.0139995440256	0.219092587293	0.00167918344079
0.0143409924513	0.179407662556	0.00150000632884
0.0146824405975	0.14462635652	0.00132820564307
0.0150238884573	0.114706500614	0.0011678134792
0.0153653360243	0.0914462009536	0.00102972808037
0.0157067832917	0.0716891017931	0.000899487186518
0.016048230253	0.0552173187368	0.000779426721154
0.0163896769013	0.0417778209236	0.000669767648076
0.0167311232301	0.031081082748	0.000570968072266
0.0170725692328	0.0234761206208	0.000491015979492
0.0174140149026	0.0184263698549	0.000430519675891
0.0177554602329	0.0148329766111	0.000381013699554
0.018096905217	0.0121464597122	0.000340006343151
0.0184383498484	0.0102272897823	0.000308260863513
0.0187797941202	0.00927259701353	0.000290222064404
0.019121238026	0.00897075557605	0.000281507525784
0.019462681559	0.00893194359876	0.000277586174796
0.0198041247125	0.0090760187719	0.000276860133639
0.02014556748	0.00944160513195	0.000278378255873
0.0204870098547	0.00972529296638	0.000278515284183
0.02082845183	0.00987219720894	0.000277502219172
0.0211698933992	0.0100226739071	0.000276692617399
0.0215113345557	0.0102780199231	0.000277073184818
0.0218527752929	0.0104642784211	0.000276780627486
0.022194215604	0.0103190143342	0.000271947404337
0.0225356554824	0.010170129448	0.000266992249051
0.0228770949215	0.00992421851077	0.000260935252769
0.0232185339146	0.00956161668541	0.000253651025028
0.023559972455	0.00927703125677	0.000247824702721
0.0239014105361	0.00893223925873	0.000240903709453
0.0242428481513	0.00838259561956	0.000231265252542
0.0245842852938	0.00769812197034	0.000220086653718
0.024925721957	0.00693337367248	0.000207310128949
0.0252671581343	0.00631233928582	0.000195951989142
0.025608593819	0.0057297416225	0.000185076823258
0.0259500290044	0.00505551941011	0.000172435767467
0.026291463684	0.00455478936443	0.00016225600782
0.0266328978509	0.00392272119478	0.000149338099563
0.0269743314987	0.00329100206261	0.000135966253853
0.0273157646206	0.00287574851701	0.000126089597215
0.0276571972099	0.00237334903836	0.000113705970954
0.02799862926	0.00187897482475	0.000100620078479
0.0283400607643	0.00159022258227	9.19183859089e-05
0.0286814917161	0.00135164781881	8.44361891421e-05
0.0290229221087	0.0010973532226	7.56335562173e-05
0.0293643519355	0.000896723940088	6.79664120604e-05
0.0297057811899	0.000739765592406	6.18547360217e-05
0.0300472098651	0.000658299382098	5.83817639195e-05
0.0303886379545	0.000665939476988	5.78037918193e-05
0.0307300654515	0.000643083724629	5.64763251178e-05
0.0310714923494	0.000635692151663	5.56541059302e-05
0.0314129186415	0.000730042718056	5.83032083934e-05
0.0317543443212	0.000800012591462	6.04142655947e-05
0.0320957693819	0.000860188778161	6.23186978685e-05
0.0324371938168	0.000932280492104	6.46944797306e-05
0.0327786176193	0.00100509442097	6.66884730299e-05
0.0331200407828	0.00108797087336	6.82480679598e-05
0.0334614633007	0.00122030210033	7.1735884723e-05
0.0338028851661	0.00137916309882	7.57521314634e-05
0.0341443063726	0.00138935331262	7.54172494529e-05
0.0344857269134	0.00139255095343	7.50996186284e-05
0.0348271467819	0.00150689202493	7.7422298773e-05
0.0351685659714	0.00154846112077	7.77888705649e-05
0.0355099844753	0.00154192774385	7.71043449681e-05
0.0358514022869	0.00154463297715	7.6488544614e-05
0.0361928193995	0.00147116419614	7.4192003455e-05
0.0365342358066	0.00137532688503	7.1425161372e-05
0.0368756515014	0.00131674508574	6.9383493685e-05
0.0372170664773	0.00128111721798	6.79676059777e-05
0.0375584807276	0.00118847351279	6.52611794192e-05
0.0378998942457	0.00109161405632	6.23860979582e-05
0.038241307025	0.00105661614458	6.08823959252e-05
0.0385827190587	0.00099780757096	5.86713195e-05
0.0389241303402	0.00087512288353	5.44916729427e-05
0.0392655408628	0.000722378665862	4.94092416408e-05
0.03960695062	0.000605045117213	4.51652668666e-05
0.039948359605	0.000513656932175	4.14784492467e-05
0.0402897678112	0.000449534910229	3.86131816354e-05
0.0406311752319	0.000370330950463	3.50840336295e-05
0.0409725818605	0.000285212538018	3.10526289575e-05
0.0413139876903	0.000233119403563	2.81415350308e-05
0.0416553927147	0.000174334892549	2.42974840091e-05
0.0419967969269	0.000127270905475	2.10423943529e-05
0.0423382003205	0.000112991136209	1.98990590124e-05
0.0426796028886	0.000105803911054	1.89243637029e-05
0.0430210046247	0.000103240594719	1.8935070561e-05
0.043362405522	0.000119553271943	2.00589698359e-05
0.043703805574	0.000144763236384	2.15586906988e-05
0.0440452047739	0.000166158355043	2.28044207428e-05
0.0443866031152	0.000191250217181	2.40252486837e-05
0.0447280005911	0.000224122557005	2.58281032774e-05
0.045069397195	0.000276820091067	2.83958856903e-05
0.0454107929203	0.000348251111118	3.11937606507e-05
0.0457521877603	0.000430456921777	3.44681252209e-05
0.0460935817083	0.000455066408283	3.54883467262e-05
0.0464349747577	0.000488462844588	3.63731319165e-05
0.0467763669018	0.000559382095757	3.84077463658e-05
0.047117758134	0.000569704218706	3.8616107084e-05
0.0474591484476	0.00060689645984	3.96928500253e-05
0.0478005378359	0.000629694145349	4.01205011553e-05
0.0481419262924	0.000650335816397	4.04946183676e-05
0.0484833138103	0.000705643362884	4.18981400177e-05
0.048824700383	0.000753421801288	4.29525566204e-05
0.0491660860039	0.000777458860351	4.33816686091e-05
0.0495074706662	0.000734888394563	4.20351620505e-05
0.0498488543633	0.000682016763194	4.02799129686e-05
0.0501902370887	0.000627186844465	3.83689540347e-05
0.0505316188355	0.000594405669981	3.71701945698e-05
0.0508729995972	0.000610479776186	3.75633128993e-05
0.0512143793671	0.000590454086435	3.68689138489e-05
0.0515557581386	0.000511691334718	3.43123401531e-05
0.0518971359049	0.00044229387028	3.16134715777e-05
0.0522385126595	0.000409183510462	3.03177854089e-05
0.0525798883956	0.000400972790658	2.99617588603e-05
0.0529212631067	0.00036444662123	2.83551051438e-05
0.0532626367861	0.000298956290848	2.5721103866e-05
0.0536040094271	0.000257277753808	2.36439339356e-05
0.053945381023	0.000217812583233	2.18362219848e-05
0.0542867515673	0.000193333066542	2.05591987193e-05
0.0546281210532	0.000173738433903	1.93463548715e-05
0.0549694894741	0.000145980410843	1.81741905226e-05
0.0553108568234	0.000145762479197	1.83256291145e-05
0.0556522230943	0.000152320466894	1.83569158237e-05
0.0559935882802	0.000145545563031	1.78500652819e-05
0.0563349523746	0.000151031932222	1.78958857003e-05
0.0566763153706	0.000178332009204	1.94055604855e-05
0.0570176772618	0.000200745118341	2.0526579059e-05
0.0573590380413	0.000228468766857	2.14455098987e-05
0.0577003977026	0.000289631541238	2.36607772774e-05
0.058041756239	0.000332473872538	2.52909497601e-05
0.0583831136438	0.000335903100782	2.54192970668e-05
0.0587244699105	0.000357153308201	2.597244424e-05
0.0590658250322	0.000386110210029	2.68281670408e-05
0.0594071790025	0.000404355605423	2.73959737593e-05
0.0597485318146	0.000459199133735	2.89003644836e-05
0.0600898834618	0.00051979007544	3.04507931292e-05
0.0604312339376	0.000519876217594	3.04675808304e-05
0.0607725832352	0.00055328863548	3.13474321438e-05
0.061113931348	0.000629031579062	3.30256392563e-05
0.0614552782694	0.000642671783269	3.32565408224e-05
0.0617966239927	0.000654444646846	3.37263552727e-05
0.0621379685112	0.000685793386489	3.43122460117e-05
0.0624793118183	0.000700302489769	3.43199648073e-05
0.0628206539074	0.000708491135398	3.43651283599e-05
0.0631619947717	0.000701810068999	3.41385266065e-05
0.0635033344047	0.000693598183177	3.39066091365e-05
0.0638446727996	0.000714168777588	3.41329698522e-05
0.0641860099498	0.000743785278218	3.45441705216e-05
0.0645273458487	0.000707082859995	3.35023971975e-05
0.0648686804896	0.000665310588274	3.24181071441e-05
0.0652100138659	0.000668600036641	3.24941200827e-05
0.0655513459708	0.000636377031062	3.17046744371e-05
0.0658926767978	0.000590406382292	3.04196444346e-05
0.0662340063402	0.000573198170643	2.97701815927e-05
0.0665753345913	0.000548180278753	2.89056636331e-05
0.0669166615445	0.00050285258452	2.75224422571e-05
0.0672579871931	0.000467845200544	2.64468821801e-05
0.0675993115305	0.000458240326229	2.61060408585e-05
0.06794063455	0.000444607240302	2.57290060764e-05
0.068281956245	0.000393086313727	2.41646262252e-05
0.0686232766088	0.000338462613122	2.23484873947e-05
0.0689645956347	0.00031669862549	2.15212765318e-05
0.0693059133162	0.000292219236387	2.0616507735e-05
0.0696472296464	0.000275887310142	1.98963895244e-05
0.0699885446189	0.000273740522672	1.98220587339e-05
0.0703298582269	0.000259669346222	1.93543274012e-05
0.0706711704638	0.00022566606637	1.80084239071e-05
0.0710124813229	0.00019074220054	1.6452646094e-05
0.0713537907976	0.000179279720324	1.58527550614e-05
0.0716950988812	0.000173710326121	1.56502941709e-05
0.0720364055671	0.00016753202782	1.53205412447e-05
0.0723777108486	0.000149593468538	1.44732731037e-05
0.0727190147191	0.000134708835594	1.38419168401e-05
0.0730603171718	0.00013137704355	1.36356987934e-05
0.0734016182002	0.000130720315242	1.34701096205e-05
0.0737429177977	0.000134126732653	1.34292656983e-05
0.0740842159574	0.000126658643272	1.29570834361e-05
0.0744255126729	0.000110367814948	1.22531818188e-05
0.0747668079373	9.62351481916e-05	1.15198357336e-05
0.0751081017442	9.45011780399e-05	1.13367006335e-05
0.0754493940868	9.84046064866e-05	1.15460633665e-05
0.0757906849585	9.40046228517e-05	1.12650398104e-05
0.0761319743525	9.27906508856e-05	1.10948010326e-05
0.0764732622624	9.31937201381e-05	1.11350708373e-05
0.0768145486814	9.1216243379e-05	1.09274152921e-05
0.0771558336028	9.00624728176e-05	1.08035690548e-05
0.07749711702	8.90816461333e-05	1.06387755377e-05
0.0778383989264	8.20784434642e-05	1.01242238621e-05
0.0781796793153	7.68057925621e-05	9.91638680544e-06
0.0785209581801	7.72303675989e-05	9.91114424533e-06
0.078862235514	6.87365639098e-05	9.37700727134e-06
0.0792035113105	6.32266123203e-05	9.04440376844e-06
0.0795447855628	6.99560111478e-05	9.51188952254e-06
0.0798860582644	6.59786312488e-05	9.22338942549e-06
0.0802273294086	5.49984386704e-05	8.31497270563e-06
0.0805685989887	5.49014732837e-05	8.21197524274e-06
0.0809098669981	5.81187953848e-05	8.36247443029e-06
0.0812511334301	5.37491990642e-05	8.05267491208e-06
0.081592398278	4.82468507308e-05	7.80517337426e-06
0.0819336615353	5.06959349653e-05	7.8898838381e-06
0.0822749231953	4.57958484979e-05	7.54090867554e-06
0.0826161832512	3.64919613836e-05	7.09766628131e-06
0.0829574416965	3.57389898384e-05	6.98351927569e-06
0.0832986985245	4.22170011148e-05	7.24660011671e-06
0.0836399537286	3.9781187708e-05	7.02761779187e-06
0.083981207302	2.91398793791e-05	6.06269070826e-06
0.0843224592382	3.22631686247e-05	6.20497486379e-06
0.0846637095305	3.61491896712e-05	6.70247664662e-06
0.0850049581722	3.80302681688e-05	6.95428416137e-06
0.0853462051567	3.67210104964e-05	6.79040686309e-06
0.0856874504773	3.50408152493e-05	6.64528406666e-06
0.0860286941275	3.72661387266e-05	6.73538255915e-06
0.0863699361004	3.68250117593e-05	6.76647733481e-06
0.0867111763895	3.73408987407e-05	6.8100895976e-06
0.0870524149881	3.65011760206e-05	6.69379532188e-06
0.0873936518896	3.56045080267e-05	6.55457513781e-06
0.0877348870874	3.44177252735e-05	6.50919599505e-06
0.0880761205746	3.41418926218e-05	6.53809205104e-06
0.0884173523448	3.58646705313e-05	6.66289519226e-06
0.0887585823913	3.54446290705e-05	6.46758986583e-06
0.0890998107073	3.17369787662e-05	5.9763654673e-06
0.0894410372864	2.62374085721e-05	5.5917178835e-06
0.0897822621217	2.32723096356e-05	5.49725906712e-06
0.0901234852066	2.6227692931e-05	5.68797634233e-06
0.0904647065346	3.12877483526e-05	6.01413905885e-06
0.0908059260989	2.77650707104e-05	5.96806549663e-06
0.0911471438929	3.0489870035e-05	6.15860920279e-06
0.0914883599099	3.71425690709e-05	6.46857998482e-06
0.0918295741433	3.16010419142e-05	6.26853674595e-06
0.0921707865865	3.06240243501e-05	6.13311162853e-06
0.0925119972327	2.70034061348e-05	5.74637298802e-06
0.0928532060754	2.63495240864e-05	5.74045731846e-06
0.0931944131078	3.13463533808e-05	6.0312718881e-06
0.0935356183234	2.73685633525e-05	5.67359648902e-06
0.0938768217155	2.5549269925e-05	5.53078684471e-06
0.0942180232773	2.51887334118e-05	5.52560742952e-06
0.0945592230024	2.07955119059e-05	5.16482375884e-06
0.0949004208839	2.14396804324e-05	5.30441550119e-06
0.0952416169154	2.34027706037e-05	5.52077375996e-06
0.09558281109	2.56000667722e-05	5.65503199817e-06
0.0959240034012	2.83460321514e-05	5.72575878745e-06
0.0962651938423	2.76659384423e-05	5.68420757039e-06
0.0966063824067	2.50748437759e-05	5.46186535328e-06
0.0969475690877	2.40720111269e-05	5.382714933e-06
0.0972887538787	2.52066168975e-05	5.42949987016e-06
0.0976299367729	2.66312926687e-05	5.28337897259e-06
0.0979711177638	3.08238260633e-05	5.71501732771e-06
0.0983122968447	2.74346227869e-05	5.47448134836e-06
0.098653474009	2.7316217324e-05	5.35658714935e-06
0.09899464925	2.53731808901e-05	5.05020512946e-06
0.099335822561	8.86273465663e-06	2.93056442446e-06
