#Data reduced with Dominiques SARed v. 1.0
#wavelength: 5.1386
#q/A-1 	 Icorr/a.u. 	 sIcorr /a.u. 	Ispec/a.u. 	 sIspec/a.u. 	 Ibg/a.u. 	 sIbg/a.u. 	 2th/°
0.0	0.0021711246923	0.000175308855108	0.00256522891655	0.000125904377513	0.000394104224251	0.000121988861796	0.0
0.000384135926537	0.00758497217339	0.000416789918794	0.00890552011289	0.000234363218198	0.0013205479395	0.000344655942012	0.018
0.000768271843595	0.0103084602664	0.000530775306429	0.0121337864353	0.00027316235516	0.00182532616887	0.000455087632922	0.036
0.0011524077417	0.00840086475052	0.000438635917737	0.00987466995371	0.000245789722499	0.00147380520319	0.000363302739658	0.054
0.00153654361136	0.00770835225694	0.000321340852718	0.00862737487985	0.000228679830411	0.000919022622916	0.000225755351627	0.072
0.00192067944312	0.0121668919497	0.000305104845565	0.0126976339333	0.000276213393183	0.000530741983572	0.000129596019282	0.09
0.00230481522748	0.0215815203009	0.00037012868979	0.0219110825538	0.000361906267101	0.000329562252921	7.75828643343e-05	0.108
0.00268895095498	0.0331467004521	0.00045028558686	0.0334197720721	0.00044594496725	0.000273071620005	6.23714351193e-05	0.126
0.00307308661613	0.0444213496435	0.000517506608016	0.0446782024947	0.000514316269616	0.0002568528512	5.73747692617e-05	0.144
0.00345722220145	0.0539285307857	0.00056804526374	0.0542135636589	0.000564961772754	0.000285032873261	5.91068268807e-05	0.162
0.00384135770147	0.0606057819504	0.000600206063913	0.0609131192501	0.00059704801227	0.00030733729974	6.14897568992e-05	0.18
0.0042254931067	0.0665217325122	0.00062684258859	0.0668457654459	0.000623479706956	0.000324032933696	6.48435492884e-05	0.198
0.00460962840768	0.0727086580467	0.000652967712117	0.0730368449766	0.000649633666265	0.000328186929844	6.59009311217e-05	0.216
0.00499376359492	0.0786165487201	0.000676474957572	0.0789422800191	0.000673184874901	0.000325731299049	6.66370199434e-05	0.234
0.00537789865894	0.0844688304741	0.000699216016347	0.0848217586367	0.000695445076054	0.00035292816256	7.25202296445e-05	0.252
0.00576203359027	0.0905283816614	0.00072208071042	0.090927418334	0.000717641102416	0.000399036672583	7.99487366043e-05	0.27
0.00614616837943	0.0965881771519	0.00074432329128	0.0970357964058	0.000738993178423	0.000447619253961	8.89170635267e-05	0.288
0.00653030301693	0.102422892479	0.000763727731944	0.10287982571	0.000758459597476	0.000456933230904	8.95493581079e-05	0.306
0.00691443749331	0.108002662018	0.000781469150218	0.108470784676	0.000776157780952	0.000468122658108	9.09567579141e-05	0.324
0.00729857179908	0.113502660081	0.000798688999548	0.113992331388	0.000793015450626	0.000489671307086	9.50295378647e-05	0.342
0.00768270592476	0.119282936328	0.000816059501085	0.119777327281	0.000810343716799	0.000494390952697	9.64166477081e-05	0.36
0.00806683986089	0.124877643216	0.000832158817505	0.125361594505	0.000826567926033	0.000483951289302	9.6300369705e-05	0.378
0.00845097359797	0.131075394141	0.000849662859421	0.131552911909	0.000844299533894	0.000477517767517	9.53166918557e-05	0.396
0.00883510712653	0.136752747206	0.000865075607378	0.137233848563	0.000859762850016	0.000481101356465	9.572694611e-05	0.414
0.00921924043709	0.140987273198	0.000875727124732	0.141472830228	0.000870223527634	0.000485557029579	9.80255524989e-05	0.432
0.00960337352018	0.143152173891	0.000879305901444	0.143625468957	0.000874075747657	0.000473295066629	9.5762496174e-05	0.45
0.00998750636631	0.139870128622	0.000865944693176	0.140313421878	0.00086130805437	0.000443293256632	8.94910448981e-05	0.468
0.010371638966	0.13057397203	0.000834538511445	0.130995445082	0.000829872266538	0.000421473051803	8.81280223137e-05	0.486
0.0107557713098	0.117058897354	0.000788214628141	0.117463743992	0.000783747574008	0.000404846638893	8.37976148302e-05	0.504
0.0111399033882	0.102072397631	0.000734178501498	0.102462070912	0.000729985026468	0.000389673281505	7.83577258122e-05	0.522
0.0115240351917	0.0889259662796	0.000683140146307	0.0892807591563	0.000679492298143	0.000354792876656	7.05030230605e-05	0.54
0.0119081667109	0.0776846500814	0.000637351094441	0.0780308807547	0.000633440248066	0.000346230673269	7.04973028895e-05	0.558
0.0122922979363	0.0666176412374	0.000589206257429	0.0669632778669	0.000585179071206	0.000345636629542	6.87711306901e-05	0.576
0.0126764288584	0.0564382148085	0.000540790834721	0.0567443947139	0.000537263973277	0.000306179905398	6.16615758527e-05	0.594
0.0130605594677	0.0474177772088	0.000494905779766	0.0477113255619	0.000491331877808	0.000293548353123	5.93693245362e-05	0.612
0.0134446897547	0.0393008066648	0.000449452367563	0.0395740108528	0.000446212952207	0.000273204187954	5.38649421311e-05	0.63
0.01382881971	0.0322419002261	0.000406457634589	0.0325059465876	0.000403185123983	0.000264046361423	5.14739207284e-05	0.648
0.0142129493241	0.0258143023708	0.000363152478466	0.026061163433	0.000359871153819	0.000246861062202	4.87080615998e-05	0.666
0.0145970785875	0.0208202364046	0.000324799317377	0.0210274719884	0.000322236520178	0.000207235583828	4.07212675654e-05	0.684
0.0149812074907	0.0168904374892	0.000292242975038	0.017088542714	0.000289615732342	0.000198105224837	3.90983892165e-05	0.702
0.0153653360243	0.0132591534191	0.000258408324938	0.013432755725	0.000256087661702	0.000173602305866	3.45538987848e-05	0.72
0.0157494641788	0.0103782197778	0.000227886995633	0.0105209810138	0.00022608229689	0.000142761236095	2.86230293923e-05	0.738
0.0161335919446	0.00832688872764	0.000203856133699	0.00845769158438	0.000202191592154	0.000130802856747	2.59977558405e-05	0.756
0.0165177193124	0.00647265560986	0.000178889104285	0.00657229849898	0.000177749152979	9.96428891247e-05	2.01630912122e-05	0.774
0.0169018462726	0.00513712858676	0.00015880110969	0.00521619586558	0.000157910811477	7.90672788175e-05	1.67919045238e-05	0.792
0.0172859728158	0.00427653599958	0.000144760283318	0.00435236365031	0.000143834603033	7.58276507339e-05	1.63446198096e-05	0.81
0.0176700989325	0.00343388733865	0.000129356302503	0.00350058618771	0.00012863049437	6.6698849056e-05	1.36838925535e-05	0.828
0.0180542246132	0.0028678135942	0.000117988842825	0.00292832983829	0.000117328094828	6.05162440927e-05	1.24693702883e-05	0.846
0.0184383498484	0.00255723869104	0.000110803341986	0.00260380711585	0.000110293353258	4.65684248134e-05	1.06187015398e-05	0.864
0.0188224746286	0.00239123578814	0.000106608816823	0.00243095497061	0.000106241379778	3.97191824723e-05	8.84358791998e-06	0.882
0.0192065989445	0.00235531390329	0.000105516511527	0.00239424877056	0.000105154312834	3.89348672692e-05	8.73525598114e-06	0.9
0.0195907227864	0.00241129808208	0.000106092810846	0.00243911214368	0.000105830515893	2.78140616058e-05	7.45563001418e-06	0.918
0.0199748461449	0.00251251092792	0.00010780630489	0.00253636401369	0.000107626941955	2.3853085771e-05	6.21616758492e-06	0.936
0.0203589690106	0.0025293633157	0.000108256356113	0.00256417502568	0.000107930108022	3.48117099781e-05	8.39823916569e-06	0.954
0.020743091374	0.00252735772105	0.000108006208743	0.002564941355	0.000107649990631	3.75836339495e-05	8.7647386793e-06	0.972
0.0211272132255	0.00260979788722	0.000109289159139	0.00264364634423	0.000109005769544	3.38484570138e-05	7.86527250021e-06	0.99
0.0215113345557	0.00270865971706	0.000110929228255	0.00273847501607	0.00011069279736	2.9815299002e-05	7.23866658889e-06	1.008
0.0218954553552	0.00266354940225	0.000109586543392	0.00268718212131	0.000109408741143	2.36327190612e-05	6.2400203724e-06	1.026
0.0222795756144	0.0026169679083	0.000108245431537	0.00263659769433	0.00010812626646	1.96297860271e-05	5.07778987114e-06	1.044
0.0226636953239	0.00271505685244	0.000109930175812	0.00273349007764	0.000109829051863	1.84332252029e-05	4.71411931995e-06	1.062
0.0230478144742	0.00269821705489	0.000109291969722	0.0027155654975	0.000109178639264	1.73484426173e-05	4.97587921909e-06	1.08
0.0234319330558	0.00256981724846	0.000106437932156	0.00258955580601	0.000106308616391	1.97385575462e-05	5.24513895189e-06	1.098
0.0238160510593	0.00243549892158	0.000103395845603	0.00245538994968	0.000103248197441	1.98910280997e-05	5.52364129122e-06	1.116
0.0242001684751	0.00224103568352	9.87660979469e-05	0.00225427133023	9.86966300011e-05	1.32356467087e-05	3.70369141418e-06	1.134
0.0245842852938	0.00212023975975	9.5752706333e-05	0.00212941443733	9.57071125356e-05	9.17467758692e-06	2.95455245262e-06	1.152
0.0249684015059	0.00198823950927	9.25321303296e-05	0.00199701700826	9.24658213057e-05	8.77749899088e-06	3.50243252495e-06	1.17
0.0253525171019	0.00174512336691	8.65627048386e-05	0.00175606877709	8.64909566666e-05	1.09454101838e-05	3.523674769e-06	1.188
0.0257366320724	0.00159040832732	8.26369385946e-05	0.00160669496153	8.25118701579e-05	1.62866342112e-05	4.54476658739e-06	1.206
0.0261207464079	0.00148725378254	7.97814755885e-05	0.00150490826296	7.96450287866e-05	1.76544804179e-05	4.66403651877e-06	1.224
0.0265048600988	0.00130388833662	7.43732531641e-05	0.00131507944837	7.42805083577e-05	1.11911117422e-05	3.71306670069e-06	1.242
0.0268889731358	0.00110286634981	6.81713198891e-05	0.0011109497474	6.81163810947e-05	8.08339759562e-06	2.73632636825e-06	1.26
0.0272730855093	0.000928359383586	6.28913279868e-05	0.000945104499684	6.26863360821e-05	1.67451160983e-05	5.07369732592e-06	1.278
0.0276571972099	0.000808197627456	5.88558445803e-05	0.000829039443901	5.85905057783e-05	2.08418164444e-05	5.58238962298e-06	1.296
0.028041308228	0.000684570282858	5.39302944843e-05	0.000701003493618	5.37630706327e-05	1.643321076e-05	4.24368935066e-06	1.314
0.0284254185543	0.000532852171786	4.77188408573e-05	0.000549328005992	4.74897690763e-05	1.64758342053e-05	4.67007557157e-06	1.332
0.0288095281792	0.000458920813927	4.43651307046e-05	0.000476206556841	4.41119022679e-05	1.72857429145e-05	4.73338153371e-06	1.35
0.0291936370933	0.000407447864728	4.16119476128e-05	0.000421646216528	4.13965394091e-05	1.41983517998e-05	4.22855874768e-06	1.368
0.029577745287	0.000324799827295	3.70523058144e-05	0.000336202293471	3.68756617414e-05	1.1402466176e-05	3.61371516594e-06	1.386
0.0299618527509	0.000257066968006	3.30309646123e-05	0.000267564194337	3.2825144717e-05	1.04972263303e-05	3.68164331918e-06	1.404
0.0303459594756	0.000252918275608	3.31152281726e-05	0.000267354198887	3.27221919968e-05	1.44359232788e-05	5.08689373225e-06	1.422
0.0307300654515	0.000275020942974	3.45428247272e-05	0.000293129137028	3.41795222365e-05	1.81081940544e-05	4.99669889214e-06	1.44
0.0311141706692	0.0002838448478	3.45747204509e-05	0.000297288074984	3.43403409792e-05	1.34432271842e-05	4.01898938615e-06	1.458
0.0314982751191	0.000287945827545	3.44339279645e-05	0.000298170118736	3.42903503485e-05	1.02242911918e-05	3.14122078862e-06	1.476
0.0318823787919	0.000309521140285	3.56915346219e-05	0.000321220900918	3.55213740678e-05	1.16997606327e-05	3.48103835129e-06	1.494
0.032266481678	0.000374294068	3.88732600954e-05	0.000383774588196	3.87653753309e-05	9.48052019665e-06	2.89413646834e-06	1.512
0.0326505837679	0.000450538880929	4.23918299216e-05	0.000458865518285	4.22967054239e-05	8.32663735651e-06	2.83830131919e-06	1.53
0.0330346850522	0.000486115107406	4.40925548745e-05	0.000497398563208	4.39426276478e-05	1.12834558014e-05	3.63302501574e-06	1.548
0.0334187855215	0.000510714112566	4.5137301343e-05	0.000523673114505	4.49842011263e-05	1.29590019386e-05	3.71451498333e-06	1.566
0.0338028851661	0.000540531163383	4.63170428001e-05	0.000554586112968	4.61847481898e-05	1.40549495853e-05	3.4982121712e-06	1.584
0.0341869839767	0.000586885352447	4.81658857138e-05	0.000601885739172	4.80122543962e-05	1.50003867247e-05	3.84395296299e-06	1.602
0.0345710819438	0.000605242022036	4.86489476445e-05	0.000617144668797	4.85179320752e-05	1.1902646761e-05	3.56796497519e-06	1.62
0.0349551790579	0.000598820697665	4.81782439028e-05	0.000608639489309	4.8089331598e-05	9.81879164424e-06	2.92564044455e-06	1.638
0.0353392753095	0.000605624306535	4.83342658552e-05	0.000614925379839	4.82509113694e-05	9.30107330331e-06	2.83739454201e-06	1.656
0.0357233706891	0.000641780390687	4.97131613764e-05	0.000651930455098	4.95879443674e-05	1.01500644114e-05	3.52621432307e-06	1.674
0.0361074651873	0.000692682206466	5.15643818207e-05	0.000704484934635	5.14394703419e-05	1.18027281686e-05	3.5869713533e-06	1.692
0.0364915587945	0.00069934315941	5.18482986061e-05	0.000714072774583	5.16705200279e-05	1.47296151733e-05	4.2899217236e-06	1.71
0.0368756515014	0.000651283543693	4.99844351001e-05	0.000665468383526	4.97678490412e-05	1.41848398333e-05	4.64811295994e-06	1.728
0.0372597432984	0.000626845565185	4.85596872469e-05	0.000634364088229	4.84921511126e-05	7.5185230437e-06	2.56017694453e-06	1.746
0.0376438341761	0.000638569345491	4.89420626821e-05	0.000647017457386	4.88692089763e-05	8.44811189468e-06	2.66944069238e-06	1.764
0.0380279241249	0.000587710111104	4.71844333688e-05	0.000601866458119	4.70296038459e-05	1.41563470158e-05	3.81930810981e-06	1.782
0.0384120131354	0.000513237155987	4.42360923494e-05	0.000529880053211	4.40245604956e-05	1.66428972242e-05	4.32087254052e-06	1.8
0.0387961011982	0.000455613795432	4.161650182e-05	0.000470493112725	4.14015213675e-05	1.48793172932e-05	4.22460083229e-06	1.818
0.0391801883037	0.000384649340104	3.84122532979e-05	0.000401615061307	3.81729895375e-05	1.69657212023e-05	4.28066270485e-06	1.836
0.0395642744424	0.000315160273282	3.5137385965e-05	0.000334295198637	3.47672497383e-05	1.91349253555e-05	5.08667259515e-06	1.854
0.039948359605	0.000243099348824	3.0728959876e-05	0.000257657979981	3.04771389431e-05	1.45586311572e-05	3.92593643641e-06	1.872
0.0403324437819	0.000190446764504	2.69310838694e-05	0.000199658122864	2.67692183382e-05	9.21135836014e-06	2.94825845913e-06	1.89
0.0407165269636	0.000162958860936	2.47219121999e-05	0.000169499531657	2.4604317941e-05	6.54067072103e-06	2.40841887547e-06	1.908
0.0411006091406	0.000154456262826	2.43777985904e-05	0.000163891331757	2.41440520868e-05	9.43506893081e-06	3.36776082006e-06	1.926
0.0414846903036	0.000132013550163	2.30109697546e-05	0.00014534547813	2.26843171525e-05	1.33319279666e-05	3.86348086212e-06	1.944
0.0418687704429	8.72706293772e-05	1.92912922005e-05	0.000100922256326	1.88561812106e-05	1.36516269485e-05	4.07411154954e-06	1.962
0.0422528495492	7.64351997971e-05	1.79991417779e-05	8.81195525668e-05	1.75724436336e-05	1.16843527698e-05	3.89593756209e-06	1.98
0.0426369276129	6.6672041873e-05	1.61927188004e-05	7.3479834653e-05	1.6018809809e-05	6.80779278001e-06	2.36682793062e-06	1.998
0.0430210046247	5.41692163209e-05	1.5016828277e-05	6.27912145592e-05	1.47946365304e-05	8.62199823838e-06	2.57368635112e-06	2.016
0.0434050805749	5.85667982353e-05	1.64270741919e-05	7.30012022812e-05	1.59064351697e-05	1.44344040459e-05	4.10293635093e-06	2.034
0.0437891554541	6.84503646292e-05	1.73354285039e-05	8.28940005874e-05	1.69069067784e-05	1.44436359582e-05	3.8306115175e-06	2.052
0.0441732292529	0.000103704964091	2.03228764974e-05	0.000115815291879	1.99345122066e-05	1.21103277889e-05	3.95405263155e-06	2.07
0.0445573019617	0.000150643144068	2.40168905954e-05	0.000163462260118	2.36424870042e-05	1.28191160508e-05	4.22419721729e-06	2.088
0.0449413735712	0.000181479208227	2.62333859921e-05	0.000197054882179	2.59147050499e-05	1.55756739521e-05	4.07659205514e-06	2.106
0.0453254440717	0.000231858017785	2.89045225097e-05	0.000243240772977	2.87440811456e-05	1.13827551922e-05	3.04125313113e-06	2.124
0.0457095134539	0.000278708744765	3.1247438944e-05	0.000286673876352	3.11327394498e-05	7.96513158697e-06	2.67487848506e-06	2.142
0.0460935817083	0.000342001544804	3.45484478035e-05	0.000352129375926	3.44278292093e-05	1.01278311219e-05	2.88441008987e-06	2.16
0.0464776488253	0.000342377115164	3.44199950139e-05	0.000351006722411	3.43104588624e-05	8.62960724683e-06	2.74380564351e-06	2.178
0.0468617147956	0.000308367982908	3.2488335085e-05	0.000314734033805	3.24306910527e-05	6.36605089725e-06	1.93447523575e-06	2.196
0.0472457796096	0.000356368526146	3.4932465141e-05	0.000364361696431	3.48341925119e-05	7.99317028512e-06	2.61842564676e-06	2.214
0.0476298432578	0.000398713510922	3.67853978269e-05	0.000406212274987	3.67106807599e-05	7.49876406416e-06	2.34337607471e-06	2.232
0.0480139057309	0.000449501119768	3.89677360552e-05	0.000456860291703	3.88778448648e-05	7.3591719345e-06	2.64530375185e-06	2.25
0.0483979670192	0.000476735839456	4.01684794857e-05	0.000486551260331	4.00531525035e-05	9.81542087415e-06	3.04166380866e-06	2.268
0.0487820271134	0.000456968022104	3.9279671098e-05	0.000467366770646	3.91757184159e-05	1.03987485419e-05	2.85580954646e-06	2.286
0.0491660860039	0.000455795049069	3.92359748554e-05	0.000466799912297	3.90832291906e-05	1.10048632286e-05	3.45874527645e-06	2.304
0.0495501436813	0.000464379965805	3.94176340143e-05	0.000473921579951	3.93193877333e-05	9.54161414556e-06	2.78129817949e-06	2.322
0.049934200136	0.000457025252998	3.9055860517e-05	0.000466939147571	3.89688250082e-05	9.91389457286e-06	2.60593902496e-06	2.34
0.0503182553588	0.000424016049966	3.76742685701e-05	0.000435517414854	3.75597334937e-05	1.15013648884e-05	2.93546115291e-06	2.358
0.0507023093399	0.00039789667464	3.64197233057e-05	0.000408597691107	3.63013059345e-05	1.07010164672e-05	2.93452434244e-06	2.376
0.05108636207	0.000397888625657	3.63484121927e-05	0.000408327366001	3.62171418317e-05	1.04387403433e-05	3.08637432485e-06	2.394
0.0514704135397	0.000391148373653	3.59313095973e-05	0.00040052290828	3.5805330048e-05	9.37453462743e-06	3.00621847641e-06	2.412
0.0518544637393	0.000340495746492	3.35229601306e-05	0.000349887349419	3.34131135042e-05	9.39160292626e-06	2.71158659761e-06	2.43
0.0522385126595	0.000300977479624	3.1695152051e-05	0.000312171685223	3.15186020919e-05	1.11942055991e-05	3.3407163466e-06	2.448
0.0526225602907	0.000271061283773	3.01179438149e-05	0.000282754695037	2.99330413038e-05	1.16934112636e-05	3.33220316678e-06	2.466
0.0530066066236	0.000238593017154	2.81940259525e-05	0.00024910569432	2.80229798763e-05	1.05126771669e-05	3.10091893834e-06	2.484
0.0533906516485	0.000202140765009	2.624548205e-05	0.000214190138071	2.59474158419e-05	1.20493730629e-05	3.94422858941e-06	2.502
0.0537746953561	0.000136893629488	2.19031427002e-05	0.000148953629878	2.16003011912e-05	1.20600003899e-05	3.62968987555e-06	2.52
0.0541587377369	0.000105370475235	1.93675283329e-05	0.000116444359123	1.9050829716e-05	1.10738838879e-05	3.48812856118e-06	2.538
0.0545427787813	0.000111653029637	1.99463985754e-05	0.000122864484531	1.95342725059e-05	1.12114548943e-05	4.03373447227e-06	2.556
0.05492681848	0.00012114104986	2.05316790744e-05	0.000132901124923	2.02851481349e-05	1.17600750622e-05	3.17216184318e-06	2.574
0.0553108568234	0.000123865474442	2.07974763313e-05	0.000136398658372	2.05179795238e-05	1.25331839297e-05	3.39816686058e-06	2.592
0.055694893802	0.00012816240703	2.07806354062e-05	0.000137732985764	2.05755634809e-05	9.57057873427e-06	2.91221484953e-06	2.61
0.0560789294064	0.000139685902319	2.14386068479e-05	0.000148154036415	2.12936617095e-05	8.46813409592e-06	2.4887415653e-06	2.628
0.0564629636272	0.000150596726539	2.23844368404e-05	0.000160705075821	2.21397874331e-05	1.01083492816e-05	3.30042801465e-06	2.646
0.0568469964547	0.000164071787358	2.33178564876e-05	0.000175447204055	2.31003561385e-05	1.13754166976e-05	3.17741678861e-06	2.664
0.0572310278797	0.000198884203196	2.56063982767e-05	0.000211677263285	2.5322485755e-05	1.27930600883e-05	3.80254492275e-06	2.682
0.0576150578925	0.000216832545621	2.64842887583e-05	0.000229012600027	2.62811962754e-05	1.21800544064e-05	3.2735719584e-06	2.7
0.0579990864837	0.000234572901826	2.72890414135e-05	0.000244959834363	2.71375720422e-05	1.03869325373e-05	2.87123055894e-06	2.718
0.0583831136438	0.00027200122219	2.92458117583e-05	0.000281929507613	2.90663091682e-05	9.92828542315e-06	3.23530164626e-06	2.736
0.0587671393634	0.000319474251127	3.14217707154e-05	0.000327907866739	3.12870915063e-05	8.43361561205e-06	2.9061280018e-06	2.754
0.059151163633	0.000368522987217	3.36128009701e-05	0.00037684064139	3.3481854337e-05	8.31765417381e-06	2.9640882596e-06	2.772
0.0595351864431	0.000384167420431	3.42584725283e-05	0.000392853918781	3.41395378615e-05	8.6864983501e-06	2.85217365868e-06	2.79
0.0599192077842	0.000392681431744	3.45500923667e-05	0.000401068400826	3.44432135914e-05	8.3869690818e-06	2.71549627992e-06	2.808
0.0603032276469	0.000451825617002	3.68673107554e-05	0.000458756349723	3.67731172544e-05	6.93073272114e-06	2.63371405539e-06	2.826
0.0606872460216	0.000495581755168	3.83692829121e-05	0.000500284209717	3.83373781195e-05	4.7024545491e-06	1.56438809413e-06	2.844
0.0610712628989	0.000496810885215	3.85615012644e-05	0.000504806777911	3.84400495378e-05	7.99589269623e-06	3.05809929486e-06	2.862
0.0614552782694	0.000536379380939	4.0137578397e-05	0.000547965068967	3.99760106605e-05	1.15856880288e-05	3.59774530032e-06	2.88
0.0618392921235	0.000571055506713	4.14479325704e-05	0.000585039916437	4.12462877905e-05	1.39844097236e-05	4.08348599438e-06	2.898
0.0622233044518	0.000567792096266	4.11884782081e-05	0.000581147895167	4.1043013178e-05	1.33557989014e-05	3.45858444563e-06	2.916
0.0626073152448	0.000595037849351	4.19195761859e-05	0.000605566676349	4.18141384855e-05	1.0528826998e-05	2.97131121302e-06	2.934
0.0629913244931	0.000616530744183	4.25794238181e-05	0.00062726587843	4.24734992052e-05	1.07351342468e-05	3.0015326005e-06	2.952
0.063375332187	0.000616159944764	4.25889975819e-05	0.000628872582286	4.24442296438e-05	1.27126375215e-05	3.50857306915e-06	2.97
0.0637593383173	0.000610494076445	4.23430274454e-05	0.000623195979742	4.21739867853e-05	1.27019032969e-05	3.77978992418e-06	2.988
0.0641433428743	0.000582085864062	4.11080809404e-05	0.000591553837699	4.10219272064e-05	9.46797363754e-06	2.6600388862e-06	3.006
0.0645273458487	0.000553377268254	4.00347345639e-05	0.000562498027	3.99417561161e-05	9.12075874523e-06	2.72691950172e-06	3.024
0.0649113472309	0.000560037305058	4.01926741141e-05	0.000569027284114	4.01146929874e-05	8.98997905598e-06	2.50249055299e-06	3.042
0.0652953470116	0.000583846914654	4.09124445927e-05	0.000591649928749	4.08451598892e-05	7.80301409532e-06	2.34542878222e-06	3.06
0.0656793451811	0.000594665430348	4.13418351024e-05	0.000604339463443	4.12304435967e-05	9.67403309568e-06	3.03279581471e-06	3.078
0.06606334173	0.000551303533885	3.98355859162e-05	0.000561948425969	3.9707302261e-05	1.06448920838e-05	3.19437825511e-06	3.096
0.0664473366489	0.000469728951357	3.68366297285e-05	0.000481747963211	3.66986102874e-05	1.20190118542e-05	3.18579546295e-06	3.114
0.0668313299283	0.000444026476016	3.5722492601e-05	0.0004548119982	3.55921452073e-05	1.07855221842e-05	3.04888129789e-06	3.132
0.0672153215586	0.00043166566285	3.50116033829e-05	0.000439309164597	3.49271247828e-05	7.6435017475e-06	2.4307048054e-06	3.15
0.0675993115305	0.000400319352604	3.37275042069e-05	0.000408649831099	3.36331630478e-05	8.33047849533e-06	2.52088941192e-06	3.168
0.0679832998345	0.000361444454122	3.20008935447e-05	0.00036938507869	3.19183738193e-05	7.94062456736e-06	2.29664981933e-06	3.186
0.068367286461	0.000307966645568	2.95478520709e-05	0.000315733169289	2.94620220192e-05	7.76652372096e-06	2.25051561703e-06	3.204
0.0687512714007	0.000296528933356	2.88656681547e-05	0.000302718908225	2.87970823913e-05	6.18997486918e-06	1.9886789005e-06	3.222
0.0691352546439	0.000305313669074	2.93597864921e-05	0.000313047500443	2.92271593445e-05	7.73383136888e-06	2.787511348e-06	3.24
0.0695192361813	0.00026058125223	2.7291489476e-05	0.000271095321403	2.71547971199e-05	1.0514069173e-05	2.7280746319e-06	3.258
0.0699032160034	0.000247380644895	2.64748247137e-05	0.000256112194006	2.63563214871e-05	8.73154911197e-06	2.50213134936e-06	3.276
0.0702871941008	0.000228826155919	2.54072675767e-05	0.000236685636074	2.52964852731e-05	7.85948015513e-06	2.37003766625e-06	3.294
0.0706711704638	0.000183643098159	2.29552600167e-05	0.000192558217046	2.27840023854e-05	8.91511888745e-06	2.79878504626e-06	3.312
0.0710551450831	0.000179108633723	2.28012302088e-05	0.000189423634897	2.2576048972e-05	1.03150011736e-05	3.19657814687e-06	3.33
0.0714391179492	0.000167304360066	2.18427010322e-05	0.000175206545598	2.16825564687e-05	7.90218553212e-06	2.6401388913e-06	3.348
0.0718230890526	0.000150368692732	2.05740840879e-05	0.000156482998123	2.04620831466e-05	6.11430539062e-06	2.14384919167e-06	3.366
0.0722070583838	0.000148668252205	2.05074808301e-05	0.00015581881732	2.03930643208e-05	7.15056511434e-06	2.1632608726e-06	3.384
0.0725910259334	0.000129610156275	1.93519151948e-05	0.000137533861528	1.91263495451e-05	7.92370525273e-06	2.94607786494e-06	3.402
0.0729749916919	0.000115415531034	1.85022566629e-05	0.000125270281436	1.82167127285e-05	9.854750402e-06	3.23803628571e-06	3.42
0.0733589556498	0.000119583949397	1.8657495728e-05	0.00012899910606	1.8452074348e-05	9.4151566637e-06	2.76099603347e-06	3.438
0.0737429177977	0.000115028060256	1.81538801312e-05	0.000122815289687	1.79787438488e-05	7.78722943075e-06	2.51557815166e-06	3.456
0.074126878126	0.000106159003166	1.76485381211e-05	0.00011567112085	1.74200009467e-05	9.51211768361e-06	2.83098301459e-06	3.474
0.0745108366253	0.000104184248285	1.77823775552e-05	0.000116266606202	1.74360033615e-05	1.20823579169e-05	3.4926692215e-06	3.492
0.0748947932861	0.000105714227926	1.79707409498e-05	0.000118497650355	1.75776906725e-05	1.27834224296e-05	3.73795678239e-06	3.51
0.0752787480989	9.90219352301e-05	1.72189813504e-05	0.00010988860353	1.69046668586e-05	1.08666682994e-05	3.27498964044e-06	3.528
0.0756627010544	0.000100179732666	1.71838289271e-05	0.000110906228705	1.69627539709e-05	1.07264960395e-05	2.74753604484e-06	3.546
0.0760466521429	0.000108866641031	1.80427807979e-05	0.00012109974124	1.77047105882e-05	1.2233100209e-05	3.47637194601e-06	3.564
0.0764306013551	0.000102717254322	1.7305312952e-05	0.000112667476772	1.70494028971e-05	9.95022245074e-06	2.96508300369e-06	3.582
0.0768145486814	9.57693747945e-05	1.66738045029e-05	0.000105000578369	1.64289762676e-05	9.23120357433e-06	2.84683954594e-06	3.6
0.0771984941124	9.28156285577e-05	1.64107623597e-05	0.000102000880157	1.61719308862e-05	9.18525159907e-06	2.78958287942e-06	3.618
0.0775824376385	8.10900076936e-05	1.53403789348e-05	8.91314511811e-05	1.50956744402e-05	8.04144348749e-06	2.72907293046e-06	3.636
0.0779663792505	8.42528377989e-05	1.544849888e-05	9.15965769878e-05	1.52715101549e-05	7.34373918889e-06	2.33175797068e-06	3.654
0.0783503189386	8.46901992053e-05	1.5157634921e-05	8.95413013427e-05	1.50731121207e-05	4.85110213743e-06	1.59849535376e-06	3.672
0.0787342566936	7.89842575306e-05	1.5013684628e-05	8.68642422371e-05	1.48288867301e-05	7.87998470657e-06	2.34837059617e-06	3.69
0.0791181925059	7.4904832015e-05	1.52979723951e-05	8.77489181261e-05	1.48859890256e-05	1.28440861111e-05	3.52637067391e-06	3.708
0.079502126366	7.6242872583e-05	1.5062460989e-05	8.66314330435e-05	1.47693404475e-05	1.03885604606e-05	2.95707859034e-06	3.726
0.0798860582644	8.04180329822e-05	1.51926408855e-05	8.94212818221e-05	1.49858775187e-05	9.00324883995e-06	2.49796158315e-06	3.744
0.0802699881918	6.93591278591e-05	1.44037953572e-05	7.9555367568e-05	1.41173324261e-05	1.01962397089e-05	2.85836419321e-06	3.762
0.0806539161386	6.09400881662e-05	1.36029521166e-05	7.0369290976e-05	1.32563857915e-05	9.42920280984e-06	3.05099033659e-06	3.78
0.0810378420953	6.32495213055e-05	1.34828340237e-05	7.07373460557e-05	1.32735740748e-05	7.48782475023e-06	2.36623003771e-06	3.798
0.0814217660525	6.2667316013e-05	1.31065724923e-05	6.79624081302e-05	1.29928775308e-05	5.29509211714e-06	1.72260731611e-06	3.816
0.0818056880007	6.2674340653e-05	1.35444817264e-05	7.02083447314e-05	1.31828472536e-05	7.53400407836e-06	3.1089425091e-06	3.834
0.0821896079304	6.33389078065e-05	1.37689712415e-05	7.24649218542e-05	1.33763630491e-05	9.1260140477e-06	3.2645797017e-06	3.852
0.0825735258322	5.66918914876e-05	1.26869444933e-05	6.36255432358e-05	1.25205737587e-05	6.93365174823e-06	2.04787532063e-06	3.87
0.0829574416965	5.30217154735e-05	1.24707569052e-05	6.09583266963e-05	1.22388337217e-05	7.9366112228e-06	2.39389367377e-06	3.888
0.083341355514	4.31998243708e-05	1.15934633261e-05	5.216369179e-05	1.13053386129e-05	8.96386741921e-06	2.56860093081e-06	3.906
0.0837252672751	4.02092735858e-05	1.11746652673e-05	4.849136841e-05	1.08818156914e-05	8.28209482415e-06	2.54150173978e-06	3.924
0.0841091769703	4.59671391874e-05	1.15465550994e-05	5.2942908572e-05	1.13522678116e-05	6.97576938457e-06	2.1092534692e-06	3.942
0.0844930845902	4.31640144202e-05	1.10918804113e-05	4.94425107964e-05	1.09557557202e-05	6.27849637612e-06	1.73240516532e-06	3.96
0.0848769901254	4.69638261465e-05	1.15662979333e-05	5.36781314795e-05	1.14051642199e-05	6.71430533293e-06	1.92392229526e-06	3.978
0.0852608935663	4.98059692119e-05	1.18988456505e-05	5.67519384457e-05	1.17157153988e-05	6.94596923382e-06	2.07955295904e-06	3.996
0.0856447949035	4.61459238586e-05	1.16401572529e-05	5.3684001422e-05	1.13686651225e-05	7.53807756342e-06	2.49934275453e-06	4.014
0.0860286941275	4.92635791438e-05	1.22001304955e-05	5.89370529301e-05	1.18929961837e-05	9.67347378633e-06	2.72026209797e-06	4.032
0.0864125912288	4.51024452557e-05	1.15478934474e-05	5.31625955322e-05	1.12809411048e-05	8.06015027657e-06	2.46864555215e-06	4.05
0.0867964861979	4.5182552067e-05	1.12257995702e-05	5.12528514577e-05	1.10615259982e-05	6.0702993907e-06	1.91343110195e-06	4.068
0.0871803790254	5.45129719436e-05	1.23199260431e-05	6.14938920407e-05	1.20917109253e-05	6.98092009719e-06	2.36031875071e-06	4.086
0.0875642697019	4.94504044563e-05	1.17413842938e-05	5.59827735731e-05	1.15206465946e-05	6.53236911685e-06	2.2660112923e-06	4.104
0.0879481582178	4.35179926621e-05	1.13408344082e-05	5.1801166721e-05	1.10721772411e-05	8.28317405897e-06	2.45385741545e-06	4.122
0.0883320445636	3.84742433177e-05	1.07588859437e-05	4.68594513298e-05	1.05196356917e-05	8.38520801207e-06	2.25630043736e-06	4.14
0.08871592873	3.84080158194e-05	1.06206993328e-05	4.53548973476e-05	1.03348657363e-05	6.94688152827e-06	2.44740771634e-06	4.158
0.0890998107073	3.78629235127e-05	1.0923122367e-05	4.74284389899e-05	1.05513621181e-05	9.56551547719e-06	2.82548397584e-06	4.176
0.0894836904863	3.48838066684e-05	1.07872727512e-05	4.63495132051e-05	1.0419360372e-05	1.14657065367e-05	2.7932387739e-06	4.194
0.0898675680573	4.3762575656e-05	1.17505024825e-05	5.5521541971e-05	1.13914737991e-05	1.1758966315e-05	2.88246999545e-06	4.212
0.0902514434109	4.75051429643e-05	1.19453186788e-05	5.75209407805e-05	1.15833760171e-05	1.00157978162e-05	2.91822521137e-06	4.23
0.0906353165376	3.98492101323e-05	1.06712132049e-05	4.70271926458e-05	1.04576395243e-05	7.17798251343e-06	2.1242803121e-06	4.248
0.091019187428	3.28629296118e-05	9.82073976089e-06	4.00612098334e-05	9.6287279281e-06	7.19828022153e-06	1.93249267469e-06	4.266
0.0914030560726	3.28471311571e-05	9.67212321248e-06	3.91830126725e-05	9.51153222002e-06	6.3358815154e-06	1.75519863972e-06	4.284
0.0917869224619	2.86422399345e-05	9.11878128595e-06	3.45251677719e-05	8.92260860828e-06	5.88292783736e-06	1.88128354172e-06	4.302
0.0921707865865	3.91956619341e-05	1.03359626296e-05	4.50419815221e-05	1.01728610108e-05	5.84631958795e-06	1.82894022193e-06	4.32
0.0925546484368	4.65849711016e-05	1.13926981155e-05	5.40527684426e-05	1.11300472588e-05	7.46779734092e-06	2.43220442555e-06	4.338
0.0929385080035	4.33054364013e-05	1.12386680043e-05	5.23381097988e-05	1.09405999237e-05	9.03267339746e-06	2.57117323789e-06	4.356
0.0933223652769	4.47790132252e-05	1.13811719269e-05	5.36628544028e-05	1.106267939e-05	8.88384117761e-06	2.67361162904e-06	4.374
0.0937062202478	3.70401874167e-05	1.0203800966e-05	4.40968797762e-05	1.00186614803e-05	7.05669235947e-06	1.93493573453e-06	4.392
0.0940900729065	3.45836994818e-05	9.93248420726e-06	4.15718390579e-05	9.71905558966e-06	6.98813957613e-06	2.04797484664e-06	4.41
0.0944739232437	3.35879304772e-05	1.02424760021e-05	4.33144551296e-05	9.90421407155e-06	9.72652465236e-06	2.61052835242e-06	4.428
0.0948577712498	3.48118674623e-05	1.02434248326e-05	4.39857211048e-05	9.96724726403e-06	9.17385364248e-06	2.36256942324e-06	4.446
0.0952416169154	3.91443972024e-05	1.05571802664e-05	4.7475612023e-05	1.03457511878e-05	8.33121482069e-06	2.10225772418e-06	4.464
0.095625460231	3.13707423993e-05	9.75098404944e-06	4.02666211554e-05	9.51551011234e-06	8.89587875605e-06	2.12996648666e-06	4.482
0.0960093011871	3.20947443583e-05	9.88164370262e-06	4.09728900077e-05	9.57910033522e-06	8.87814564944e-06	2.42646224643e-06	4.5
0.0963931397743	4.23589037168e-05	1.12168106537e-05	5.24748534186e-05	1.0826805302e-05	1.01159497018e-05	2.93208598009e-06	4.518
0.0967769759831	4.30047429094e-05	1.09948217578e-05	5.17706183532e-05	1.07379571566e-05	8.76587544382e-06	2.36270641155e-06	4.536
0.097160809804	4.33746863092e-05	1.06613969777e-05	4.96670194375e-05	1.05095989499e-05	6.29233312828e-06	1.79268386211e-06	4.554
0.0975446412275	4.44893295044e-05	1.07215366166e-05	5.03690407162e-05	1.05765749148e-05	5.87971121185e-06	1.75710286901e-06	4.572
0.0979284702443	3.76008606279e-05	1.00381255221e-05	4.40587538294e-05	9.87098895178e-06	6.45789320151e-06	1.8241549034e-06	4.59
0.0983122968447	3.20890989768e-05	9.70465051226e-06	4.00013557871e-05	9.39315987923e-06	7.91225681032e-06	2.43901394999e-06	4.608
0.0986961210194	3.12929299167e-05	9.53329783032e-06	3.86378327425e-05	9.22759256262e-06	7.34490282583e-06	2.39484926875e-06	4.626
0.0990799427589	3.32457812676e-05	9.59828975479e-06	3.99402529737e-05	9.36610905879e-06	6.69447170605e-06	2.09837253977e-06	4.644
0.0994637620537	3.71018300406e-05	1.00649739875e-05	4.42432882279e-05	9.83779585775e-06	7.14145818725e-06	2.12637579728e-06	4.662
0.0998475788943	3.34669338476e-05	9.60171729422e-06	4.03069318858e-05	9.37605167464e-06	6.83999803823e-06	2.06945161637e-06	4.68
0.100231393271	3.07186503404e-05	9.56465189551e-06	3.96314978377e-05	9.28821756558e-06	8.91284749734e-06	2.28288859489e-06	4.698
0.100615205175	4.03761393418e-05	1.09386749419e-05	5.18484303728e-05	1.06096613515e-05	1.14722910311e-05	2.66264820993e-06	4.716
0.100999014596	4.21664271289e-05	1.08710540453e-05	5.19543130398e-05	1.06095341981e-05	9.78788591085e-06	2.37014770754e-06	4.734
0.101382821526	2.98506904868e-05	9.27603681556e-06	3.78519865781e-05	9.05415823451e-06	8.00129609128e-06	2.01669969705e-06	4.752
0.101766625953	2.87749258144e-05	8.67998043515e-06	3.39076038705e-05	8.55142339287e-06	5.13267805615e-06	1.48836094767e-06	4.77
0.10215042787	3.58635952359e-05	9.6527494641e-06	4.16253223347e-05	9.45491836803e-06	5.7617270988e-06	1.94424557875e-06	4.788
0.102534227266	3.98079306186e-05	1.03200260439e-05	4.73937669594e-05	1.00784728404e-05	7.58583634083e-06	2.21975736318e-06	4.806
0.102918024133	3.80329673934e-05	1.00787722459e-05	4.55863141459e-05	9.87854602714e-06	7.55334675251e-06	1.99899434076e-06	4.824
0.103301818459	3.62581187017e-05	1.00884235462e-05	4.4951565887e-05	9.80011973928e-06	8.69344718529e-06	2.39456525125e-06	4.842
0.103685610237	3.7988016629e-05	9.95625882317e-06	4.48410229194e-05	9.77006946415e-06	6.85300629033e-06	1.916463519e-06	4.86
0.104069399457	3.58962757678e-05	9.3896167859e-06	4.03860367244e-05	9.25611972944e-06	4.4897609566e-06	1.577704326e-06	4.878
0.104453186109	3.96471792869e-05	9.77217653913e-06	4.3978371799e-05	9.64750827915e-06	4.33119251211e-06	1.55596218322e-06	4.896
0.104836970184	4.26744807168e-05	1.00553591095e-05	4.65105164486e-05	9.91565599919e-06	3.83603573177e-06	1.67033317814e-06	4.914
0.105220751672	3.75089769595e-05	9.39203626915e-06	4.06905061248e-05	9.26613400168e-06	3.18152916526e-06	1.53267933501e-06	4.932
0.105604530563	3.4576154809e-05	9.00948948679e-06	3.77872402907e-05	8.92035334228e-06	3.21108548166e-06	1.26419818912e-06	4.95
0.105988306849	2.53703133053e-05	7.65219325391e-06	2.73909295688e-05	7.58879165205e-06	2.02061626346e-06	9.8300704827e-07	4.968
0.10637208052	8.46324241626e-06	4.38217832423e-06	9.08424021845e-06	4.36544370393e-06	6.20997802192e-07	3.82607021881e-07	4.986
