#Executed at: 2018-12-24 17:59:28.789933
#Loaded File	 = ../rawdata/ES_S14_HYST_30K_ZFC.DAT
#Subtracted Diamagnetic Slope	 = -0.04880897
#Diamagnetic Slope Sigma	 = 2.8241e-05
#Magnetic Moment	 = 13767.9255
#Volume Particle	 = 6.632548045065534e-25
#Ms Raw	 = 0.15822643
#Ms Calculated	 = 192.511049774666
#Rescale Factor	 = 1216.680738955344
#[[Data]]
#B/T	M/kAm-1	sM/kAm-1	M_raw/memu	sM_raw/memu
0.0000068507	-2.0937237482	0.3217802574	-0.0017211833	0.0002644739
0.0024969883	-0.5017199422	0.3815548651	-0.0005342432	0.0003136031
0.0087792450	6.2250145286	0.3453757209	0.0046878852	0.0002838671
0.0148764549	12.3209814435	0.3641041778	0.0094006125	0.0002992600
0.0217578506	24.4406411267	0.4287168859	0.0190259876	0.0003523654
0.0281249084	38.5784373333	0.4356057943	0.0303351901	0.0003580271
0.0343645874	49.7678062550	0.4614717596	0.0392272730	0.0003792862
0.0399462387	61.3494193386	0.4964911390	0.0484738623	0.0004080686
0.0467109100	77.4599924821	0.4324397420	0.0613850995	0.0003554234
0.0525490173	86.9196291914	0.4856817414	0.0688751014	0.0003991831
0.0591542297	99.4067890813	0.4144538141	0.0788160082	0.0003406389
0.0658886230	109.6940563767	0.3816201287	0.0869424998	0.0003136512
0.0723721100	116.2892874600	0.3968743221	0.0920467226	0.0003261879
0.0784973053	123.3370855547	0.3498029754	0.0975404019	0.0002874974
0.0857220093	129.6072819210	0.3967998019	0.1023412980	0.0003261241
0.0919657196	133.1116367018	0.3621642749	0.1049168072	0.0002976545
0.0982084625	137.6390261982	0.4496241308	0.1083332044	0.0003695394
0.1043167908	140.6921758868	0.4006131562	0.1105444722	0.0003292541
0.1121565308	144.0287241055	0.4308016684	0.1129041593	0.0003540653
0.1192171570	147.4507196318	0.3662033529	0.1153721039	0.0003009667
0.1261726624	149.5791204849	0.3900174282	0.1167819632	0.0003205388
0.1325533569	152.5232931791	0.4342321995	0.1188903681	0.0003568794
0.1405566345	154.7815552003	0.3500075034	0.1203558206	0.0002876467
0.1463829346	155.7122647402	0.3545301812	0.1208364028	0.0002913620
0.1532661560	157.3050635827	0.4065529857	0.1218095745	0.0003341212
0.1590011047	158.6586079851	0.4366901121	0.1226421469	0.0003588911
0.1661171875	159.9216007685	0.3677807436	0.1233328825	0.0003022456
0.1727313599	160.9281583850	0.4863098926	0.1238373496	0.0003996724
0.1791123169	162.4708667789	0.4132682056	0.1247938665	0.0003396309
0.1843330627	163.5480072672	0.3906278631	0.1254243580	0.0003210181
0.1917053894	164.5109220946	0.4222319936	0.1258559500	0.0003469937
0.1983417297	165.5969448046	0.3824381910	0.1264246482	0.0003142792
0.2040641724	166.3411200143	0.3685610136	0.1267569854	0.0003028685
0.2100246582	166.4569525849	0.4174439584	0.1265612640	0.0003430494
0.2165391235	167.4637756068	0.4243309834	0.1270708158	0.0003487075
0.2231399292	168.5026246628	0.4385243806	0.1276024760	0.0003603717
0.2302220947	169.1758289491	0.3627763661	0.1278101150	0.0002980980
0.2356680054	169.3834441421	0.4518673141	0.1277149463	0.0003713339
0.2429958374	170.2945200795	0.4077887243	0.1281061033	0.0003350947
0.2490638794	170.7022305471	0.3911512354	0.1281450290	0.0003214135
0.2552739624	170.8391600580	0.4298693949	0.1279544648	0.0003532397
0.2606703613	171.5059482013	0.3944172650	0.1282391108	0.0003240912
0.2661440552	172.1616024621	0.4734069618	0.1285108331	0.0003890245
0.2713995239	172.3675968757	0.3379206247	0.1284236276	0.0002776340
0.2771400391	172.8217291493	0.3378591422	0.1285166941	0.0002775789
0.2823809204	172.8801235632	0.4231622774	0.1283088869	0.0003477092
0.2885029175	173.4786604303	0.3682420859	0.1285020210	0.0003025515
0.2957599731	174.0130122591	0.4014918920	0.1285869997	0.0003298838
0.3015027954	174.3114546604	0.5281843781	0.1285519908	0.0004340356
0.3076172852	174.4167666975	0.4645259616	0.1283401057	0.0003816989
0.3132378906	174.8841218875	0.4575083043	0.1284498928	0.0003759258
0.3191104126	175.8291797751	0.4373148261	0.1289400120	0.0003593197
0.3239875854	175.3781601222	0.4415482311	0.1283312654	0.0003627968
0.3297266968	175.8612555412	0.3657926940	0.1284482054	0.0003005038
0.3347134155	175.7016629987	0.3705054000	0.1280736384	0.0003043747
0.3409803467	176.6272413867	0.4707190866	0.1285284965	0.0003867681
0.3467092041	176.6266424537	0.4299297982	0.1282483846	0.0003532272
0.3519479736	176.7519631872	0.4364953967	0.1280956878	0.0003586215
0.3574629272	176.8331300728	0.4308177183	0.1278932203	0.0003539487
0.3643257446	176.9946767112	0.4184480414	0.1276910298	0.0003437720
0.3709490845	177.2911802607	0.4343654764	0.1276114502	0.0003568549
0.3769571777	177.4546150914	0.3584744341	0.1274525298	0.0002944407
0.3834490723	177.7912025364	0.3905684636	0.1274123111	0.0003208288
0.3885638916	177.7077985764	0.3692667867	0.1270941116	0.0003033050
0.3938237793	178.4060318232	0.4278055965	0.1274112656	0.0003514410
0.3999342651	178.4778736633	0.4217027598	0.1271720665	0.0003464169
0.4065667358	178.6172690109	0.4034945028	0.1269629126	0.0003314367
0.4125698975	178.4404916939	0.4189470523	0.1265246098	0.0003441389
0.4186738037	178.8527309018	0.4408767692	0.1265655072	0.0003621673
0.4244378418	179.2730674704	0.4561604959	0.1266296486	0.0003747304
0.4301759033	179.1654131817	0.4663969012	0.1262610977	0.0003831429
0.4364277100	179.4844189420	0.3594725107	0.1262181470	0.0002951963
0.4436947998	179.5374634987	0.4288385526	0.1259070456	0.0003522432
0.4503460205	179.8659402832	0.3906921320	0.1258523841	0.0003208611
0.4571996582	179.9108355696	0.4458452125	0.1255547649	0.0003662163
0.4643069580	180.0854848287	0.4563180025	0.1253514106	0.0003748223
0.4706954346	180.0601329799	0.4362604771	0.1250187588	0.0003583196
0.4775771729	180.3679210744	0.4718896112	0.1249358418	0.0003876154
0.4833352783	180.5576118595	0.4433567601	0.1248107030	0.0003641429
0.4899548584	180.7754049386	0.4672616495	0.1246666141	0.0003837969
0.4968159180	180.5934752125	0.4903523980	0.1241822033	0.0004027804
0.5034412354	180.9674648515	0.5020515882	0.1241662136	0.0004123954
0.5085599365	181.0521404310	0.4768300475	0.1239859706	0.0003916473
0.5142969971	180.8677982549	0.4402888044	0.1235544382	0.0003615854
0.5208183350	181.0895306529	0.4543760863	0.1234183821	0.0003731657
0.5276638916	181.1541961605	0.4371967432	0.1231374067	0.0003590265
0.5347964355	181.5715914508	0.4287599043	0.1231323352	0.0003520775
0.5418104004	181.4328342532	0.4125412609	0.1226759451	0.0003387257
0.5484187256	181.6300886750	0.5036404369	0.1225155246	0.0004136564
0.5551607666	181.4220204347	0.5138315311	0.1220154395	0.0004220313
0.5622576172	181.8932144967	0.4738130146	0.1220563279	0.0003891070
0.5685226807	181.7482748838	0.3956713019	0.1216314095	0.0003248089
0.5754149170	181.8719343497	0.3725987987	0.1213966433	0.0003058106
0.5810172363	182.4503077976	0.4180325937	0.1215985698	0.0003431924
0.5867588867	182.3212213788	0.5050433509	0.1212122285	0.0004147684
0.5943845215	182.5691200605	0.5214454732	0.1210437792	0.0004282515
0.6002605713	182.4731444545	0.5151356909	0.1206780921	0.0004230548
0.6087491943	182.6043606183	0.4118117044	0.1203716188	0.0003380346
0.6158900879	182.7524104565	0.4273417115	0.1201447625	0.0003508048
0.6222340576	182.6600881494	0.3881215789	0.1197592394	0.0003185160
0.6288661865	182.7541527329	0.3865676054	0.1195128445	0.0003172264
0.6348814697	182.8826949615	0.5085025169	0.1193248946	0.0004175577
0.6419962646	182.9813211252	0.4635508392	0.1190586905	0.0003805646
0.6472461670	183.1902633919	0.6027690151	0.1189741795	0.0004950835
0.6535037109	182.9369178352	0.5367418014	0.1184605285	0.0004407663
0.6604898437	183.3605776069	0.4494901080	0.1184677520	0.0003689685
0.6658515137	183.4475416834	0.4889500266	0.1182775309	0.0004014319
0.6729597412	183.3646895261	0.4481022689	0.1178624888	0.0003678083
0.6794347656	183.0025680690	0.5308397246	0.1172488189	0.0004358794
0.6857174805	183.5946712655	0.4707601159	0.1174288205	0.0003864367
0.6915755859	183.4935624778	0.4278436359	0.1170597903	0.0003511054
0.6978291016	183.9498782884	0.4805558442	0.1171296124	0.0003944809
0.7043451660	183.5235399959	0.4779953439	0.1164611590	0.0003923645
0.7124402100	183.6151666071	0.4086424637	0.1161413569	0.0003352634
0.7195560059	183.5586512883	0.4124980384	0.1157475919	0.0003384260
0.7267367676	183.8069699263	0.4956245848	0.1156012014	0.0004068406
0.7299350098	183.5627660141	0.4189200971	0.1152443853	0.0003436963
0.7277079834	182.9862864889	0.5026565207	0.1148792709	0.0004126261
0.7228647949	183.3262866210	0.4838624998	0.1153951108	0.0003971663
0.7157207031	183.4133062064	0.4807758902	0.1158153287	0.0003946364
0.7087666748	183.5819479962	0.4245580527	0.1162933558	0.0003483732
0.7024086182	183.6211708223	0.5096375391	0.1166359235	0.0004184054
0.6956886963	183.5417049910	0.5290218437	0.1168986024	0.0004343633
0.6894525146	183.6816466045	0.4372994662	0.1173180031	0.0003588923
0.6824426514	183.2559107944	0.4971438365	0.1173102315	0.0004081519
0.6750876953	183.7423864227	0.4469616268	0.1180690577	0.0003668664
0.6683583008	182.8600449437	0.5124486150	0.1176723088	0.0004207626
0.6625005127	183.2828695726	0.5071825976	0.1183057444	0.0004164375
0.6570447998	183.1585027547	0.4117186124	0.1184698140	0.0003378858
0.6502989014	182.8431401983	0.3586540086	0.1185398753	0.0002942081
0.6433280273	182.9269811952	0.4367418427	0.1189490261	0.0003585017
0.6361882080	182.9879322744	0.4505432102	0.1193476095	0.0003698691
0.6305897949	182.5986637330	0.5053560169	0.1193009192	0.0004149744
0.6239739502	182.7217402094	0.4143031597	0.1197249894	0.0003400629
0.6184778809	183.0418398119	0.4255508093	0.1202563394	0.0003493274
0.6115976807	182.6556844505	0.4951636272	0.1202747706	0.0004066124
0.6055012207	182.6393324957	0.4272954216	0.1205588927	0.0003507811
0.5987478271	182.5738205720	0.5039331893	0.1208346741	0.0004138416
0.5927843506	182.7550376241	0.4234545669	0.1212746890	0.0003476380
0.5861779053	182.7635571785	0.4117151759	0.1216041451	0.0003379870
0.5803216064	182.1793958614	0.4236674943	0.1214098580	0.0003478299
0.5744326660	182.5456224783	0.4301147107	0.1219982958	0.0003531424
0.5680616211	182.1416050862	0.4244193045	0.1219771947	0.0003484647
0.5609755859	182.4597796305	0.4703147241	0.1225845671	0.0003862308
0.5539719482	181.8738951125	0.4516182742	0.1224448641	0.0003708590
0.5490011719	181.8670021941	0.4749877074	0.1226818172	0.0003900883
0.5421363281	182.2096639379	0.5080675330	0.1232985197	0.0004173042
0.5362551025	182.0530235629	0.4075928186	0.1234568322	0.0003346614
0.5295157959	181.5733173565	0.4318646020	0.1233914963	0.0003546380
0.5226785889	181.6623101783	0.4037032654	0.1237983573	0.0003314786
0.5158883301	181.3541054026	0.4663423025	0.1238764668	0.0003830136
0.5092974365	181.5334021376	0.5406309259	0.1243455270	0.0004441162
0.5035483398	181.0134340241	0.4025655367	0.1241987684	0.0003305662
0.4964325684	180.9048689630	0.5863447247	0.1244568513	0.0004817176
0.4899576660	180.8797372624	0.5035748634	0.1247522287	0.0004136610
0.4822224365	180.8310275136	0.4976915699	0.1250897423	0.0004088301
0.4765942383	181.0289936491	0.4481311805	0.1255271589	0.0003680767
0.4715831299	180.6078740272	0.4156912536	0.1254256242	0.0003414004
0.4648613281	180.9718911704	0.4695066073	0.1260528971	0.0003856680
0.4596340820	180.1437023800	0.4742079810	0.1256273384	0.0003895393
0.4526444092	180.6736560696	0.4502525824	0.1264040705	0.0003698455
0.4455218018	180.5010469491	0.4191884355	0.1266098487	0.0003443046
0.4382395020	180.1710789681	0.3690444732	0.1266940868	0.0003030681
0.4307577393	179.8436354630	0.4413806099	0.1267901354	0.0003625704
0.4251092041	179.8353431694	0.4277693316	0.1270590191	0.0003513821
0.4197364014	179.7756364049	0.3813490789	0.1272721866	0.0003132097
0.4130114014	179.4103047736	0.4137369049	0.1273001578	0.0003398537
0.4062939087	179.2243522072	0.4026914326	0.1274751958	0.0003307765
0.3998852783	178.6372953344	0.3431967150	0.1273054875	0.0002818501
0.3942675537	179.3509164164	0.4485356808	0.1281662139	0.0003684870
0.3886743774	178.9689193675	0.4693585842	0.1281252446	0.0003856135
0.3810146484	178.5915334547	0.4796237650	0.1281889314	0.0003940599
0.3749534668	178.1290031049	0.4227056355	0.1281046139	0.0003472639
0.3682978638	178.0562887725	0.4490974105	0.1283697025	0.0003689703
0.3620628296	177.8744478609	0.3836105821	0.1285245716	0.0003151269
0.3556578491	177.7944699722	0.3734420574	0.1287714576	0.0003067707
0.3503175049	177.8112349084	0.4392130445	0.1290458935	0.0003608573
0.3433362061	177.1329624323	0.4416984603	0.1288291658	0.0003629061
0.3368399048	176.7302651673	0.4106347835	0.1288152633	0.0003373701
0.3293451660	176.8686926131	0.3548701452	0.1292948485	0.0002915224
0.3234571045	176.3741294732	0.4119694072	0.1291757531	0.0003384778
0.3182751221	175.9944725300	0.3985424313	0.1291166372	0.0003274420
0.3116052124	175.9263190044	0.3790603661	0.1293861726	0.0003114286
0.3061131958	175.7110311283	0.4207720865	0.1294772854	0.0003457280
0.2997369629	175.4066511914	0.4006889700	0.1295383304	0.0003292208
0.2941238525	174.8331216632	0.4174363373	0.1293409118	0.0003429938
0.2880160522	174.9405902755	0.4303166459	0.1297273566	0.0003535873
0.2812640625	174.2236474348	0.4038658900	0.1294676530	0.0003318457
0.2742736816	173.9950732003	0.4574548466	0.1296209792	0.0003759061
0.2681605957	173.8193370206	0.4430105236	0.1297749136	0.0003640353
0.2618069214	173.1363813025	0.4426569701	0.1295237030	0.0003637483
0.2559087036	172.7564469344	0.4353336395	0.1294993177	0.0003577313
0.2487713867	172.2353874543	0.4908761186	0.1294194197	0.0004033940
0.2419272705	171.5547199594	0.3951628800	0.1291940277	0.0003247158
0.2368963501	171.1310596705	0.3706559089	0.1290913718	0.0003045717
0.2313822876	170.7835882928	0.4240407160	0.1290749179	0.0003484613
0.2245304443	170.4932064371	0.3933260232	0.1291706821	0.0003232157
0.2173090332	169.2204940327	0.4571605324	0.1284770988	0.0003756939
0.2106610229	169.0943006774	0.3873202916	0.1286978620	0.0003182862
0.2040579346	168.4289201479	0.4121697604	0.1284732701	0.0003387167
0.1972122925	167.6342823253	0.3812439463	0.1281542794	0.0003132981
0.1913184998	166.6081464318	0.4346765793	0.1275985598	0.0003572234
0.1838318909	165.9721463629	0.3891787085	0.1274412397	0.0003198271
0.1773269165	164.9597456807	0.4343278343	0.1269266403	0.0003569425
0.1711803528	163.8515955727	0.3922608480	0.1263158500	0.0003223662
0.1644433716	163.0476515763	0.4010586341	0.1259839068	0.0003296007
0.1587422791	162.7785483982	0.4105467315	0.1260409931	0.0003374020
0.1516378113	160.7946815075	0.3490359569	0.1247571982	0.0002868436
0.1451957153	159.6374240596	0.3453063228	0.1241204708	0.0002837805
0.1389733093	158.0158680813	0.3468930767	0.1230914097	0.0002850873
0.1321248779	157.0453553464	0.3710610181	0.1226280021	0.0003049553
0.1256926514	155.1432394780	0.4220277090	0.1213785876	0.0003468499
0.1208381348	153.5525582446	0.4623119485	0.1203081375	0.0003799627
0.1138323242	152.1420055727	0.4192803497	0.1194907389	0.0003445950
0.1068518494	150.4442749149	0.4088143535	0.1184360698	0.0003359944
0.1006346222	147.7122053112	0.4418188502	0.1164940156	0.0003631235
0.0946303741	145.2413066331	0.4398080679	0.1147562246	0.0003614720
0.0879671814	142.4003812977	0.4293214575	0.1127464681	0.0003528541
0.0816194489	139.0759951691	0.4182317611	0.1103239538	0.0003437404
0.0747719574	136.3155284586	0.3733865467	0.1083893223	0.0003068822
0.0668750519	131.6398998523	0.3999407438	0.1049318241	0.0003287092
0.0603816498	126.6972824101	0.3228486983	0.1011863821	0.0002653465
0.0543566742	122.5625789619	0.4151258459	0.0980821079	0.0003411919
0.0476278336	115.6426165638	0.3525131383	0.0927229611	0.0002897304
0.0415424240	107.3267874931	0.4731985429	0.0861851347	0.0003889240
0.0338641571	97.2537844415	0.4369848241	0.0782808182	0.0003591602
0.0274148804	89.6480455398	0.4704025674	0.0723443808	0.0003866270
0.0203908363	76.1092151197	0.4520545520	0.0615595400	0.0003715469
0.0138609917	60.7876163390	0.4310173256	0.0492853058	0.0003542565
0.0089141136	49.9090171171	0.4970092615	0.0405855468	0.0004084960
0.0019470534	38.0594996634	0.5236038629	0.0311863851	0.0004303544
-0.0051946108	21.3930644050	0.4266554051	0.0178366808	0.0003506716
-0.0117228111	4.5696270105	0.4575179074	0.0043279927	0.0003760376
-0.0192341080	-12.5134045581	0.4276116776	-0.0093460741	0.0003514572
-0.0250590919	-25.0017392148	0.4967350933	-0.0193260286	0.0004082701
-0.0313171707	-43.5783421528	0.4495381899	-0.0342888423	0.0003694781
-0.0383337280	-62.2671441897	0.5099352864	-0.0493068530	0.0004191186
-0.0456764633	-73.8045347093	0.4658267908	-0.0584311387	0.0003828647
-0.0534258209	-93.2724684273	0.5248697425	-0.0740537568	0.0004313922
-0.0596256226	-100.9799166729	0.4549445069	-0.0800859666	0.0003739189
-0.0657826294	-108.4191584721	0.4529748874	-0.0858998240	0.0003722992
-0.0711322510	-117.4537979900	0.4048652835	-0.0930643597	0.0003327561
-0.0780213165	-124.5023997712	0.3746456059	-0.0985214159	0.0003079165
-0.0847756714	-128.5486961568	0.4218759093	-0.1015174274	0.0003467350
-0.0918677063	-133.9134813802	0.3221115030	-0.1055806340	0.0002647334
-0.0989594788	-138.3731826005	0.3891677875	-0.1088999573	0.0003198480
-0.1056915710	-141.4833193617	0.3817974326	-0.1111276180	0.0003137883
-0.1115836121	-144.6885670488	0.3867448733	-0.1134744533	0.0003178532
-0.1181865173	-147.4712722800	0.4092870057	-0.1154393008	0.0003363798
-0.1246419189	-148.8734626411	0.4226525303	-0.1162766912	0.0003473638
-0.1310261536	-151.8620629356	0.3977938603	-0.1184214387	0.0003269291
-0.1361424011	-153.2412945049	0.4000584891	-0.1193053218	0.0003287889
-0.1420372253	-154.5590885453	0.3724441146	-0.1201007073	0.0003060886
-0.1481339417	-156.0592204473	0.5143298308	-0.1210361037	0.0004227113
-0.1547510315	-157.6843760413	0.4056262794	-0.1220488593	0.0003333590
-0.1615241760	-159.2986086548	0.4604904308	-0.1230450203	0.0003784534
-0.1684886047	-160.7308255170	0.3679175702	-0.1238822446	0.0003023571
-0.1754609680	-161.7124442256	0.4143502214	-0.1243487313	0.0003405218
-0.1803084351	-162.5570197971	0.4068284620	-0.1248062951	0.0003343369
-0.1864268127	-163.2148994117	0.3492760260	-0.1250483801	0.0002870246
-0.1940680603	-164.5849649747	0.4654492663	-0.1258014869	0.0003825174
-0.2015757324	-165.5562667959	0.3506881710	-0.1262333662	0.0002881773
-0.2081626953	-166.4634331714	0.4456037888	-0.1266574709	0.0003661983
-0.2146326904	-167.1068783613	0.4357967846	-0.1268705301	0.0003581337
-0.2211727905	-167.7572656155	0.3928567343	-0.1270858732	0.0003228318
-0.2267483276	-168.8555048184	0.3823662329	-0.1277163889	0.0003142047
-0.2348484131	-169.0425460398	0.3814182243	-0.1274747628	0.0003134206
-0.2418525635	-169.6272291929	0.4130565981	-0.1276134534	0.0003394259
-0.2483170898	-170.5598926936	0.4004740126	-0.1280644904	0.0003290782
-0.2549312744	-170.9664492346	0.4365558908	-0.1280758110	0.0003587367
-0.2611270264	-171.3512908135	0.3614167513	-0.1280897072	0.0002969599
-0.2673286133	-172.0608166580	0.4429366811	-0.1283701794	0.0003639750
-0.2746872681	-172.4344276623	0.4396349773	-0.1283180850	0.0003612564
-0.2805963867	-172.9351570687	0.4525046036	-0.1284412206	0.0003718329
-0.2875099976	-173.0849692452	0.4196984838	-0.1282269063	0.0003448581
-0.2922604980	-173.3851896479	0.3746734984	-0.1282417929	0.0003078366
-0.2985537354	-174.3297280638	0.4202589176	-0.1287109504	0.0003453114
-0.3056517700	-174.3602926286	0.3541747406	-0.1283896239	0.0002909712
-0.3125691406	-174.8901071575	0.3845138543	-0.1284874532	0.0003159118
-0.3187732666	-174.9331240974	0.4330963644	-0.1282199922	0.0003558516
-0.3251535034	-175.4693363992	0.4122811479	-0.1283492967	0.0003387329
-0.3303228394	-175.6022097351	0.4219707446	-0.1282061964	0.0003466958
-0.3366787720	-175.8293956562	0.4135946181	-0.1280826959	0.0003398039
-0.3432749878	-176.1166524768	0.4452458126	-0.1279968402	0.0003658228
-0.3496443848	-176.6419734867	0.3498849538	-0.1281177222	0.0002874038
-0.3570246826	-176.6807945416	0.4824705952	-0.1277894048	0.0003964184
-0.3639548828	-177.0951140828	0.4092914159	-0.1277916815	0.0003362430
-0.3700295288	-177.2246404979	0.3589639564	-0.1276016431	0.0002948503
-0.3761322632	-177.5364099512	0.4544508775	-0.1275600209	0.0003733659
-0.3829594971	-177.8003865580	0.3410871085	-0.1274437552	0.0002801336
-0.3886849487	-177.8461660086	0.4563542785	-0.1272019283	0.0003749207
-0.3956565796	-177.9526332345	0.4201600661	-0.1269491565	0.0003451522
-0.4026516235	-178.3760194992	0.3845100886	-0.1269557203	0.0003158274
-0.4098015015	-178.8901748649	0.4854900333	-0.1270293306	0.0003988604
-0.4156397461	-178.5028314591	0.5190910027	-0.1264260112	0.0004264837
-0.4234508789	-178.6133328750	0.4315609400	-0.1261355799	0.0003545019
-0.4291597168	-179.3840866842	0.4019103268	-0.1264904263	0.0003301110
-0.4359344971	-178.9394974876	0.4141200724	-0.1257943447	0.0003401460
-0.4429174805	-179.1278004498	0.4019920031	-0.1256082803	0.0003301637
-0.4484155273	-179.6355172882	0.4628687194	-0.1257572229	0.0003802248
-0.4544316406	-179.8777946224	0.3303602406	-0.1256627124	0.0002712224
-0.4605951172	-179.7880233821	0.4156707823	-0.1252880957	0.0003413956
-0.4674335693	-179.6325063058	0.4439061461	-0.1248264971	0.0003646113
-0.4743140137	-179.8327267267	0.4642062686	-0.1246552326	0.0003812998
-0.4805850098	-180.0101945730	0.4666282815	-0.1244950140	0.0003832854
-0.4869494629	-180.1802277581	0.4705895815	-0.1243241233	0.0003865369
-0.4931233154	-180.0930763172	0.4780976989	-0.1239511534	0.0003927056
-0.4995582275	-180.4980459828	0.4363124736	-0.1239699199	0.0003583312
-0.5056850342	-180.7989540989	0.4176085728	-0.1239181957	0.0003429387
-0.5132022949	-180.5046810461	0.4324810277	-0.1233094205	0.0003551642
-0.5199682129	-181.3394317338	0.4068800428	-0.1236652715	0.0003340955
-0.5257119141	-181.3157194519	0.4287134203	-0.1233654380	0.0003520502
-0.5325636230	-181.4753310773	0.4853805635	-0.1231621993	0.0003986547
-0.5391919434	-181.0916812357	0.4513037111	-0.1225233528	0.0003706176
-0.5455632812	-181.3734275727	0.4568732574	-0.1224439440	0.0003751917
-0.5521560547	-181.7274776678	0.3868402523	-0.1224131543	0.0003175646
-0.5585392090	-181.6189589239	0.3536173173	-0.1220124066	0.0002902127
-0.5653570313	-181.3857777041	0.4747763612	-0.1214879821	0.0003898959
-0.5721159912	-181.7920255130	0.4466761382	-0.1214919827	0.0003667711
-0.5786220215	-181.9657694545	0.4557375197	-0.1213172317	0.0003742178
-0.5853667480	-181.8375441042	0.4969168132	-0.1208826390	0.0004080854
-0.5913740967	-181.7855450986	0.4200535954	-0.1205466881	0.0003448414
-0.5976200195	-181.7448982902	0.4361238927	-0.1202084231	0.0003580563
-0.6028864502	-182.0209641851	0.4997669968	-0.1201782749	0.0004104096
-0.6090091309	-182.5015384225	0.4428307369	-0.1202744211	0.0003635597
-0.6161416504	-182.5418094808	0.4372010348	-0.1199593893	0.0003589176
-0.6233879883	-182.4673888390	0.4518584450	-0.1195445361	0.0003709687
-0.6297259766	-182.6736756331	0.5591890483	-0.1194047342	0.0004592579
-0.6346957764	-182.6734154687	0.4124377429	-0.1191619496	0.0003385118
-0.6404990723	-182.6479762948	0.4699279194	-0.1188577880	0.0003858139
-0.6467268066	-183.1627691297	0.4228220977	-0.1189769312	0.0003470407
-0.6527746582	-182.5676132413	0.4485175357	-0.1181925783	0.0003681790
-0.6600009277	-183.0477018841	0.5013186180	-0.1182344603	0.0004116161
-0.6671051270	-183.3463732189	0.5123260306	-0.1181331921	0.0004206634
-0.6737321289	-183.0708237562	0.4548164241	-0.1175832586	0.0003733329
-0.6803378174	-182.8902360767	0.4328914421	-0.1171124152	0.0003552779
-0.6865917969	-183.2302759074	0.3994968167	-0.1170866465	0.0003277767
-0.6931197754	-182.8939413001	0.3870661530	-0.1164915864	0.0003175301
-0.7003776367	-183.0647184122	0.4813122672	-0.1162777008	0.0003950998
-0.7074490234	-183.3212304742	0.5067824042	-0.1161433831	0.0004160492
-0.7136058838	-183.7047331680	0.4387860485	-0.1161580771	0.0003600784
-0.7207177246	-183.4886041434	0.5681504019	-0.1156333172	0.0004665237
-0.7270773193	-183.6918521269	0.4023314897	-0.1154899632	0.0003300415
-0.7299410889	-183.2957722647	0.5494322708	-0.1150246442	0.0004511122
-0.7270228760	-183.0861886751	0.4708626373	-0.1149948207	0.0003864609
-0.7220609619	-183.3174338929	0.3810170823	-0.1154270690	0.0003124965
-0.7158580566	-183.0964047899	0.4160253116	-0.1155481607	0.0003413365
-0.7101551025	-183.2031773109	0.5014999834	-0.1159142733	0.0004116988
-0.7030066162	-183.4600132716	0.4964991432	-0.1164742791	0.0004075935
-0.6957716309	-183.0932427825	0.4449436853	-0.1165259596	0.0003651746
-0.6890302979	-182.8947627835	0.4557910950	-0.1166918648	0.0003741128
-0.6819023682	-183.0492851424	0.4216322790	-0.1171667749	0.0003460076
-0.6752720215	-183.2131928942	0.4840869882	-0.1176251124	0.0003974178
-0.6689690186	-183.0608383437	0.5117421000	-0.1178075340	0.0004201806
-0.6618483887	-183.0717958611	0.4452055652	-0.1181640907	0.0003654405
-0.6561050537	-182.9177853877	0.4696717022	-0.1183178345	0.0003855821
-0.6489959717	-182.7421973772	0.5029823012	-0.1185205042	0.0004129988
-0.6429862061	-182.5721700417	0.6076416951	-0.1186740878	0.0004990955
-0.6366416016	-182.8631883715	0.3991573141	-0.1192229518	0.0003275777
-0.6291608154	-182.5219679308	0.4891239072	-0.1193076293	0.0004016222
-0.6237446289	-182.7986222484	0.4317126901	-0.1197993723	0.0003543907
-0.6169349365	-183.0276710222	0.2756361633	-0.1203200035	0.0002258767
-0.6113014893	-182.3911139599	0.4237900297	-0.1200717747	0.0003478885
-0.6045975586	-182.3059066784	0.4002822738	-0.1203289541	0.0003285520
-0.5987220703	-181.9579990491	0.4538866598	-0.1203297824	0.0003726698
-0.5923083252	-181.9007023980	0.4528728019	-0.1205957381	0.0003718439
-0.5853787842	-181.8571062507	0.4793292462	-0.1208981299	0.0003936177
-0.5777905762	-182.2479269003	0.5580934571	-0.1215897212	0.0004584113
-0.5714897461	-182.0901710817	0.4384477661	-0.1217675974	0.0003600023
-0.5662559326	-182.2939555766	0.5374189690	-0.1221905466	0.0004414195
-0.5599086426	-182.4274586004	0.4091303304	-0.1226100786	0.0003358956
-0.5541976807	-181.9049173213	0.4357264834	-0.1224593437	0.0003577851
-0.5474649902	-182.1922816818	0.4534948039	-0.1230241466	0.0003724103
-0.5399271973	-181.9385243467	0.4320423233	-0.1231834932	0.0003547716
-0.5338283691	-181.7262648837	0.4335171032	-0.1233067129	0.0003559922
-0.5276143066	-181.5512118996	0.4239013274	-0.1234661374	0.0003480893
-0.5210019531	-181.0888138969	0.4828992559	-0.1234088308	0.0003966261
-0.5146232178	-181.5070462707	0.4916256851	-0.1240639190	0.0004038098
-0.5075435791	-181.0185669491	0.3606228328	-0.1240079836	0.0002960521
-0.5015241943	-181.3971584391	0.3972298219	-0.1246129511	0.0003261791
-0.4950124023	-180.7747358108	0.3753626206	-0.1244192106	0.0003081968
-0.4889207031	-181.0457953593	0.4921317695	-0.1249393263	0.0004042514
-0.4826719238	-180.9526090979	0.4160319569	-0.1251677322	0.0003416683
-0.4758028076	-180.4841020497	0.4172826834	-0.1251179369	0.0003427048
-0.4686745605	-181.1159980514	0.3833632695	-0.1259852198	0.0003148113
-0.4618218994	-180.5949244693	0.3964798823	-0.1258914165	0.0003256090
-0.4558187256	-180.3215830819	0.4071523662	-0.1259597636	0.0003343942
-0.4493334473	-179.9127203042	0.3514264997	-0.1259402557	0.0002885615
-0.4429449463	-179.6620561026	0.5012883559	-0.1260460488	0.0004118231
-0.4358544922	-179.7833845397	0.4068247784	-0.1264918474	0.0003341460
-0.4286582764	-180.1910842802	0.5472406143	-0.1271781791	0.0004496187
-0.4211842041	-179.8837163270	0.4417515694	-0.1272903526	0.0003628844
-0.4147443604	-179.1645487103	0.4226203188	-0.1270135849	0.0003471576
-0.4091264893	-179.7078733741	0.3731359856	-0.1277343505	0.0003064658
-0.4027421631	-178.8234525869	0.4235313267	-0.1273190501	0.0003479181
-0.3964732544	-178.4680987337	0.4577952180	-0.1273329608	0.0003760991
-0.3902321045	-179.0008662146	0.4148056648	-0.1280754709	0.0003407541
-0.3829103271	-178.3095378245	0.3905227548	-0.1278646308	0.0003207917
-0.3770228027	-178.7175137459	0.4694290679	-0.1284873136	0.0003856807
-0.3710142944	-178.3538971979	0.4739215139	-0.1284817232	0.0003893791
-0.3651455322	-178.2386413280	0.4824936501	-0.1286734417	0.0003964314
-0.3585411499	-177.6718977140	0.4039655979	-0.1285299835	0.0003318682
-0.3521231567	-177.7396878220	0.4617741846	-0.1288989564	0.0003794057
-0.3446546631	-176.8019143828	0.3942921753	-0.1284927221	0.0003239258
-0.3380069580	-177.1675546882	0.4104207380	-0.1291177125	0.0003371931
-0.3318286865	-176.6218646270	0.4232521549	-0.1289707604	0.0003477482
-0.3245755981	-176.1519460644	0.3971809309	-0.1289385462	0.0003263176
-0.3171065063	-175.8045790293	0.3925629723	-0.1290176010	0.0003225265
-0.3106047607	-175.5274782959	0.3968536185	-0.1291071932	0.0003260593
-0.3037258789	-175.3677560673	0.4268372345	-0.1293116673	0.0003507162
-0.2974529053	-174.8079652612	0.3440814792	-0.1291577479	0.0002826786
-0.2914619019	-174.9381874709	0.4213949127	-0.1295571934	0.0003462502
-0.2852035156	-174.2302712858	0.4122855895	-0.1292808166	0.0003387652
-0.2787210205	-173.8549473898	0.3458764526	-0.1292887386	0.0002841697
-0.2724895264	-173.9405110712	0.3785353846	-0.1296632170	0.0003110262
-0.2656254639	-173.2069069888	0.4102241363	-0.1293952895	0.0003370832
-0.2585871216	-172.9315912039	0.4316248102	-0.1295125394	0.0003546808
-0.2534895508	-172.7450635662	0.4314381937	-0.1296080380	0.0003545304
-0.2476177734	-172.1581013786	0.3942377049	-0.1294122043	0.0003239518
-0.2394704712	-171.3213322320	0.4471414750	-0.1291221182	0.0003674471
-0.2332204224	-170.7169367296	0.3955745055	-0.1289304190	0.0003250592
-0.2271408325	-171.0079084916	0.3937026765	-0.1294663096	0.0003235239
-0.2218140259	-169.7845062917	0.3591023388	-0.1287207811	0.0002950827
-0.2162223633	-169.2473121543	0.3415446474	-0.1285521801	0.0002806520
-0.2080409912	-168.4290290429	0.3404747107	-0.1282789507	0.0002797773
-0.2016403442	-167.6878514240	0.3860948555	-0.1279821797	0.0003172835
-0.1952906738	-167.0307557700	0.3968905918	-0.1277520282	0.0003261610
-0.1892823486	-166.7228925171	0.3929689904	-0.1277922530	0.0003229402
-0.1840193420	-166.0366346784	0.4318370611	-0.1274850939	0.0003548924
-0.1772898071	-164.8298113460	0.4616480182	-0.1268216575	0.0003793993
-0.1714087891	-164.2168997150	0.4411021446	-0.1266049467	0.0003625132
-0.1641604126	-163.0660124043	0.4525508235	-0.1260128087	0.0003719264
-0.1567837463	-161.8255323726	0.4628584980	-0.1253532953	0.0003804015
-0.1512567078	-160.6206163252	0.3922533119	-0.1246327339	0.0003223680
-0.1438964783	-159.3745383421	0.4041946923	-0.1239678173	0.0003321861
-0.1372881653	-157.5423737781	0.3803417685	-0.1227844910	0.0003125820
-0.1320613525	-156.5418148938	0.4345608408	-0.1222172386	0.0003571497
-0.1252765076	-155.0052531970	0.4772923589	-0.1212854871	0.0003922746
-0.1193788574	-153.5011350944	0.4171714191	-0.1203370982	0.0003428601
-0.1122617188	-151.5515043146	0.3522050268	-0.1190820607	0.0002894629
-0.1052621155	-149.8344717230	0.3837518153	-0.1180124608	0.0003153948
-0.0989382080	-147.4342930673	0.4035149204	-0.1163483974	0.0003316405
-0.0925609711	-144.4726518935	0.3131829395	-0.1142254663	0.0002573944
-0.0865972473	-142.4574629949	0.3855902716	-0.1128602490	0.0003169104
-0.0791928009	-138.5040186399	0.4247152694	-0.1099722837	0.0003490698
-0.0734396027	-135.9007327489	0.3242336252	-0.1081134291	0.0002664822
-0.0666235321	-131.4343505598	0.4438382582	-0.1047751579	0.0003647895
-0.0615857208	-127.4689949327	0.4384424891	-0.1017618896	0.0003603553
-0.0538159973	-122.2367540870	0.4397782025	-0.0978406996	0.0003614542
-0.0474054337	-117.7758148953	0.3866120517	-0.0944871096	0.0003177568
-0.0413366486	-110.0114154192	0.4188465852	-0.0884016964	0.0003442515
-0.0349616791	-100.9030481617	0.4234229481	-0.0812266094	0.0003480134
-0.0295716324	-93.5460681059	0.4747397406	-0.0754429291	0.0003901916
-0.0237003708	-85.4867042242	0.4573520701	-0.0691054412	0.0003759009
-0.0172155304	-71.5793933737	0.4119081254	-0.0579914253	0.0003385504
-0.0108215790	-60.5886813774	0.4781485640	-0.0492701501	0.0003929942
-0.0046185968	-44.0477698070	0.4304040630	-0.0359777987	0.0003537526
0.0025600718	-26.7653183225	0.4133001907	-0.0221235918	0.0003396949
0.0079009254	-14.8253334174	0.4369546991	-0.0125707006	0.0003591366
0.0132709023	-3.3338272137	0.4390730316	-0.0033878393	0.0003608776
0.0195160309	8.5794754901	0.4058208366	0.0060989848	0.0003335471
0.0255389641	27.9758808422	0.4539082388	0.0217470782	0.0003730703
0.0306217911	40.4767918480	0.5338288506	0.0317735932	0.0004387575
0.0377555359	60.1158868609	0.4452281322	0.0475669377	0.0003659351
0.0437725479	71.9910050510	0.4913378072	0.0570335117	0.0004038327
0.0505119217	88.2497951190	0.4366342710	0.0700678044	0.0003588705
0.0564976074	96.8872101734	0.3754471046	0.0768748124	0.0003085790
0.0632210876	108.0872565109	0.4309513806	0.0857520573	0.0003541980
0.0707290161	117.4057324446	0.4568546958	0.0930445358	0.0003754874
0.0768402588	125.1121000207	0.3432884132	0.0990801798	0.0002821433
0.0825664337	128.8020054297	0.3495090105	0.1018334550	0.0002872549
0.0889247559	132.7339304992	0.3549932820	0.1047547937	0.0002917611
0.0952996155	137.5060371976	0.3699965436	0.1083658774	0.0003040913
0.1031698242	141.6116501537	0.3952747811	0.1113561780	0.0003248666
0.1093696228	143.9265002080	0.3168762489	0.1129561667	0.0002604249
0.1156188965	147.4246350522	0.4095380778	0.1155262922	0.0003365869
0.1217544312	148.7556049498	0.4060084432	0.1163207583	0.0003336840
0.1282276978	151.8917651936	0.3689853278	0.1185824409	0.0003032505
0.1349430359	153.8264626796	0.4530845550	0.1198448161	0.0003723745
0.1408672424	155.6406063385	0.4567971368	0.1210467214	0.0003754243
0.1472001953	157.1488677465	0.3583893140	0.1219772691	0.0002945338
0.1538077393	159.3431822563	0.4429130333	0.1234582870	0.0003640080
0.1605665771	159.8046420187	0.4031239491	0.1235076727	0.0003312999
0.1671684265	161.1877812264	0.4325974202	0.1243222568	0.0003555241
0.1741528503	162.1038300393	0.3250642286	0.1247342624	0.0002671277
0.1797808777	163.0810869304	0.3953931409	0.1252627798	0.0003249372
0.1862756775	164.5288233804	0.4173402979	0.1261356819	0.0003429751
0.1928698975	165.4984644917	0.3827713316	0.1266107809	0.0003145558
0.1993874146	166.4353687909	0.4109682882	0.1270627170	0.0003377313
0.2059755981	167.3232579193	0.3741573123	0.1274709180	0.0003074680
0.2128577881	167.9342800117	0.4195043742	0.1276372095	0.0003447417
0.2196836426	168.8528476281	0.4313216977	0.1280590249	0.0003544526
0.2254323364	169.1790063735	0.3518264720	0.1280465097	0.0002890990
0.2313119019	169.6523985392	0.4489725855	0.1281486191	0.0003689565
0.2376189697	170.6145027951	0.4095238663	0.1286315391	0.0003365242
0.2440415649	170.9980711511	0.3800331296	0.1286333169	0.0003122763
0.2511392700	171.6368183402	0.4430964977	0.1288118768	0.0003641156
0.2587534912	172.0998856263	0.4036232512	0.1288208333	0.0003316608
0.2649781860	172.6288252220	0.4007769909	0.1289517522	0.0003293169
0.2710119751	173.4363977037	0.3913942145	0.1293209997	0.0003215991
0.2776106201	173.2936200989	0.3952293368	0.1288815766	0.0003247477
0.2838724731	174.0986542493	0.4015072124	0.1292376062	0.0003299047
0.2905771240	174.5699627395	0.3936857313	0.1292977315	0.0003234695
0.2957842651	174.3723757741	0.3719399908	0.1288811779	0.0003055864
0.3025886841	174.9714272706	0.4370480653	0.1290414266	0.0003591118
0.3105473999	175.4835254099	0.3965551715	0.1290738676	0.0003258140
0.3171751099	175.8919222411	0.4060609270	0.1290860407	0.0003336246
0.3226875122	175.9122722950	0.3992210916	0.1288337119	0.0003279966
0.3283401367	176.2172764461	0.4305302868	0.1288084986	0.0003537349
0.3349360352	176.6466180892	0.3888751822	0.1288394390	0.0003194797
0.3404954712	176.4467745875	0.4384049427	0.1284038356	0.0003602003
0.3474132202	176.5951458938	0.4115833474	0.1281881350	0.0003381415
0.3532753784	177.1777638034	0.5021122654	0.1283808676	0.0004125696
0.3595756348	177.5352122805	0.4390135458	0.1283671485	0.0003606860
0.3665768799	177.5728083644	0.4755021157	0.1280563254	0.0003906820
0.3728225708	177.6988361842	0.4254029946	0.1278550630	0.0003494837
0.3794538452	177.9861913430	0.4954289679	0.1277675769	0.0004070561
0.3864715820	178.1218293847	0.3867307594	0.1275365305	0.0003176698
0.3932126465	178.4551662032	0.4397217279	0.1274814783	0.0003612403
0.3997339233	179.0232831072	0.4932842409	0.1276301215	0.0004052772
0.4057350952	179.0250415632	0.4961062547	0.1273386558	0.0004075928
0.4121767822	179.3343007454	0.4049265364	0.1272784264	0.0003326089
0.4199503906	179.6037522820	0.4018559151	0.1271204690	0.0003300757
0.4269516113	180.0860953347	0.3949310329	0.1271751884	0.0003243731
0.4329782959	180.0740734051	0.4581426569	0.1268711512	0.0003763527
0.4397037354	179.7105336083	0.3637630691	0.1262440931	0.0002987219
0.4454651611	180.1484176824	0.4078479043	0.1263227844	0.0003349774
0.4531061279	180.6088010030	0.4159362754	0.1263282295	0.0003416219
0.4595040039	180.1513500450	0.4040593775	0.1256399730	0.0003318461
0.4658607178	180.2091914394	0.4838153976	0.1253772487	0.0003974342
0.4711364502	180.3356372913	0.4126026744	0.1252236725	0.0003388604
0.4781160645	181.1153168421	0.5498833426	0.1255238299	0.0004517519
0.4844758057	180.9230898919	0.4560993435	0.1250554245	0.0003746221
0.4905777344	181.3039778803	0.5175636648	0.1250706507	0.0004251642
0.4976513184	181.2484158116	0.4473894857	0.1246797294	0.0003674445
0.5032330566	181.7813858281	0.5567560095	0.1248453430	0.0004573816
0.5094750244	181.8971176038	0.5628008870	0.1246357999	0.0004623469
0.5147289307	181.5563172145	0.4626176896	0.1240992554	0.0003799513
0.5223143799	181.5478132259	0.3734163027	0.1237220280	0.0003065593
0.5292360596	181.4709396756	0.4892354077	0.1233210049	0.0004018288
0.5365862549	181.8833267073	0.4703281519	0.1233011938	0.0003862695
0.5432209961	182.1098445256	0.4360193806	0.1231635358	0.0003580394
0.5495665527	182.1053954094	0.4640040170	0.1228501589	0.0003810528
0.5563015625	182.0377831762	0.4487802362	0.1224658590	0.0003685215
0.5630676514	182.1265076939	0.4346438775	0.1222085365	0.0003568833
0.5695787598	181.7710221500	0.5071203748	0.1215985595	0.0004164959
0.5764410645	182.5386148591	0.5033910783	0.1218945083	0.0004134209
0.5825462402	182.3464470119	0.4786064884	0.1214385766	0.0003930265
0.5886657227	182.6546096778	0.4629511742	0.1213931725	0.0003801401
0.5949347412	182.5922075193	0.4510640128	0.1210358993	0.0003703523
0.6015143799	182.8585255796	0.4411527636	0.1209336429	0.0003621890
0.6081418457	182.8869207379	0.4750735742	0.1206335013	0.0003900890
0.6148249023	182.6841670911	0.4839269712	0.1201406633	0.0003973644
0.6213233643	182.9451301939	0.4824950573	0.1200379678	0.0003961783
0.6277913330	182.7911051077	0.4729354921	0.1195956784	0.0003883051
0.6329258789	183.2958307317	0.4115433228	0.1197599047	0.0003377783
0.6401510742	183.5108595267	0.5681368521	0.1195839843	0.0004666063
0.6475217529	183.5669157099	0.4986469126	0.1192703021	0.0004094339
0.6536692871	183.2831351539	0.4962886790	0.1187370057	0.0004074858
0.6584105225	183.3192527483	0.5545284604	0.1185352763	0.0004553921
0.6644943115	183.2998056441	0.3964614021	0.1182223491	0.0003253141
0.6701260742	183.4386415243	0.5152413970	0.1180615789	0.0004230581
0.6769866699	183.6250623204	0.4595593239	0.1178799411	0.0003772314
0.6831910400	183.6943292614	0.4755714474	0.1176340432	0.0003903996
0.6904158447	183.6823170459	0.4489607043	0.1172715350	0.0003684890
0.6966071533	183.5019628047	0.4584213513	0.1168211090	0.0003762664
0.7026471680	183.8404679220	0.4588991412	0.1168045223	0.0003766507
0.7094623535	183.6447384586	0.4579089888	0.1163110084	0.0003758255
0.7162647705	183.9342020903	0.4369100450	0.1162169020	0.0003585298
0.7234310791	183.5657076258	0.4263918101	0.1155642532	0.0003498589
0.7299456787	183.6756823755	0.4931731915	0.1153366715	0.0004048186
0.7263461426	183.6889537395	0.4695255620	0.1155232689	0.0003853614
0.7202205811	183.7503333577	0.5164873717	0.1158726997	0.0004240177
0.7141302246	183.7397004813	0.4779466258	0.1161612245	0.0003923103
0.7081531982	183.4770360345	0.4313972622	0.1162370709	0.0003540045
0.7021487061	183.3284074546	0.5192690006	0.1164079849	0.0004263306
0.6960274658	183.4270444453	0.4343162206	0.1167878269	0.0003564265
0.6901444824	183.4584297169	0.4520387521	0.1171007651	0.0003710228
0.6844479004	183.5082200365	0.4593369696	0.1174197325	0.0003770377
0.6765507080	183.4866241087	0.4506018671	0.1177874364	0.0003698602
0.6700576660	183.6204356559	0.6349491825	0.1182143359	0.0005215268
0.6632589355	183.3133008717	0.4769903935	0.1182937383	0.0003915946
0.6566339355	183.4044954026	0.5287845717	0.1186920513	0.0004342166
0.6506550293	183.2507107250	0.5263996391	0.1188574787	0.0004322619
0.6454204346	182.8683316882	0.5104237437	0.1187986933	0.0004191254
0.6391350830	183.0572643828	0.4181702831	0.1192607602	0.0003432233
0.6334232178	182.8583953905	0.5358900998	0.1193760984	0.0004400891
0.6264308838	182.7861633660	0.4651039247	0.1196580189	0.0003818632
0.6198514648	183.0432053981	0.4388728612	0.1201904186	0.0003602882
0.6140702881	182.6804326656	0.5038967721	0.1201744259	0.0004137937
0.6065988525	182.5512151061	0.5126479336	0.1204328940	0.0004210012
0.5996055908	182.4577733634	0.4452541156	0.1206974274	0.0003655661
0.5932691895	183.0221901409	0.5408139785	0.1214705994	0.0004441836
0.5865402832	182.6006007444	0.4429894958	0.1214525226	0.0003637198
0.5800212646	182.2287727963	0.3994699749	0.1214651007	0.0003279188
0.5741767334	182.2699068061	0.5010939693	0.1217841746	0.0004115340
0.5677060547	182.0316843952	0.4821816489	0.1219042048	0.0003959847
0.5611088135	182.2339252851	0.5044858794	0.1223924328	0.0004143382
0.5548877686	182.1307378294	0.4278358535	0.1226112650	0.0003512925
0.5487437988	182.0857221222	0.4427445173	0.1228741470	0.0003635653
0.5428459473	182.0216012114	0.4863160538	0.1231093136	0.0003994131
0.5365969482	182.1464813389	0.3841929946	0.1235169608	0.0003154076
0.5302576660	181.8061425119	0.4615624645	0.1235466473	0.0003790663
0.5236465088	181.7303426444	0.4540765909	0.1238070306	0.0003729162
0.5164788818	181.7198143872	0.4970633695	0.1241482218	0.0004082801
0.5103119141	181.4271712078	0.4524647895	0.1242086993	0.0003716052
0.5040037354	181.2158041948	0.4482733946	0.1243428707	0.0003681646
0.4968909668	181.3392841120	0.4171054714	0.1247915268	0.0003425351
0.4904117188	181.2995214866	0.4189221041	0.1250750910	0.0003440369
0.4840411377	181.1961324860	0.4409427181	0.1253010562	0.0003621566
0.4781060303	180.8648756540	0.4328915973	0.1253184799	0.0003555409
0.4712115234	181.2896260331	0.4188824989	0.1260040996	0.0003440257
0.4652144287	180.7325564323	0.4257583879	0.1258389514	0.0003496876
0.4587530029	180.6562409821	0.4011626944	0.1260916027	0.0003294643
0.4522668701	180.2246943159	0.4346144243	0.1260534924	0.0003569848
0.4460194336	180.2911979726	0.5257693696	0.1264130832	0.0004319506
0.4387117187	179.8329493361	0.4948156468	0.1263931269	0.0004065043
0.4328656494	179.8351103126	0.4787449904	0.1266802436	0.0003932945
0.4268469482	179.8155006339	0.5165284072	0.1269578929	0.0004243678
0.4201251709	179.4565682781	0.5014877379	0.1269909664	0.0004120061
0.4139915039	179.3804333047	0.3901921499	0.1272277684	0.0003204890
0.4081806885	179.5303343293	0.4261260311	0.1276345932	0.0003500468
0.4008864868	179.5035595267	0.3906090263	0.1279686093	0.0003208451
0.3940302246	179.1015343628	0.3636616881	0.1279728285	0.0002986893
0.3882661133	178.9233646316	0.4130198205	0.1281077297	0.0003392873
0.3811966309	178.8269735345	0.4254405219	0.1283735592	0.0003495073
0.3744569946	178.7558016283	0.4263498723	0.1286440171	0.0003502609
0.3681844360	178.1394996925	0.4398164118	0.1284436306	0.0003613392
0.3613078003	177.8841605506	0.3449722853	0.1285694067	0.0002833519
0.3544255493	177.9999698277	0.4348249452	0.1290005069	0.0003572460
0.3484321533	177.4162349497	0.4550877133	0.1288132619	0.0003739109
0.3413461304	176.7419228816	0.4364429378	0.1286049007	0.0003585865
0.3352131348	177.0194632660	0.5423056980	0.1291323586	0.0004456250
0.3277187134	176.9534228056	0.4253296127	0.1294438744	0.0003494594
0.3219784912	176.8220593130	0.3867831339	0.1296160800	0.0003177702
0.3166238892	176.3307637362	0.3790244935	0.1294736327	0.0003113950
0.3109935425	175.8087843480	0.4027071207	0.1293194249	0.0003308718
0.3037351440	175.5722061969	0.3963568947	0.1294792543	0.0003256561
0.2967543823	175.4881962214	0.4118970573	0.1297509296	0.0003384379
0.2912651001	174.8955829086	0.5294201441	0.1295317820	0.0004350571
0.2846749268	174.5669728721	0.3947014221	0.1295833543	0.0003243087
0.2789814697	174.4444199756	0.3862342981	0.1297605188	0.0003173514
0.2739100830	173.9606203045	0.4144457621	0.1296104090	0.0003405486
0.2682638428	174.0209514735	0.3997520913	0.1299355829	0.0003284722
0.2610281982	173.1062328918	0.3549987483	0.1295369324	0.0002916833
0.2544793457	173.1549086709	0.3731397250	0.1298965822	0.0003066024
0.2479111694	172.3543426560	0.4137071601	0.1295591763	0.0003399573
0.2422538818	171.6664588064	0.3978831484	0.1292699252	0.0003269519
0.2362595459	171.5454386227	0.5045779492	0.1294630351	0.0004146631
0.2300089722	170.8669969112	0.3696265736	0.1292105022	0.0003037297
0.2217711060	170.2436629942	0.4183255937	0.1291002607	0.0003437682
0.2146877930	169.3676423480	0.3695132673	0.1287259813	0.0003036455
0.2087967163	168.9391267095	0.4022338392	0.1286613181	0.0003305467
0.2022046570	168.3758636593	0.3699972804	0.1285201191	0.0003040502
0.1963599060	167.3862845664	0.3591598222	0.1279920521	0.0002951443
0.1883137268	166.7153090197	0.3883648524	0.1278332975	0.0003191560
0.1815755310	165.8757584739	0.4181002276	0.1274721483	0.0003436018
0.1763087769	165.2875121071	0.4620390847	0.1272457286	0.0003797211
0.1699435913	164.1737478450	0.3918175044	0.1266409946	0.0003220023
0.1645698242	163.3548300731	0.3691687672	0.1262302074	0.0003033873
0.1586951843	161.9366968195	0.3491804403	0.1253513670	0.0002869593
0.1523704102	161.2196833738	0.4000917471	0.1250707534	0.0003288106
0.1463270447	159.9362917412	0.3850209719	0.1243108936	0.0003164250
0.1385898376	158.4067346735	0.3755507288	0.1234313831	0.0003086434
0.1330820435	157.3216013492	0.4214319975	0.1228083327	0.0003463581
0.1267173096	156.0443791882	0.4934858432	0.1220692293	0.0004055843
0.1210751709	153.9295050011	0.4013893655	0.1206063837	0.0003298875
0.1147423767	152.6962320329	0.4683331708	0.1199018435	0.0003849133
0.1084876770	150.0904568203	0.4262901813	0.1180654207	0.0003503580
0.1014883179	148.2411143289	0.3711050167	0.1168870623	0.0003050008
0.0946191193	145.8273715927	0.4480648025	0.1152384656	0.0003682585
0.0881095917	143.0627875614	0.4493026753	0.1132839544	0.0003692772
0.0818741333	140.6774678291	0.4212274313	0.1116277866	0.0003462026
0.0755023621	136.4849955748	0.4651407335	0.1084929584	0.0003822971
0.0691619293	133.6977642090	0.4302210380	0.1065115798	0.0003535968
0.0619899689	128.3474116927	0.3690667725	0.1024641367	0.0003033340
0.0562747650	123.2702740123	0.4487508105	0.0985701483	0.0003688286
0.0492200287	118.4628978238	0.3882429089	0.0949632603	0.0003190970
0.0426402008	110.5376315832	0.4417006498	0.0887705728	0.0003630354
0.0348701111	101.4985094821	0.4342349888	0.0817204934	0.0003569000
0.0285091553	90.1270885091	0.4678431834	0.0726846998	0.0003845234
0.0213497513	76.1648058335	0.5159548495	0.0615584269	0.0004240671
0.0146627235	66.2992376862	0.4161166221	0.0537762214	0.0003420095
0.0097515896	55.2925144302	0.4280639919	0.0449694116	0.0003518292
0.0033157559	37.9263223558	0.4420598624	0.0310101206	0.0003633327
-0.0000007612	26.8023325555	0.3673989734	0.0220290968	0.0003019683
