#Transformed D8 data to q on 2018-12-16 15:59:02.272496
#Used wavelength 1.54055
#Footprint correction using beamsize 0.2 and sample size 17
#q / A-1 	 Counts 	 sqrt(Counts)
0.020643292771584935	0.9773204483304833	0.001927841250807322
0.021355128854181664	0.9904082657857168	0.0019083223441467053
0.022066964774149787	0.9976917298200549	0.001884420634763752
0.022778800526068368	1.004544232077581	0.001861346172954481
0.02349063610451646	1.0149199223083054	0.0018426185587083173
0.024202471504073127	1.0096452823739324	0.0018108488758288536
0.02491430671931743	1.0054701193039273	0.0017813545705323063
0.025626141744828444	0.9872127942129376	0.0017406775261258121
0.026337976575185225	0.9605613540957145	0.0016939167948423052
0.02704981120496684	0.9207614351431934	0.0016367417535667105
0.027761645628752368	0.8492183986460528	0.0015518353258815482
0.028473479841120874	0.7203565573998827	0.0014115090452723096
0.029185313836651426	0.5619539233687593	0.0012316060626881469
0.02989714760992311	0.4752887874657857	0.001119290570745655
0.030608981155515	0.43622699961559375	0.0010599561230036736
0.03132081446800616	0.33562984845523713	0.0009192820077915432
0.032032647541975684	0.25882626684264154	0.0007984054995770175
0.03274448037200264	0.3028262059244514	0.0008543307433558629
0.03345631295266612	0.35754577586033887	0.000918564314106372
0.034168145278545205	0.32821322216799587	0.000871036530338283
0.034879977344218986	0.24359688313071878	0.0007428564264877397
0.03559180914426656	0.14727074338763502	0.0005719133573321241
0.03630364067326699	0.08484885538453406	0.0004299190427322114
0.037015471925799404	0.06636987504693415	0.0003766398006179908
0.03772730289644286	0.08311327623565871	0.00041757557765141336
0.03843913357977649	0.1090030944729646	0.0004738682755047565
0.03915096397037938	0.12921943898302476	0.0005113482741150283
0.039862794062830616	0.12874055166106774	0.0005059397863827237
0.04057462385170931	0.11321906664500053	0.0004703924140534266
0.04128645333159459	0.08743162745442405	0.00040988579163354677
0.041998282497065546	0.06103156077873543	0.000339625491673927
0.042710111342701286	0.039301290549642764	0.0002703243316918632
0.04342193986308093	0.030239383473892833	0.00023522802284747636
0.044133768052783594	0.031189965797305326	0.00023702333796865629
0.0448455959063884	0.038172354526974824	0.0002601941606966881
0.045557423418474456	0.047496682010011594	0.00028803859384766116
0.04626925058362089	0.05406354130060795	0.0003050156574549791
0.04698107739640684	0.05498633015208027	0.0003053524082811313
0.047692903851411415	0.050791409042412264	0.0002913566339351037
0.048404729943213765	0.04359419166860134	0.0002680094597175644
0.049116555666393	0.03377814526205655	0.00023426561818298226
0.0498283810155283	0.024841262864899766	0.000199516953228056
0.05054020598519876	0.018709025998623202	0.00017197568475941998
0.05125203056998355	0.01566666192564466	0.0001563230859392658
0.05196385476446181	0.01581706679846325	0.00015603967369585644
0.05267567856321269	0.01832681550256668	0.00016687656401773886
0.05338750196081532	0.0210281648103907	0.00017761262606522807
0.054099324951848875	0.02348746206757872	0.0001865318375483675
0.05481114753089252	0.02431370083040182	0.00018860868679751883
0.05552296969252541	0.023706915504884903	0.00018510297948227136
0.0562347914313267	0.021727354001104763	0.0001761394315927341
0.05694661274187557	0.01809214313187651	0.0001597762149483701
0.05765843361875119	0.015115515468003009	0.00014518720806745662
0.0583702540565327	0.012387098835214341	0.000130673160638853
0.05908207404979933	0.010320694570585381	0.00011859733971341979
0.05979389359313022	0.008963916110607453	0.00010990606607960994
0.06050571268110459	0.008926075679512967	0.00010906565027509924
0.0612175313083016	0.009304485206246445	0.00011074414098163074
0.061929349469300454	0.010225209933725707	0.00011546724777371715
0.06264116715868033	0.010882767125076749	0.00011848709463643301
0.06335298437102045	0.011030215271814067	0.00011865935570676029
0.0640648011009	0.01112560909886601	0.00011855224939869137
0.06477661734289819	0.010455364339037857	0.00011433628832856188
0.06548843309159422	0.009591004583057307	0.0001089535205914626
0.06620024834156733	0.008541969989527672	0.00010230821322026943
0.06691206308739671	0.007237222501800317	9.370584920975594e-05
0.06762387732366158	0.006425461590100233	8.786352697691036e-05
0.06833569104494118	0.005598554752108276	8.161991082585708e-05
0.06904750424581477	0.0053002148820748005	7.903728863313769e-05
0.06975931692086149	0.004948069434577597	7.600730065000532e-05
0.07047112906466067	0.005076842371157484	7.663212858138312e-05
0.0711829406717915	0.005217130913902556	7.732690144100554e-05
0.07189475173683324	0.005332289250570227	7.782083769739806e-05
0.07260656225436511	0.005238410053354609	7.678675270146186e-05
0.07331837221896642	0.005400683969652339	7.762135561934104e-05
0.07403018162521639	0.005103530501849828	7.512506522017935e-05
0.0747419904676943	0.004859885603274888	7.299232224011393e-05
0.07545379874097938	0.004519447308458247	7.008790600413777e-05
0.07616560643965092	0.004081418797254731	6.632290001127463e-05
0.07687741355828821	0.0036358582904181037	6.23361237998842e-05
0.07758922009147053	0.0034002030892823438	6.003267254738181e-05
0.07830102603377714	0.002965595017328558	5.583548594975821e-05
0.07901283137978733	0.002776885197617882	5.381115852084353e-05
0.0797246361240804	0.0026564331025625554	5.242052591814674e-05
0.08043644026123564	0.0025687408943047612	5.1344020710051934e-05
0.08114824378583237	0.002569035834383969	5.114598381170273e-05
0.08186004669244987	0.0024531965275068368	4.97860877307798e-05
0.0825718489756675	0.0024244175237185736	4.930367207366776e-05
0.08328365063006452	0.0023354351865393728	4.8207129748139764e-05
0.08399545165022025	0.002363396825003557	4.8313143792513944e-05
0.08470725203071407	0.0022155251535124227	4.6603921868875854e-05
0.08541905176612526	0.0021195075995083757	4.541570292087253e-05
0.08613085085103317	0.0019515127120415911	4.342058795144843e-05
0.08684264928001716	0.0017447338656714144	4.0908432739109766e-05
0.08755444704765654	0.0016199826637881161	3.9278799901191744e-05
0.08826624414853067	0.0014686546609081752	3.726781749536121e-05
0.08897804057721892	0.0013194681042389537	3.5201464686688994e-05
0.08968983632830065	0.0012675003415150883	3.4382571647116074e-05
0.09040163139635521	0.0011560604708254795	3.272451802995198e-05
0.09111342577596197	0.0010627133746998554	3.1269803654269795e-05
0.09182521946170033	0.0010382719793501293	3.080505353273402e-05
0.09253701244814964	0.0010069155047790356	3.0236203193468853e-05
0.0932488047298893	0.0009417167740012434	2.914540246919387e-05
0.09396059630149874	0.0008962050626035532	2.8340492484010204e-05
0.09467238715755728	0.0008423934823975305	2.73885745531359e-05
0.09538417729264437	0.0008078665445846443	2.673648032018102e-05
0.09609596670133941	0.000692016928608724	2.4667739440394138e-05
0.09680775537822184	0.0006964681371400432	2.4670167143027144e-05
0.09751954331787104	0.0006722213442473369	2.416249725224452e-05
0.0982313305148664	0.0005904497873243517	2.2576411878788876e-05
0.09894311696378745	0.0005551540059048833	2.1825356064564845e-05
0.09965490265921358	0.000499822287448307	2.0647468381456335e-05
0.10036668759572422	0.00044854770612184387	1.9502074179210603e-05
0.10107847176789882	0.0004316022995136453	1.9074307047612874e-05
0.10179025517031683	0.0003947490295215079	1.8189075155343532e-05
0.10250203779755773	0.00038166055434528195	1.78338265225055e-05
0.10321381964420098	0.000373701591712808	1.759692069216404e-05
0.10392560070482604	0.00033700241355503764	1.666369688844663e-05
0.10463738097401237	0.00033103718513384376	1.6469715527530195e-05
0.10534916044633952	0.0003398140467670491	1.6640765464733706e-05
0.1060609391163869	0.0003201371726695184	1.610784927969277e-05
0.10677271697873404	0.0003063232527170069	1.5714051301397947e-05
0.10748449402796044	0.0003183226943321594	1.5976158064944276e-05
0.10819627025864563	0.00027357415231857627	1.4771615758576679e-05
0.1089080456653691	0.00024199561971854897	1.3856628876209338e-05
0.10961982024271036	0.00023600881045627455	1.364874191624537e-05
0.11033159398524896	0.00022537756958998956	1.3303617290476508e-05
0.11104336688756443	0.00024454966669515616	1.3822764420777292e-05
0.11175513894423629	0.00023088466157432727	1.3397286894327824e-05
0.1124669101498441	0.00018719387159339137	1.2033277818204622e-05
0.11317868049896743	0.00019012199313448496	1.209717273380582e-05
0.11389044998618579	0.0001953241919705015	1.2231675364850694e-05
0.1146022186060788	0.0001920958339865161	1.2100900109996928e-05
0.115313986353226	0.00019876556273718899	1.227977747551687e-05
0.11602575322220694	0.00017894985057550063	1.1624041908886632e-05
0.11673751920760128	0.00019915559544601193	1.2234030977264299e-05
0.11744928430398857	0.00017279953685369752	1.1369374816115335e-05
0.11816104850594841	0.00018466574963218029	1.172628682793614e-05
0.1188728118080604	0.00017048513805616015	1.1241457103841697e-05
0.11958457420490416	0.00015348495096463225	1.0642266552212645e-05
0.12029633569105934	0.00016308679405284835	1.094566893540117e-05
0.12100809626110551	0.00015724869294276387	1.0724271847609554e-05
0.12171985590962232	0.00013835797118841832	1.0037542211060275e-05
0.12243161463118944	0.00013123516691098747	9.754633134670681e-06
0.12314337242038649	0.00012417668839840868	9.468383724697331e-06
0.12385512927179312	0.0001301214574197044	9.671851760121618e-06
0.12456688517998903	0.00011955400181566283	9.251366414738827e-06
0.1252786401395538	0.00013402975644400618	9.775124642084918e-06
0.1259903941450672	0.00011359974898406498	8.980848710326106e-06
0.12670214719110895	0.00010111732316746767	8.455855357209972e-06
0.1274138992722586	0.00011057050613081622	8.824487075195124e-06
0.12812565038309592	0.0001129362793648439	8.900625700935968e-06
0.12883740051820064	0.00011598486932772276	9.002171730269234e-06
0.12954914967215245	9.882909056632772e-05	8.293553046067741e-06
0.13026089783953104	9.42879051693559e-05	8.085121166297791e-06
0.13097264501491618	0.0001015248419455345	8.37362783238408e-06
0.13168439119288758	8.256410832674837e-05	7.537037428476701e-06
0.13239613636802505	8.3626123352474e-05	7.571153466359914e-06
0.1331078805349082	8.126772023088466e-05	7.449799699256113e-06
0.1338196236881169	8.70937194278698e-05	7.698069950775662e-06
0.1345313658222309	8.542201565330039e-05	7.609997996721205e-06
0.13524310693182995	6.957855808931007e-05	6.8557790417852234e-06
0.13595484701149388	8.414020239420227e-05	7.525728487761075e-06
0.1366665860558024	7.445401994417445e-05	7.066862834592921e-06
0.1373783240593354	7.218994989184103e-05	6.946481167140002e-06
0.1380900610166726	7.593844775294238e-05	7.112287271894361e-06
0.13880179692239386	6.0411287620688525e-05	6.332823677961431e-06
0.13951353177107895	6.351606981313122e-05	6.4825817295485475e-06
0.14022526555730777	5.9348031659490705e-05	6.255831823059105e-06
0.14093699827566017	6.76967934004553e-05	6.670363257530791e-06
0.1416487299207159	5.895979703132341e-05	6.2149083000071985e-06
0.14236046048705486	4.440382816592063e-05	5.384755109113743e-06
0.14307218996925694	5.0771438388577514e-05	5.748733367787362e-06
0.14378391836190196	5.515341276648621e-05	5.982227540847585e-06
0.14449564565956985	4.657251615764551e-05	5.488623665331865e-06
0.14520737185684046	4.642891007214745e-05	5.471699525852643e-06
0.14591909694829372	5.0144618880670134e-05	5.677760034451628e-06
0.1466308209285095	5.7043785882836525e-05	6.046629210334344e-06
0.1473425437920677	4.217602490631051e-05	5.191509789299233e-06
0.14805426553354828	4.1414567099311826e-05	5.136844838290107e-06
0.14876598614753114	3.494098287506841e-05	4.711441169740324e-06
0.14947770562859625	4.9409925879871335e-05	5.594572433256502e-06
0.15018942397132354	3.663609657078792e-05	4.8105551546144766e-06
0.15090114117029294	3.905249997879694e-05	4.959672456982148e-06
0.15161285722008444	3.643135815219268e-05	4.7836716831993944e-06
0.152324572115278	3.19464017923527e-05	4.473391018618821e-06
0.1530362858504536	2.9360817697256392e-05	4.2827154237815355e-06
0.15374799842019127	3.488918818489261e-05	4.66226388180534e-06
0.15445970981907092	3.1068432945950834e-05	4.393739923384276e-06
0.1551714200416727	2.9127793928096606e-05	4.248725413674236e-06
0.1558831290825765	2.7197977797133257e-05	4.100249427704904e-06
0.1565948369363624	2.7744978677097087e-05	4.135977223751419e-06
0.15730654359761037	1.9679926547439358e-05	3.4789523787368826e-06
0.15801824906090053	2.3925075456898158e-05	3.831078162560504e-06
0.1587299533208129	1.7134659876004047e-05	3.2381463451131105e-06
0.1594416563719276	1.4040659488714128e-05	2.9276798862641333e-06
0.16015335820882456	1.766091842231018e-05	3.279550218948214e-06
0.160865058826084	2.5517230077923567e-05	3.937394082777058e-06
0.161576758218286	1.8790059667796974e-05	3.374794341735797e-06
0.16228845638001058	1.5118263553319044e-05	3.023652710663809e-06
0.16300015330583792	2.4737416928250568e-05	3.8633354610917766e-06
0.16371184899034805	2.1069790431495292e-05	3.561444605883287e-06
0.1644235434281212	1.8019724126451182e-05	3.289936461359129e-06
0.1651352366137375	2.1576304849055262e-05	3.5960508081758767e-06
0.165846928541777	1.614726363636702e-05	3.107542335710785e-06
0.1665586192068199	1.4322534542330734e-05	2.923575121008074e-06
0.1672703086034464	1.3101396461617597e-05	2.7932271108757318e-06
0.16798199672623668	1.6639947979250882e-05	3.1446545844392575e-06
0.1686936835697709	2.0164366152013977e-05	3.4581602653658928e-06
0.16940536912862922	1.894000152406798e-05	3.3481508783380033e-06
0.17011705339739192	1.2995400939469688e-05	2.7706287896233103e-06
0.17082873637063914	1.1790888064225804e-05	2.6365227226699803e-06
0.17154041804295117	1.5887014868658946e-05	3.0574574370132764e-06
0.17225209840890815	1.468226349789486e-05	2.9364526995789722e-06
0.17296377746309044	7.62049580180326e-06	2.113545258296901e-06
0.17367545520007827	1.1117130511448923e-05	2.550444654818869e-06
0.17438713161445182	1.0512914853287493e-05	2.4779177942654546e-06
0.17509880670079145	1.2826174022183493e-05	2.734549489631242e-06
0.17581048045367736	9.893715021737606e-06	2.399578356728487e-06
0.17652215286768996	9.876603177301739e-06	2.395428124842709e-06
0.17723382393740947	1.1599760578399842e-05	2.5937853176024327e-06
0.17794549365741621	1.1001326991480808e-05	2.5238775053005892e-06
0.1786571620222905	1.2717409391649303e-05	2.7113607924871994e-06
0.17936882902661275	9.811183714351748e-06	2.379561574506592e-06
0.18008049466496323	8.066943499692535e-06	2.155981338165186e-06
0.18079215893192238	8.629639846303443e-06	2.2281634272334115e-06
0.18150382182207042	9.190808756094027e-06	2.2977021890235067e-06
0.18221548332998788	1.0324058390562169e-05	2.433403899110794e-06
0.18292714345025501	8.59063439310134e-06	2.2180922625225436e-06
0.18363880217745235	8.006262740049373e-06	2.1397637229827655e-06
0.1843504595061602	8.565893042095567e-06	2.211704073162008e-06
0.18506211543095905	9.694415340325315e-06	2.351241083927615e-06
0.18577376994642925	4.5558109590549e-06	1.6107224114758544e-06
0.18648542304715132	7.961931057863766e-06	2.127915582545773e-06
0.18719707472770566	6.24754455428752e-06	1.883705558872715e-06
0.1879087249826728	6.8066876625219755e-06	1.9649214771233834e-06
0.1886203738066331	7.931075462214356e-06	2.1196690777325642e-06
0.1893320211941672	1.0750252324743668e-05	2.4662770263747815e-06
0.19004366713985543	5.0860437198982284e-06	1.6953479066327427e-06
0.19075531163827839	7.902229202827631e-06	2.11195959062434e-06
0.1914669546840166	1.2403370912099406e-05	2.6444075636839347e-06
0.19217859627165051	5.068348318903169e-06	1.6894494396343895e-06
0.19289023639576078	6.1877809073217266e-06	1.8656861413191879e-06
0.19360187505092794	5.619166757214648e-06	1.7769365505100677e-06
0.19431351223173238	7.2972009356112705e-06	2.0238793954392485e-06
0.19502514793275494	6.168193662108127e-06	1.8597803646782609e-06
0.19573678214857593	5.601817881897532e-06	1.7714503544256313e-06
0.19644841487377615	6.715605654514596e-06	1.938628366202687e-06
0.1971600461029362	4.472806846264307e-06	1.5813760259655534e-06
0.1978716758306365	6.70299446863704e-06	1.9349878304220835e-06
0.19858330405145797	7.813117017057752e-06	2.0881433571859513e-06
0.199294930759981	7.248689943081653e-06	2.0104248669016188e-06
0.20000655595078634	3.342708303359318e-06	1.3646549503658014e-06
0.2007181796184547	6.67991130149952e-06	1.928324294041786e-06
0.2014298017575667	8.343227228419403e-06	2.154212007286174e-06
0.20214142236270302	7.225212977495331e-06	2.0039135281928655e-06
0.20285304142844443	2.7768530758482186e-06	1.2418464482251992e-06
0.2035646589493715	6.104671098282016e-06	1.8406275910480236e-06
0.20427627492006512	4.991256147232277e-06	1.6637520490774257e-06
0.20498788933510592	7.204760099310624e-06	1.998240920421652e-06
0.20569950218907465	2.769274746472022e-06	1.2384573162969874e-06
0.20641111347655214	6.088630599515072e-06	1.835791198697104e-06
0.20712272319211905	4.978647376394125e-06	1.6595491254647085e-06
0.20783433133035628	4.422947319260302e-06	1.5637480211399108e-06
0.20854593788584455	7.18338337600488e-06	1.992312084115478e-06
0.20925754285316464	3.865971305057393e-06	1.461199806984812e-06
0.20996914622689747	4.9680843090848995e-06	1.6560281030282997e-06
0.2106807480016238	3.3105070534492654e-06	1.3515088451392229e-06
0.21139234817192448	3.3090420365421536e-06	1.3509107544913938e-06
0.21210394673238034	4.4102146273063874e-06	1.5592463347282245e-06
0.21281554367757233	6.061666748828364e-06	1.8276612918215612e-06
0.2135271390020812	2.754291671063078e-06	1.2317566812717067e-06
0.214238732700488	3.854689755085664e-06	1.4569357818950204e-06
0.2149503247673735	1.651486446748729e-06	9.534861445933971e-07
0.21566191519731867	6.604018368101052e-06	1.9064158912781879e-06
0.21637350398490446	5.501880901287598e-06	1.739847506304884e-06
0.21708509112471175	1.6501654266017797e-06	9.527234532559511e-07
0.21779667661132163	2.7496800177914552e-06	1.229694287230905e-06
0.21850826043931484	4.948475933479392e-06	1.6494919778264639e-06
0.2192198426032726	4.397912769284126e-06	1.554896971113857e-06
0.21993142309777572	2.7483065137618445e-06	1.2290800375553893e-06
0.2206430019174053	5.495972693172028e-06	1.7379791668513348e-06
0.2213545790567423	2.747734939226795e-06	1.2288244216524735e-06
0.22206615451036782	3.2970627122935274e-06	1.34602021584598e-06
0.22277772827286285	5.4948765735979554e-06	1.7376325434071386e-06
0.2234893003388085	4.395828807426533e-06	1.5541601793332382e-06
0.22420087070278574	2.747416408111893e-06	1.2286819702072995e-06
0.2249124393593758	4.3960136002167135e-06	1.5542255134507634e-06
0.2256240063031596	4.396270867559594e-06	1.5543164711921278e-06
0.2263355715287184	3.297478565379325e-06	1.346189987157341e-06
0.22704713503063317	3.847475891852744e-06	1.4542091978798292e-06
0.2277586968034852	5.497128225817392e-07	5.497128225817392e-07
0.22847025684185554	3.2987999907639037e-06	1.3467294568115707e-06
0.2291818151403254	4.949108565021466e-06	1.6497028550071557e-06
0.22989337169347587	3.850109863928505e-06	1.4552047457473651e-06
0.2306049264958883	2.2005769694704954e-06	1.1002884847352477e-06
0.2313164795421437	2.751433051711139e-06	1.2304782678331602e-06
0.23202803082682338	3.302656899747114e-06	1.348304033310441e-06
0.23273958034450865	4.40490304653145e-06	1.5573684073358354e-06
0.23345112808978052	4.9571714184666025e-06	1.6523904728222007e-06
0.2341626740572205	5.509946701142562e-06	1.742398136174158e-06
0.2348742182414097	3.858445102551629e-06	1.4583551698209602e-06
0.23558576063692946	3.308593021538622e-06	1.3507274448838093e-06
0.23629730123836104	4.413375037299567e-06	1.5603637083969776e-06
0.23700884004028577	5.519256016760363e-07	5.519256016760363e-07
0.23772037703728494	3.3131602100123287e-06	1.3525919917704265e-06
0.23843191222393997	2.2099008539617126e-06	1.1049504269808563e-06
0.23914344559483208	3.316627036879957e-06	1.3540073179124699e-06
0.2398549771445428	2.212325135238296e-06	1.106162567619148e-06
0.24056650686765332	4.980650272466903e-06	1.6602167574889677e-06
0.24127803475874518	3.32246472048788e-06	1.3563905422656732e-06
0.24198956081239972	2.2163877185696777e-06	1.1081938592848389e-06
0.24270108502319837	3.3267843568467654e-06	1.3581540264246139e-06
0.24341260738572257	4.438764451493135e-06	1.569340221870291e-06
0.2441241278945538	3.331448815803693e-06	1.3600582838197186e-06
0.2448356465442734	3.3339110925951215e-06	1.3610635041104679e-06
0.245547163329463	1.112153494951321e-06	7.864112780003978e-07
0.246258678244704	3.895613540236909e-06	1.4724035187832534e-06
0.24697019128457787	1.6709109690661546e-06	9.647008977822426e-07
0.24768170244366625	3.3446346901066863e-06	1.3654413944621868e-06
0.24839321171655052	3.905458596291563e-06	1.476124600206697e-06
0.24910471909781237	3.350526062603663e-06	1.3678465372125631e-06
0.24981622458203329	1.1178684823208338e-06	7.904523843237758e-07
0.25052772816379487	2.237849662189704e-06	1.118924831094852e-06
0.2512392298376787	3.9200392171243775e-06	1.481635556875919e-06
0.25195072959826637	4.4845109826182335e-06	1.5855140630574502e-06
0.25266222744013955	1.1222745996043808e-06	7.935679797336751e-07
0.25337372335787983	1.6851778759460704e-06	9.729379003098655e-07
0.2540852173460688	2.8116496341735254e-06	1.2574079421848838e-06
0.2547967093992882	3.940644988307395e-06	1.4894238063220572e-06
0.2555081995121198	1.6907523366060356e-06	9.761563166724834e-07
0.2562196876791451	2.821172477519079e-06	1.2616666871968315e-06
0.25693117389494585	2.8245026022060977e-06	1.2631559642315762e-06
0.2576426581541039	3.959075930824179e-06	1.4963900477974764e-06
0.2583541404512009	3.3976791170980047e-06	1.3870966911000278e-06
0.2590656207808187	2.8349667252692094e-06	1.2678356623303845e-06
0.25977709913753877	2.2708913936882775e-06	1.1354456968441388e-06
0.2604885755159433	3.979279229675449e-06	1.5040261770008448e-06
0.26120004991061374	2.8461514242296577e-06	1.2728376117670714e-06
0.26262299272708023	1.141605959115639e-06	8.072373151336409e-07
0.26333446113803977	3.4296843921829346e-06	1.400162789939276e-06
0.26404592754359274	1.7173253725896484e-06	9.914982661508079e-07
0.26475739193832115	3.439717619547529e-06	1.4042588378587069e-06
0.26546885431680656	4.0190333338604284e-06	1.5190518160390744e-06
0.266180314673631	4.600207662244129e-06	1.6264190164195697e-06
0.26689177300337646	1.1518428160182572e-06	8.144758660675185e-07
0.2676032293006249	1.730502284259728e-06	9.991059596506162e-07
0.2683146835599582	2.8888207291730923e-06	1.2919199050483088e-06
0.2690261357759583	3.4722701519884616e-06	1.417548353577987e-06
0.26973758594320724	3.4780612017514817e-06	1.4199125397437312e-06
0.27044903405628695	2.3226392297985317e-06	1.1613196148992659e-06
0.27116048010977956	4.6532852261843165e-06	1.6451847691150542e-06
0.271871924098267	3.4960772841003387e-06	1.4272675745635083e-06
0.27258336601633126	1.7511499073219085e-06	1.011026870383692e-06
0.2732948058585546	5.847720678641379e-07	5.847720678641379e-07
0.27400624361951903	2.3433839848861796e-06	1.1716919924430898e-06
0.2747176792938064	2.9346928839294625e-06	1.3124345563102357e-06
0.27542911287599914	1.7641499066828476e-06	1.0185324235141952e-06
0.27614054436067914	1.767541006024587e-06	1.020490275631997e-06
0.2768519737424287	4.1323088970950225e-06	1.5618659546018614e-06
0.27756340101582994	2.957493300470279e-06	1.322631212570351e-06
0.27827482617546495	2.370747847376265e-06	1.1853739236881324e-06
0.27898624921591597	4.751159399641333e-06	1.6797885149922962e-06
0.2796976701317653	5.356104574281255e-06	1.7853681914270848e-06
0.2804090889175949	1.192741126620854e-06	8.433953388336883e-07
0.2811205055679873	5.976386122936439e-06	1.8898992325102218e-06
0.2818319200775246	5.989270702642351e-06	1.8939736943666878e-06
0.2825433324407891	2.400944536571581e-06	1.2004722682857906e-06
0.283254742652363	1.8046980150344282e-06	1.0419428847861104e-06
0.2839661507068288	2.41166755277823e-06	1.205833776389115e-06
0.28538896032276495	1.8170476035649688e-06	1.0490729230485991e-06
0.28610036187339993	2.428390921179966e-06	1.214195460589983e-06
0.28681176124525626	3.651208822927284e-06	1.490599760086637e-06
0.28752315843291587	6.099939829444662e-07	6.099939829444662e-07
0.2882345534309616	4.2803285020402745e-06	1.6178121065800273e-06
0.2889459462339756	4.290857153594124e-06	1.621791562816076e-06
0.2896573368365405	4.301545532716167e-06	1.6258313903982617e-06
0.2903687252332385	2.464225927124593e-06	1.2321129635622964e-06
0.29108011141865225	2.4705191098766356e-06	1.2352595549383178e-06
0.29179149538736415	1.2384532996421632e-06	8.757187263598289e-07
0.2925028771339569	6.208473623412475e-07	6.208473623412475e-07
0.29321425665301265	2.489968736289359e-06	1.2449843681446796e-06
0.29392563393911425	3.744968338296692e-06	1.5288769219509183e-06
0.2946370089868442	1.8775657792728641e-06	1.0840131080844174e-06
0.29534838179078493	3.7654444835581482e-06	1.5372362732491974e-06
0.2960597523455192	6.293181446611644e-07	6.293181446611644e-07
0.2967711206456294	3.786526503473748e-06	1.545842971839266e-06
0.29748248668569827	6.328832032807769e-07	6.328832032807769e-07
0.29819385046030866	3.8082288849715963e-06	1.5547029319847574e-06
0.2989052119640428	3.182764506132005e-06	1.4233755584169419e-06
0.2996165711914836	5.107422313911456e-06	1.805746476275139e-06
0.3003279281372138	2.561319239526756e-06	1.280659619763378e-06
0.30103928279581604	4.495815113409005e-06	1.6992583900865539e-06
0.30175063516187306	5.1537328907710515e-06	1.8221197377441799e-06
0.3024619852299676	3.877212549575929e-06	1.5828653951294085e-06
0.30317333299468224	3.2410805183934176e-06	1.449455271935588e-06
0.3038846784506001	2.6010360655315416e-06	1.3005180327657708e-06
0.3045960215923037	2.6093248258335375e-06	1.3046624129167687e-06
0.305307362414376	3.926598352855969e-06	1.6030270648916693e-06
0.3060187009113997	2.6262598667725597e-06	1.3131299333862799e-06
0.3067300370779577	1.9761819957767485e-06	1.1409492072293977e-06
0.3074413709086331	3.304602825460932e-06	1.4778633112737035e-06
0.30815270239800835	4.642015600363827e-06	1.7545169800921255e-06
0.3088640315406667	6.65401322733741e-07	6.65401322733741e-07
0.30957535833119093	5.341517713800746e-06	1.888511698628286e-06
0.31028668276416393	2.6800428326182283e-06	1.3400214163091141e-06
0.3109980048341688	4.034188574201837e-06	1.6469505888267488e-06
0.3117093245357884	2.6990093795699402e-06	1.3495046897849701e-06
0.3124206418636057	2.7086957368376167e-06	1.3543478684188083e-06
0.31313195681220385	4.757410136608718e-06	1.7981320151720698e-06
0.31384326937616563	3.4106055050412954e-06	1.5252691507414676e-06
0.3145545795500744	2.0539430705213455e-06	1.1858445846656653e-06
0.31526588732851285	2.748841240342998e-06	1.374420620171499e-06
0.3159771927060645	1.3796189914274618e-06	9.755379442921038e-07
0.3166884956773121	2.769783176967414e-06	1.384891588483707e-06
0.31739979623683895	3.4755988269900722e-06	1.5543350479336667e-06
0.318111094379228	6.978319817940648e-07	6.978319817940648e-07
0.3188223900990627	4.904081204941761e-06	1.853568468220269e-06
0.31953368339092597	3.516867536471797e-06	1.5727909758826322e-06
0.3202449742494011	4.237224175596132e-06	1.729839525999272e-06
0.3209562626690713	3.5453761148833753e-06	1.585540399736666e-06
0.32166754864451974	4.983914116829709e-06	1.8837424726907894e-06
0.32237883217032987	2.8597688439723416e-06	1.4298844219861708e-06
0.3230901132410846	4.3076360182184295e-06	1.7585850403782355e-06
0.32380139185136747	7.209797965022143e-06	2.2799383039116964e-06
0.3245126679957617	1.4481285946068497e-06	1.0239815492766483e-06
0.32522394166885077	4.363161370076311e-06	1.7812531703516205e-06
0.3259352128652178	7.303683300228582e-07	7.303683300228582e-07
0.32664648157944626	1.467178721449131e-06	1.0374520231492893e-06
0.3273577478061195	3.6842871535134658e-06	1.6476633047770627e-06
0.328069011539821	3.7008666797572707e-06	1.6550778943202406e-06
0.328780272775134	5.948303136876117e-06	2.1030427423191576e-06
0.32949153150664207	2.9878077401964745e-06	1.4939038700982373e-06
0.3302027877289287	4.502497928920766e-06	1.8381370822989862e-06
0.33091404143657727	5.277523507315955e-06	1.9947163912364835e-06
0.33162529262417134	4.54499795859981e-06	1.8554876467601197e-06
0.3323365412862943	5.327843045563976e-06	2.013735388992464e-06
0.3330477874175298	7.64795202224025e-07	7.64795202224025e-07
0.3337590310124614	3.0740997284727496e-06	1.5370498642363748e-06
0.3344702720656726	5.406174344907258e-06	2.0433418372688762e-06
0.33518151057174694	4.656919738306448e-06	1.9011795219910275e-06
0.33589274652526824	1.5601079750828787e-06	1.1031629285643167e-06
0.3366039799208199	7.056124110232182e-06	2.3520413700773943e-06
0.33731521075298576	3.940169006953904e-06	1.7620971484773546e-06
0.33802643901634927	5.544806086002029e-06	2.0957397102341127e-06
0.3387376647054943	3.1850360601330718e-06	1.5925180300665359e-06
0.3394488878150046	1.6009331520999007e-06	1.1320306880761943e-06
0.3401601083394637	8.047390654550275e-07	8.047390654550275e-07
0.34087132627345545	4.045388719297918e-06	1.8091528343521923e-06
0.34158254161156354	8.134839063437806e-07	8.134839063437806e-07
0.34229375434837184	3.2718355344893984e-06	1.6359177672446992e-06
0.34300496447846435	3.29001617303175e-06	1.645008086515875e-06
0.34371617199642446	4.9627247455476655e-06	2.026023893412544e-06
0.3444273768968362	4.990863430343692e-06	2.0375114633764233e-06
0.34513857917428353	5.856024100894043e-06	2.213369063223751e-06
0.3458497788233503	1.6828304370997284e-06	1.1899408136603399e-06
0.34656097583862044	1.692666369101245e-06	1.1968958678779019e-06
0.34727217021467777	3.4053215467035132e-06	1.7026607733517566e-06
0.34798336194610624	8.564084889348807e-07	8.564084889348807e-07
0.34869455102749	5.1694152235185365e-06	2.1104049276993107e-06
0.34940573745341275	5.200885767422331e-06	2.1232527234480027e-06
0.3501169212184587	8.72145576017038e-07	8.72145576017038e-07
0.35082810231721184	8.775649175047154e-07	8.775649175047154e-07
0.3515392807442562	8.830742444035745e-07	8.830742444035745e-07
0.35225045649417586	5.3320532418590255e-06	2.176801620651246e-06
0.35296162956155486	1.7887416984840871e-06	1.264831384789241e-06
0.3536727999409773	1.8003245558753981e-06	1.2730217017961538e-06
0.35438396762702745	1.8121039965114422e-06	1.2813510241484848e-06
0.35509513261428927	6.384295747832818e-06	2.413036977864681e-06
0.3558062948973471	4.590676710014916e-06	2.0530130372636884e-06
0.356517454470785	7.39466926381829e-06	2.614410390538824e-06
0.35722861132918715	7.445117250450394e-06	2.632246447261209e-06
0.35793976546713796	1.8741117492340265e-06	1.3251971265847625e-06
0.3586509168792215	2.8307547979238973e-06	1.6343370445911865e-06
0.3593620655600222	3.8009181421644822e-06	1.9004590710822411e-06
0.3600732115041242	4.784962386984517e-06	2.139900233415407e-06
0.3607843547061119	1.9277532897369604e-06	1.36312742362768e-06
0.3614954951605697	3.883540084154606e-06	1.941770042077303e-06
0.36220663286208177	1.9560413789001503e-06	1.3831301233017814e-06
0.3629177678052326	1.970573676693834e-06	1.3934060096179175e-06
0.3636288999846067	3.970747060533941e-06	1.9853735302669704e-06
0.3643400293947883	2.0004477621258036e-06	1.4145301780086094e-06
0.36505115603036187	3.0237051485093345e-06	1.7457369814419215e-06
0.3657622798859119	2.03144784892366e-06	1.436450549600745e-06
0.36647340095602304	6.142165736318583e-06	2.507528661597776e-06
0.3686067473995669	5.242671115739729e-06	2.3445937996937408e-06
0.36931785727376704	1.0571378460799176e-06	1.0571378460799176e-06
0.37002896433545074	6.395464183902672e-06	2.6109373198011308e-06
0.3707400685792028	2.149714938923494e-06	1.5200780109308273e-06
0.37145116999960776	6.503898192766102e-06	2.655205318547769e-06
0.3721622685912504	4.3731697613625595e-06	2.1865848806812798e-06
0.37287336434871515	5.513954717107974e-06	2.4659155144618105e-06
0.37358445726658696	4.449935977544541e-06	2.2249679887722706e-06
0.3742955473394503	7.85664081926519e-06	2.9695311068763505e-06
0.3750066345618901	1.1324766307940996e-06	1.1324766307940996e-06
0.37571771892849115	5.713941166422854e-06	2.5553521735111884e-06
0.37642880043383814	9.226547526145827e-06	3.26207716133884e-06
0.3771398790725157	5.8203694320777e-06	2.602948340857517e-06
0.377850954839109	5.875307382543318e-06	2.627517339214644e-06
0.3792730977343818	4.791048666628725e-06	2.3955243333143626e-06
0.37998416485223097	1.2094905769311386e-06	1.2094905769311386e-06
0.38069522907633524	1.2214817851684503e-06	1.2214817851684503e-06
0.38140629040127966	6.168721473483953e-06	2.7587361097945575e-06
0.38211734882164894	6.23143490899019e-06	2.7867824107734568e-06
0.3828284043320283	7.554714698110112e-06	3.0841993604456717e-06
0.3835394569270026	6.361251919325104e-06	2.844838342722388e-06
0.3842505066011569	6.428454545000012e-06	2.8748922705775015e-06
0.38496155334907634	2.598902561433596e-06	1.8377016248327835e-06
0.3856725971653458	3.940627737495346e-06	2.2751224850190436e-06
0.38638363804455045	2.6559528089333816e-06	1.8780422417082532e-06
0.3870946759812756	8.056589445275784e-06	3.2890888680030415e-06
0.3878057109701061	2.715841646361986e-06	1.920390044771398e-06
0.3885167430056271	5.493830021853747e-06	2.7469150109268734e-06
0.3892277720824241	5.557555863499789e-06	2.7787779317498944e-06
0.3899387981950821	8.434379485248161e-06	3.4433210059760386e-06
0.39064982133818626	4.267487407747069e-06	2.463835003626108e-06
0.3913608415063219	5.7588114913331526e-06	2.8794057456665763e-06
0.39207185869407435	4.372104622733324e-06	2.524235780860292e-06
0.39278287289602876	1.4755097852950446e-06	1.4755097852950446e-06
0.39349388410677066	7.470732698975756e-06	3.3410132313280526e-06
0.3942048923208853	7.566492122443351e-06	3.383838147399999e-06
0.39491589753295786	7.664932409579782e-06	3.427861982152331e-06
0.3956268997375739	6.212931676180078e-06	3.106465838090039e-06
0.39633789892931903	9.44436713342543e-06	3.855646736734026e-06
0.39704889510277824	6.3819843167220654e-06	3.1909921583610327e-06
0.3977598882525372	8.087819042431432e-06	3.6169826337187878e-06
0.39847087837318146	3.2805842621621978e-06	2.3197233780287567e-06
0.39918186545929646	9.982262705561674e-06	4.0752416845067285e-06
0.39989284950546766	1.6878499460624948e-06	1.6878499460624948e-06
0.40060383050628073	1.7127437044021078e-06	1.7127437044021078e-06
0.4013148084563211	5.215280616609001e-06	3.011043667898644e-06
0.4020257833501745	1.411949453280851e-05	4.99199516553764e-06
0.4027367551824264	1.7923133037956054e-06	1.7923133037956054e-06
0.40344772394766265	7.28239477867797e-06	3.641197389338985e-06
0.4041586896404687	5.5495144796040985e-06	3.204013678671152e-06
0.4048696522554303	3.760159833265818e-06	2.658834516447538e-06
0.4055806117871333	3.822750980004786e-06	2.7030931407489043e-06
0.40629156823016316	9.718900006768069e-06	4.346424216331314e-06
0.4070025215791058	3.954704975370486e-06	2.796398705676649e-06
0.4077134718285471	1.207293753318319e-05	4.928756108799045e-06
0.4084244189730727	8.193037095853856e-06	4.096518547926928e-06
0.4091353630072685	2.294308073013507e-05	6.917599119699204e-06
0.40984630392572036	6.37398277537434e-06	3.6800206711724128e-06
0.41055724172301405	4.330246002686508e-06	3.0619463127055705e-06
0.4112681763937356	1.1036061843761946e-05	4.935476897308675e-06
0.4119791079324709	6.753083939330046e-06	3.8988948302323404e-06
0.41269003633380585	1.1483384896237183e-05	5.135525847956142e-06
0.4134009615923265	1.1721377850328613e-05	5.241959532659027e-06
0.4141118837026187	9.575799964005939e-06	4.787899982002969e-06
0.41482280265926874	4.8916752478991185e-06	3.4589367391518527e-06
0.4155337184568623	1.0000353004360171e-05	5.000176502180086e-06
0.4162446310899857	1.0227461944706117e-05	5.1137309723530585e-06
0.41695554055322503	1.0465393635020611e-05	5.232696817510306e-06
0.4176664468411663	2.6787334356939975e-06	2.6787334356939975e-06
0.41837734994839554	1.920965529856932e-05	7.260567241612662e-06
0.4197991465990634	2.8855728786522696e-06	2.8855728786522696e-06
0.42051004013167415	8.885879436018814e-06	5.130264884372022e-06
0.42122093046191794	1.5212895402355418e-05	6.803413650852147e-06
0.4219318175843808	1.876674089907816e-05	7.661489889626918e-06
0.4226427014936492	1.2871977537959112e-05	6.435988768979556e-06
0.42335358218430924	3.3136413348900768e-06	3.3136413348900768e-06
0.42406445965094747	1.0245708577622419e-05	5.915362605328761e-06
0.42477533388815014	2.114009203810678e-05	8.630406434805814e-06
0.42548620489050376	2.183174194204149e-05	8.912771325686653e-06
0.42619707265259454	1.5047176036018485e-05	7.523588018009243e-06
