#PNR generated at 2019-01-16 15:38:59.784524
#[[Parameters]]
#i0	1.0
#bg	1.3999999999999998e-07
#roughnessSubstrate	20.041031505537347
#roughnessSpacer	23.527612662946385
#roughnessShellCube1	14.57008761856568
#roughnessCubeShell1	22.31642583659761
#roughnessShellPMMA	0.0
#roughnessPMMAShell	0.0
#roughnessShellCube2	14.57008761856568
#roughnessCubeShell2	22.31642583659761
#roughnessShellAir	0
#a	93.84
#packingDensity1	0.506358957399347
#packingDensity2	0.506358957399347
#sldSubstrate	2.079e-06
#sldCore	6.194e-06
#sldSpacer	4.186e-06
#sldShellLower	7.8e-08
#sldShellTop	7.8e-08
#sldPMMA	1.059e-06
#thicknessSpacer	24.25716072643032
#thicknessShell1Lower	36.60100058114454
#thicknessShell1Top	39.6
#thicknessPMMA	124.0
#thicknessShell2Lower	36.60100058114454
#thicknessShell2Top	0
#magSldCore1	9.199999999999997e-07
#magSldCore2	-9.200000000000001e-07
#polarization_p	1
#polarizationEfficiency	0.98
#gamma	0
#dTheta	0.0003
#wavelength	5
#dWavelength	0.025
#polarization_m	-1
#
#[[Data]]
#z	rho_nuc	rho_mag
-187.68	2.079e-06	0.0
-184.92381551207788	2.079e-06	0.0
-182.16763102415572	2.079e-06	0.0
-179.4114465362336	2.079e-06	0.0
-176.65526204831144	2.079e-06	0.0
-173.89907756038932	2.079e-06	0.0
-171.1428930724672	2.0789999999999995e-06	0.0
-168.38670858454503	2.0789999999999995e-06	0.0
-165.6305240966229	2.0789999999999986e-06	0.0
-162.87433960870075	2.0789999999999965e-06	0.0
-160.11815512077862	2.0789999999999914e-06	0.0
-157.36197063285647	2.07899999999998e-06	0.0
-154.60578614493434	2.0789999999999525e-06	0.0
-151.84960165701222	2.078999999999889e-06	0.0
-149.09341716909006	2.0789999999997475e-06	0.0
-146.33723268116793	2.07899999999944e-06	0.0
-143.5810481932458	2.078999999998797e-06	0.0
-140.82486370532365	2.07899999999751e-06	0.0
-138.06867921740152	2.078999999995078e-06	0.0
-135.31249472947937	2.0789999999908524e-06	0.0
-132.55631024155724	2.0789999999845018e-06	0.0
-129.8001257536351	2.0789999999778043e-06	0.0
-127.04394126571296	2.0789999999801446e-06	0.0
-124.28775677779083	2.079000000023527e-06	0.0
-121.53157228986868	2.0790000002006315e-06	0.0
-118.77538780194655	2.079000000756126e-06	0.0
-116.01920331402441	2.079000002296241e-06	0.0
-113.26301882610227	2.079000006251817e-06	0.0
-110.50683433818013	2.079000015867155e-06	0.0
-107.75064985025799	2.0790000382465754e-06	0.0
-104.99446536233586	2.0790000884668323e-06	0.0
-102.23828087441372	2.07900019761027e-06	0.0
-99.48209638649158	2.079000428031956e-06	0.0
-96.72591189856944	2.07900090160471e-06	0.0
-93.9697274106473	2.0790018506016806e-06	0.0
-91.21354292272517	2.079003706961629e-06	0.0
-88.45735843480303	2.0790072547820704e-06	0.0
-85.70117394688089	2.079013883930336e-06	0.0
-82.94498945895874	2.0790260004916173e-06	0.0
-80.1888049710366	2.0790476728120997e-06	0.0
-77.43262048311448	2.079085619653487e-06	0.0
-74.67643599519234	2.0791506773556137e-06	0.0
-71.9202515072702	2.0792599113796885e-06	0.0
-69.16406701934805	2.0794395564044462e-06	0.0
-66.40788253142591	2.0797289667050164e-06	0.0
-63.65169804350377	2.080185719587312e-06	0.0
-60.895513555581644	2.0808919213770327e-06	2.5859883168577407e-23
-58.1393290676595	2.0819616002327077e-06	7.757964950573223e-23
-55.38314457973735	2.0835488198469654e-06	3.361784811915063e-22
-52.62696009181522	2.085855810605498e-06	1.5774528732832218e-21
-49.870775603893094	2.0891400053715898e-06	6.904588806010167e-21
-47.11459111597094	2.093718425303764e-06	2.92992476299982e-20
-44.35840662804881	2.0999674545654547e-06	1.198346986031877e-19
-41.602222140126656	2.1083157658440375e-06	4.733910212839781e-19
-38.84603765220453	2.119228124011954e-06	1.8054336032974003e-18
-36.0898531642824	2.1331781172072655e-06	6.647955325445206e-18
-33.33366867636025	2.1506086339662406e-06	2.3635622897481726e-17
-30.57748418843812	2.1718801600763354e-06	8.113931414365324e-17
-27.821299700515965	2.197208666998973e-06	2.6896737770209836e-16
-25.065115212593838	2.226596862230789e-06	8.609753556908557e-16
-22.30893072467171	2.259764624920953e-06	2.6614922194014145e-15
-19.552746236749556	2.2960862282917744e-06	7.945573980921229e-15
-16.79656174882743	2.3345430859939302e-06	2.2909472413010504e-14
-14.040377260905274	2.373700910894271e-06	6.380002795584163e-14
-11.284192772983147	2.4117191023385614e-06	1.7162130314431662e-13
-8.52800828506102	2.446397814959595e-06	4.4596138160882623e-13
-5.771823797138865	2.4752646639226917e-06	1.1195233229517883e-12
-3.0156393092167377	2.4956987773734003e-06	2.7152902056036752e-12
-0.2594548212945824	2.505085505151854e-06	6.363376616362632e-12
2.4967296666275445	2.5009912380644673e-06	1.4410945012606174e-11
5.252914154549671	2.481345181135358e-06	3.154137449548702e-11
8.009098642471827	2.444614097966955e-06	6.672786568970371e-11
10.765283130393954	2.389957234313906e-06	1.3646882535068173e-10
13.521467618316109	2.3173516362479866e-06	2.698529779870832e-10
16.277652106238236	2.2276822041674293e-06	5.16017243553505e-10
19.033836594160363	2.1227949177571974e-06	9.54396847532875e-10
21.790021082082518	2.0055143207634807e-06	1.7077182708570114e-09
24.546205570004645	1.8796262749837887e-06	2.956869523069765e-09
27.3023900579268	1.7498235230417673e-06	4.9556014268653044e-09
30.058574545848927	1.6216052695180695e-06	8.041622858139604e-09
32.814759033771054	1.5011148782821828e-06	1.263940368557804e-08
35.57094352169321	1.3948954073782918e-06	1.9249420617849192e-08
38.327128009615336	1.309545214248837e-06	2.8419263354667583e-08
41.08331249753749	1.2512685566314883e-06	4.069439663843482e-08
43.83949698545962	1.2253395944692444e-06	5.6550465637784005e-08
46.595681473381774	1.2355289432313278e-06	7.631423289747075e-08
49.3518659613039	1.2835720880412525e-06	1.0008529826145454e-07
52.10805044922603	1.368777990288178e-06	1.2767404248032986e-07
54.86423493714818	1.4878742018802884e-06	1.5857123191127633e-07
57.62041942507031	1.6351565596265118e-06	1.9196063621356155e-07
60.376603912992465	1.8029597283520404e-06	2.267782520242739e-07
63.13278840091459	1.9824006078661188e-06	2.6181198540889397e-07
65.88897288883672	2.1642867740864264e-06	2.958264886594321e-07
68.64515737675885	2.3400439539930908e-06	3.2769190099116016e-07
71.401341864681	2.5025116825919206e-06	3.56494289235384e-07
74.15752635260316	2.64648651369318e-06	3.8160991316539143e-07
76.91371084052531	2.7689486274736203e-06	4.0273374183782975e-07
79.66989532844741	2.8689741688645634e-06	4.198624935081158e-07
82.42607981636957	2.9473942405617876e-06	4.3324117218652936e-07
85.18226430429172	3.0062984225344802e-06	4.4328756193111636e-07
87.93844879221382	3.048490234206181e-06	4.50510544562604e-07
90.69463328013597	3.0769868697712265e-06	4.5543583790068533e-07
93.45081776805813	3.0946247372493396e-06	4.585481426979278e-07
96.20700225598023	3.1037969271197194e-06	4.602533998446495e-07
98.96318674390238	3.1063182495724298e-06	4.608603199642144e-07
101.71937123182454	3.1033935133063776e-06	4.60577391756127e-07
104.4755557197467	3.0956564896826907e-06	4.5952038175915114e-07
107.23174020766879	3.0832483666474824e-06	4.5772558070265456e-07
109.98792469559095	3.0659116466435556e-06	4.551651571990074e-07
112.7441091835131	3.0430845389855056e-06	4.5176236995111094e-07
115.5002936714352	3.0139890869665864e-06	4.474056363946466e-07
118.25647815935736	2.9777120392854828e-06	4.4196133216124213e-07
121.01266264727951	2.933280482556327e-06	4.3528565190025926e-07
123.76884713520161	2.8797349148897843e-06	4.2723596209902516e-07
126.52503162312377	2.816201512284341e-06	4.17681934999513e-07
129.28121611104592	2.741963598193642e-06	4.065164875984315e-07
132.03740059896808	2.6565304147760265e-06	3.9366625845168877e-07
134.79358508689018	2.5596996714109745e-06	3.791011072042179e-07
137.54976957481233	2.451609302353244e-06	3.6284196140972313e-07
140.3059540627345	2.3327735541117037e-06	3.449662855002838e-07
143.06213855065658	2.204098987049287e-06	3.256105141958228e-07
145.81832303857874	2.0668771626886865e-06	3.049689693488626e-07
148.5745075265009	1.922752560989944e-06	2.8328904449038747e-07
151.330692014423	1.7736664199725799e-06	2.608627634426066e-07
154.08687650234515	1.621779450137463e-06	2.3801515860230535e-07
156.8430609902673	1.46937846223494e-06	2.1509022778726072e-07
159.59924547818946	1.3187735878700235e-06	1.924354750299193e-07
162.35542996611156	1.1721937505450318e-06	1.7038618760420556e-07
165.1116144540337	1.0316882284847035e-06	1.4925062906151815e-07
167.86779894195587	8.990415148254851e-07	1.2929723232216156e-07
170.62398342987797	7.757073102877012e-07	1.1074467065726903e-07
173.38016791780012	6.627655590207645e-07	9.375539487782215e-08
176.13635240572228	5.609042074881888e-07	7.843288945392903e-08
178.89253689364443	4.7042510470570824e-07	6.482256008042931e-08
181.64872138156653	3.912714323020927e-07	5.2915859858122766e-08
184.4049058694887	3.230724672991226e-07	4.2657022745778506e-08
187.16109035741084	2.652004758373151e-07	3.395162180820386e-08
189.91727484533294	2.1683416110061811e-07	2.6676113378998228e-08
192.6734593332551	1.7702330723974602e-07	2.068756113080947e-08
195.42964382117725	1.1642539688742923e-06	1.5832840314533968e-08
198.18582830909935	1.1384865898913077e-06	1.1956779381904575e-08
200.9420127970215	1.1182246745070181e-06	8.908878441194208e-09
203.69819728494366	1.1025328059002636e-06	6.548427310038703e-09
206.45438177286582	1.090563947235081e-06	4.7480103754506564e-09
209.2105662607879	1.0815728080472426e-06	3.3955172340511193e-09
211.96675074871007	1.07492067991448e-06	2.394870098319079e-09
214.72293523663222	1.0700734860452448e-06	1.6657304057594435e-09
217.47911972455432	1.066594889434726e-06	1.1424621124832288e-09
220.23530421247648	1.064136211523491e-06	7.726152062805635e-10
222.99148870039863	1.0624246871191926e-06	5.151589518733575e-10
225.74767318832073	1.0612512807685655e-06	3.3864916727935673e-10
228.5038576762429	1.0604589661851522e-06	2.194651553859206e-10
231.26004216416504	1.0599320631054238e-06	1.4020569931167422e-10
234.0162266520872	1.0595869609345604e-06	8.829366576119827e-11
236.7724111400093	1.0593643489676348e-06	5.480723515736375e-11
239.52859562793145	1.0592229216909796e-06	3.353302087877887e-11
242.2847801158536	1.0591344301617055e-06	2.022167245552345e-11
245.0409646037757	1.0590798978301804e-06	1.2018640227675442e-11
247.79714909169786	1.0590468007053371e-06	7.040001365143327e-12
250.55333357962002	1.0590270168791822e-06	4.064016771844701e-12
253.30951806754211	1.0590153698802528e-06	2.3120145455178206e-12
256.06570255546427	1.0590086168143121e-06	1.2961798076818988e-12
258.8218870433864	1.059004760539888e-06	7.160848326190732e-13
261.5780715313086	1.0590025918609104e-06	3.898109144304259e-13
264.3342560192307	1.0590013910737071e-06	2.0901455694220574e-13
267.09044050715283	1.0590007374990288e-06	1.1015854335575523e-13
269.846624995075	1.0590003909879622e-06	5.63455186397257e-14
272.6028094829971	1.059000221539549e-06	2.577675374224998e-14
275.35899397091924	1.059000173424158e-06	3.799086376470318e-15
278.1151784588414	1.0590002607697397e-06	-2.4335704124406385e-14
280.87136294676355	1.0590006062579637e-06	-8.388655636140154e-14
283.62754743468565	1.059001560190203e-06	-2.3115623153550973e-13
286.3837319226078	1.0590039855757659e-06	-5.978458775969509e-13
289.13991641052996	1.059009885615304e-06	-1.4862537988692223e-12
291.89610089845206	1.059023712535594e-06	-3.566594990523007e-12
294.6522853863742	1.0590549705031002e-06	-8.268777478565247e-12
297.4084698742964	1.0591231528599499e-06	-1.8525208191368024e-11
300.16465436221847	1.0592666626769044e-06	-4.0112730581113053e-11
302.9208388501406	1.0595581328943121e-06	-8.395719007821336e-11
305.6770233380628	1.0601293626039163e-06	-1.6988449275972108e-10
308.43320782598494	1.061209631130893e-06	-3.323840131458401e-10
311.18939231390704	1.0631809511771538e-06	-6.289200582580592e-10
313.9455768018292	1.0666522111155925e-06	-1.1510847324403883e-09
316.70176128975135	1.0725504425292242e-06	-2.0383268681783227e-09
319.45794577767344	6.271721523425705e-08	-3.4930541582893586e-09
322.2141302655956	7.801771065661032e-08	-5.7946329334419894e-09
324.9703147535177	1.0137673216789625e-07	-9.308416417825433e-09
327.72649924143985	1.3578863992376925e-07	-1.4484831580586266e-08
330.482683729362	1.8470654438542445e-07	-2.1843312958077818e-08
333.23886821728416	2.518080016605653e-07	-3.193705734871471e-08
335.9950527052063	3.406260176243599e-07	-4.5297517565636474e-08
338.7512371931285	4.540683493199153e-07	-6.236209329485694e-08
341.50742168105063	5.938834467088418e-07	-8.33937953219682e-08
344.2636061689727	7.601625293525441e-07	-1.0840634535993518e-07
347.0197906568948	9.509831853136517e-07	-1.3711056437305144e-07
349.775975144817	1.1622915180986175e-06	-1.6889664451729087e-07
352.53215963273914	1.3880842761802114e-06	-2.0286154599457446e-07
355.2883441206613	1.6208950836567522e-06	-2.3788213835533602e-07
358.04452860858345	1.8525233781363593e-06	-2.7272485106319055e-07
360.8007130965055	2.0748887948957742e-06	-3.061741943298128e-07
363.55689758442765	2.28086382651967e-06	-3.371580120364812e-07
366.3130820723498	2.4649426617940857e-06	-3.648480919011743e-07
369.06926656027196	2.6236426158714502e-06	-3.8872055065708913e-07
371.8254510481941	2.7555949490394287e-06	-4.0856949547634034e-07
374.58163553611627	2.861346763032223e-06	-4.2447722419991305e-07
377.3378200240384	2.942947912333636e-06	-4.367520864231472e-07
380.09400451196046	3.0034249774086106e-06	-4.4584935585888567e-07
382.8501889998826	3.046245315294628e-06	-4.5229061008634413e-07
385.6063734878048	3.0748530613521902e-06	-4.565939335613208e-07
388.36255797572693	3.092325708242121e-06	-4.592222584695511e-07
391.1187424636491	3.1011654455919748e-06	-4.605519769721452e-07
393.87492695157124	3.1032122061213093e-06	-4.6085986115903005e-07
396.6311114394934	3.099649476465944e-06	-4.603239371428534e-07
399.38729592741544	3.091069359786089e-06	-4.5903327210925853e-07
402.1434804153376	3.077567243243132e-06	-4.5700221468291445e-07
404.89966490325975	3.0588447535692255e-06	-4.5418588203085525e-07
407.6558493911819	3.0343088707957808e-06	-4.504950690564325e-07
410.41203387910406	3.003162681069835e-06	-4.458098999021045e-07
413.1682183670262	2.964488184104763e-06	-4.399922842696869e-07
415.92440285494826	2.917323785749151e-06	-4.32897574248895e-07
418.6805873428704	2.860739176017973e-06	-4.243858278537538e-07
421.43677183079257	2.7939090121948325e-06	-4.143328928116855e-07
424.1929563187147	2.7161849478933856e-06	-4.026412415433188e-07
426.9491408066369	2.6271636626322433e-06	-3.89250204519079e-07
429.70532529455903	2.526747058400414e-06	-3.741450253344349e-07
432.4615097824812	2.415189945086441e-06	-3.573640337960347e-07
435.21769427040323	2.2931304523128407e-06	-3.39003220625382e-07
437.9738787583254	2.1615990928609585e-06	-3.192176008255567e-07
440.73006324624754	2.0220037822345445e-06	-2.9821896024735185e-07
443.4862477341697	1.8760900275403292e-06	-2.762698669970775e-07
446.24243222209185	1.7258777063941986e-06	-2.536741613962861e-07
448.998616710014	1.534082089614038e-06	-2.3076447391185663e-07
451.75480119793616	1.3820007221541595e-06	-2.0788761680540014e-07
454.5109856858582	1.2324332540217897e-06	-1.8538891329300963e-07
457.26717017378036	1.087562001859522e-06	-1.6359663860542192e-07
460.0233546617025	9.493609895685754e-07	-1.4280773551391255e-07
462.77953914962467	8.195163060043642e-07	-1.2327583412753686e-07
465.5357236375468	6.993670578318221e-07	-1.0520236971963314e-07
468.291908125469	5.898701439636708e-07	-8.873128391866861e-08
471.04809261339113	4.915898073808641e-07	-7.39474530396329e-08
473.8042771013132	4.047107050638923e-07	-6.08786541299511e-08
476.56046158923533	3.2907132746597666e-07	-4.9500592097563574e-08
479.3166460771575	2.6421318618481033e-07	-3.974429877207745e-08
482.07283056507964	2.094403816848475e-07	-3.1505093386209897e-08
484.8290150530018	1.6388398305724686e-07	-2.465226690854603e-08
487.58519954092395	1.2656603858475968e-07	-1.9038710840088094e-08
490.341384028846	9.645886649591724e-08	-1.4509836032740976e-08
493.09756851676815	7.253639013508661e-08	-1.0911294788142524e-08
495.8537530046903	5.3815511893838866e-08	-8.09520453602547e-09
498.60993749261246	3.938671183060945e-08	-5.924750635081919e-09
501.3661219805346	2.8434089278092127e-08	-4.2772011340492046e-09
504.12230646845677	2.0245861173098317e-08	-3.0454859841809198e-09
506.8784909563789	1.4216856151763993e-08	-2.138572213803609e-09
509.63467544430097	9.844804779033649e-09	-1.480905885662346e-09
512.3908599322231	6.7222593830745865e-09	-1.0111966370877625e-09
515.1470444201452	4.525835512668611e-09	-6.807993249926883e-10
517.9032289080674	3.004211217423851e-09	-4.519088162246849e-10
520.6594133959895	1.9660074675762272e-09	-2.9573689832736997e-10
523.4155978839117	1.2683509948358961e-09	-1.9079184356594982e-10
526.1717823718338	8.066247795471137e-10	-1.2133662478474287e-10
528.927966859756	5.05663029613562e-10	-7.606441910475616e-11
531.6841513476782	3.1245644048802564e-10	-4.7001295822263874e-11
534.4403358356003	1.9029998636389457e-10	-2.862589722935985e-11
537.1965203235225	1.1423325574460653e-10	-1.7183550569848892e-11
539.9527048114446	6.758268885719092e-11	-1.0166133706458293e-11
542.7088892993668	3.940515781577533e-11	-5.927525374521569e-12
545.4650737872889	2.264288988906028e-11	-3.4060593031263042e-12
548.2212582752109	1.282209947852488e-11	-1.928765781582273e-12
550.977442763133	7.155220683099823e-12	-1.0763248902193058e-12
553.7336272510552	3.934706508867782e-12	-5.918786769597598e-13
556.4898117389773	2.1321441052765885e-12	-3.2072802105558406e-13
559.2459962268995	1.1384809245340937e-12	-1.712561234253373e-13
562.0021807148216	5.990052397812458e-13	-9.01054317879686e-14
564.7583652027438	3.1054342451522325e-13	-4.671353018665945e-14
567.514549690666	1.5863265549670566e-13	-2.3862335369093075e-14
570.2707341785881	7.984239104990654e-14	-1.2010300811201484e-14
573.0269186665103	3.959476124619347e-14	-5.956046529219871e-15
575.7831031544324	1.9346310316587914e-14	-2.910170949216301e-15
578.5392876423546	9.313397332839753e-15	-1.400968883715208e-15
581.2954721302767	4.417345727384924e-15	-6.644797182477839e-16
584.0516566181986	2.0642001084859636e-15	-3.1050756126596796e-16
586.8078411061208	9.503289129569828e-16	-1.4295332699163464e-16
589.564025594043	4.3104435321441966e-16	-6.483994859584306e-17
592.3202100819651	1.9261558999064842e-16	-2.897424426849104e-17
595.0763945698873	8.47963426181749e-17	-1.2755469152702509e-17
597.8325790578094	3.677677428890773e-17	-5.532130997195446e-18
600.5887635457316	1.5713182473061418e-17	-2.3636983788723285e-18
603.3449480336537	6.614354553655723e-18	-9.94999015227786e-19
606.1011325215759	2.7429904682299436e-18	-4.1261092443125105e-19
608.857317009498	1.1204988577643313e-18	-1.6855955650360577e-19
611.6135014974202	4.509193129598069e-19	-6.786851489875081e-20
614.3696859853424	1.785982204175493e-19	-2.6893296075324036e-20
617.1258704732645	6.975448669537172e-20	-1.0482032722271967e-20
619.8820549611867	2.65558063854024e-20	-4.0234064994579266e-21
622.6382394491086	1.0038663913943544e-20	-1.5352472168984194e-21
625.3944239370308	3.685916809536291e-21	-5.823351512373315e-22
628.1506084249529	1.1448179677733903e-21	-2.117582368135751e-22
630.9067929128751	7.213014941462401e-22	-1.0587911840678754e-22
633.6629774007972	-1.257314531080602e-22	0.0
636.4191618887194	-1.257314531080602e-22	0.0
