#Executed at: 2019-01-15 18:47:16.678698
#Loaded File	 = ../data_disorderedWafer/DD226_2_ZFCW_100OE.DAT
#Magnetic Moment	 = 23130.23
#Volume Particle	 = 7.200486626101367e-25
#Ms Raw	 = 0.04732993
#Ms Calculated	 = 297.9103987304577
#Rescale Factor	 = 6294.334234816271
#[[Data]]
#B/T	M/kAm-1	sM/kAm-1	M_raw/memu	sM_raw/memu
10.0115852000	-3.0550031355	1.9362135895	-0.0004853576	0.0003076121
10.0177927000	-1.8344404255	2.0139509792	-0.0002914431	0.0003199625
10.5507603000	-1.7281030090	2.3396319764	-0.0002745490	0.0003717044
11.0278635000	-0.9028993457	1.8974501939	-0.0001434464	0.0003014537
11.5781088000	-1.7768916225	1.7575254243	-0.0002823002	0.0002792234
12.0595388000	-3.1678054741	1.8587403799	-0.0005032789	0.0002953037
12.5427913500	-1.6895717906	1.7871357505	-0.0002684274	0.0002839277
13.0273476000	-2.3696666643	1.8373236575	-0.0003764761	0.0002919012
13.5557456000	-1.7500426633	1.8007579528	-0.0002780346	0.0002860919
14.0002365000	-2.6555903260	1.6775223187	-0.0004219017	0.0002665131
14.5552206000	-2.9547986486	1.8535992345	-0.0004694378	0.0002944869
15.0030446000	-1.7589867698	1.7541001331	-0.0002794556	0.0002786792
15.5487232500	-2.2679195332	1.7256113710	-0.0003603113	0.0002741531
16.0199490000	-0.3592820867	1.6965727609	-0.0000570802	0.0002695397
16.5301857000	-1.0354927160	1.6506845951	-0.0001645119	0.0002622493
17.0303345000	-2.8419399647	1.6478526220	-0.0004515076	0.0002617994
17.5173750000	-0.1427778307	1.7098888227	-0.0000226835	0.0002716552
18.0025940000	-2.1629447054	2.2013154917	-0.0003436336	0.0003497297
18.5053310000	-1.3910449156	1.6235432233	-0.0002209995	0.0002579372
19.0145779000	-0.1504619277	1.7678948545	-0.0000239043	0.0002808708
19.5251579000	0.2340597046	1.4021265018	0.0000371858	0.0002227601
20.8219804500	-2.7502517928	2.1632145097	-0.0004369409	0.0003436765
21.0403843000	0.1754677639	1.6905280676	0.0000278771	0.0002685793
21.5438309000	-2.9058895249	1.7646621706	-0.0004616675	0.0002803572
22.0142670000	-2.1096232050	1.7629910258	-0.0003351622	0.0002800917
22.5226593000	-2.1729873152	1.9034257152	-0.0003452291	0.0003024030
23.0383453000	-1.2345914217	1.9573827159	-0.0001961433	0.0003109753
23.5280609000	-3.8487930365	1.6993120880	-0.0006114694	0.0002699749
24.0301056000	-0.9204199360	1.6568584435	-0.0001462299	0.0002632301
24.5205479000	-4.4708602376	1.8742297370	-0.0007102991	0.0002977646
25.0672760000	-1.1990441503	1.9347236438	-0.0001904958	0.0003073754
25.5261831000	-0.3299058358	1.9640907195	-0.0000524131	0.0003120411
26.0159016000	-3.0997770353	1.9860674953	-0.0004924710	0.0003155326
26.5238304000	-0.4691127733	1.9576450549	-0.0000745294	0.0003110170
27.0463581000	-0.4685591265	1.7503165142	-0.0000744414	0.0002780781
27.5186815500	-1.9156145759	1.7870495958	-0.0003043395	0.0002839140
28.0644283000	-1.0874325817	1.7092066479	-0.0001727637	0.0002715469
28.5350704000	-1.6402008854	2.0143545886	-0.0002605837	0.0003200266
29.0051575000	-2.4024864095	1.7531748264	-0.0003816903	0.0002785322
29.5294418000	-2.2141094343	1.8866154177	-0.0003517623	0.0002997323
30.0502148000	-1.0577054486	2.0658923998	-0.0001680409	0.0003282146
31.2373581000	-1.2496326863	1.9952992511	-0.0001985329	0.0003169993
31.5060234000	-1.9848829285	1.6248903760	-0.0003153444	0.0002581513
32.0013008000	-1.1733459397	2.0799290534	-0.0001864130	0.0003304446
32.5864944000	-2.9110417942	1.9149391236	-0.0004624861	0.0003042322
33.0505066000	-2.1564518702	1.9620135888	-0.0003426021	0.0003117111
33.5507545000	-2.4315558769	1.7706880488	-0.0003863087	0.0002813146
34.0195122000	0.3316518676	2.2201707372	0.0000526905	0.0003527253
34.5374527000	-0.8627845621	1.7949642876	-0.0001370732	0.0002851714
35.0054245000	-1.0090932836	1.5369866625	-0.0001603177	0.0002441857
35.5276642000	-1.6814134605	1.5196119607	-0.0002671313	0.0002414254
36.0160637000	-1.3731240345	1.7307943276	-0.0002181524	0.0002749766
36.5619469000	-1.4611570344	1.8263024570	-0.0002321385	0.0002901502
37.0787392000	-2.9007130990	2.2018864365	-0.0004608451	0.0003498204
37.5248413000	-3.2973610949	2.0321704737	-0.0005238618	0.0003228571
38.0557022000	-0.4445221037	1.7907042076	-0.0000706226	0.0002844946
38.5061722000	-2.0743516153	1.7703839321	-0.0003295585	0.0002812663
39.0432205000	-3.4221361609	1.8568584265	-0.0005436852	0.0002950047
39.5632362000	-1.1726269301	2.0518550456	-0.0001862988	0.0003259844
40.0640526000	-0.7793969118	1.7798021420	-0.0001238252	0.0002827626
40.5706100000	-2.0245246518	2.2127886341	-0.0003216424	0.0003515525
41.6722107000	-1.3979469531	1.4243198043	-0.0002220961	0.0002262860
42.0651207000	-4.0713564822	1.8689894722	-0.0006468288	0.0002969320
42.5182877000	-3.2058257366	1.8144981793	-0.0005093193	0.0002882748
43.0324821000	-1.3942023148	1.6072534529	-0.0002215012	0.0002553492
43.5336342000	-0.8994538088	1.6958700067	-0.0001428990	0.0002694280
44.0541000000	-1.4027253814	1.5733142050	-0.0002228552	0.0002499572
44.5628548000	-2.2974272760	1.6158461759	-0.0003649993	0.0002567144
45.0082893000	-1.8148584619	1.6719772100	-0.0002883321	0.0002656321
45.5094147000	-0.0051442502	1.5707700031	-0.0000008173	0.0002495530
46.0114708000	-1.4104269008	2.2355709626	-0.0002240788	0.0003551719
46.5039673000	-1.0686394072	1.5919963730	-0.0001697780	0.0002529253
47.0005569000	-1.3759300791	2.0538422135	-0.0002185982	0.0003263002
47.5466805000	-1.8956832259	1.9154907747	-0.0003011730	0.0003043198
48.0048523000	-2.4530492918	1.4025594952	-0.0003897234	0.0002228289
48.5102806000	-3.0267820980	1.7963483635	-0.0004808741	0.0002853913
49.0099030000	-0.9559075058	1.7076830974	-0.0001518679	0.0002713048
49.5714684000	-0.9703292105	1.8337571284	-0.0001541591	0.0002913346
50.0064697000	-1.2524180142	1.8737736704	-0.0001989755	0.0002976921
50.5269203000	-0.8882937163	2.0576316180	-0.0001411259	0.0003269022
51.0262489000	-0.5806540176	2.1059056388	-0.0000922503	0.0003345716
52.1011162000	-0.0036017151	1.8326507246	-0.0000005722	0.0002911588
52.5251503000	-2.8163216927	1.7896926041	-0.0004474376	0.0002843339
53.0476036000	-1.8627402700	1.9214009623	-0.0002959392	0.0003052588
53.5394707000	-0.3498969379	1.5918441374	-0.0000555892	0.0002529011
54.0466995000	-0.1228683331	1.9538728806	-0.0000195205	0.0003104177
54.5820446000	-0.4083257984	1.7718018367	-0.0000648720	0.0002814915
55.0699692000	-0.4683541419	1.5907099356	-0.0000744088	0.0002527209
55.5612450000	-2.2223458513	2.1466959615	-0.0003530708	0.0003410521
56.0781822000	-2.0031721061	1.7580563910	-0.0003182500	0.0002793078
56.5275536000	-0.7103173878	1.8943998042	-0.0001128503	0.0003009691
57.0625076000	-0.8863866103	1.8861058987	-0.0001408229	0.0002996514
57.5069771000	-1.4915861740	1.6171001548	-0.0002369728	0.0002569136
58.0263176000	-0.4897251327	1.9557920075	-0.0000778041	0.0003107226
58.5193634000	0.1628458421	2.0710010237	0.0000258718	0.0003290262
59.0348740000	-1.5674413557	1.6921849527	-0.0002490242	0.0002688426
59.5337944000	-1.3735369125	1.9221989302	-0.0002182180	0.0003053856
60.0523109000	-2.0514406245	1.7402168065	-0.0003259186	0.0002764735
60.5002670000	-2.4522786088	1.6522686848	-0.0003896010	0.0002625009
61.0485725000	-0.9631198773	1.5881782459	-0.0001530138	0.0002523187
61.5567589000	-0.7756803455	2.1156716426	-0.0001232347	0.0003361232
62.5717239000	-0.3330221929	1.9395956348	-0.0000529082	0.0003081495
63.0092278000	-2.1430247157	1.7467658159	-0.0003404688	0.0002775140
63.5167885000	-3.7125902223	1.9329734530	-0.0005898305	0.0003070974
64.0042648000	-1.4260228768	1.7828623749	-0.0002265566	0.0002832488
64.5247803000	-2.2777203699	1.8794891515	-0.0003618684	0.0002986002
65.0550308000	-1.8776275532	1.7510135579	-0.0002983044	0.0002781888
65.5606842000	-1.3605616420	2.1595979118	-0.0002161566	0.0003431019
66.0192947000	-0.9373779093	1.8606471007	-0.0001489241	0.0002956067
66.5455169500	-3.6871687502	1.9104025772	-0.0005857917	0.0003035115
67.0322571000	-2.1164858341	1.9055716031	-0.0003362525	0.0003027439
67.5617447000	-0.5319845156	1.7979658056	-0.0000845180	0.0002856483
68.0421600500	-1.9423908565	1.6595091560	-0.0003085935	0.0002636513
68.5289688000	-1.4791787723	1.7380304572	-0.0002350016	0.0002761262
69.0313416000	-0.6829632553	1.8104049025	-0.0001085044	0.0002876245
69.5290070000	0.2108110082	2.0255023723	0.0000334922	0.0003217977
70.0492477000	-1.6014830668	2.0214469369	-0.0002544325	0.0003211534
70.5568390000	-1.7315972535	1.4594168695	-0.0002751041	0.0002318620
71.0209503500	-3.0474572482	1.9775713386	-0.0004841588	0.0003141828
71.5143356000	-0.3729690696	1.5080429004	-0.0000592547	0.0002395874
72.0225220000	-2.3710508314	1.8305119114	-0.0003766960	0.0002908190
72.9654922000	-3.4638878433	1.6991521247	-0.0005503184	0.0002699495
73.0229034000	-0.0494797276	1.8290954983	-0.0000078610	0.0002905940
73.5550156000	-2.2582517678	1.5526799196	-0.0003587753	0.0002466790
74.0673447000	-1.1047007493	1.7286028619	-0.0001755072	0.0002746284
74.5000000000	0.3724434377	2.0606224695	0.0000591712	0.0003273774
74.5720901000	-1.8488593077	1.9778802305	-0.0002937339	0.0003142318
75.0194321000	0.0916234454	1.9822978209	0.0000145565	0.0003149337
75.5262909000	-0.9346222564	2.0571078834	-0.0001484863	0.0003268190
76.0273819000	-0.0238810320	2.0186963555	-0.0000037941	0.0003207164
76.5026169000	-2.7956190789	1.9569928680	-0.0004441485	0.0003109134
77.0346145500	-0.4446403436	1.6845014390	-0.0000706414	0.0002676219
77.5042725000	-1.5724030371	1.6173349493	-0.0002498124	0.0002569509
78.0134201000	-0.9808139971	1.7445181420	-0.0001558249	0.0002771569
78.5162277000	-1.1991513064	1.9415464865	-0.0001905128	0.0003084594
79.0267219500	-0.3148750476	2.1596438020	-0.0000500252	0.0003431092
79.5788803000	-2.1982705300	2.2835172017	-0.0003492459	0.0003627893
80.0803070000	-0.6877119513	1.9031023564	-0.0001092589	0.0003023517
80.5661392000	-2.3303436392	1.9124878448	-0.0003702288	0.0003038428
81.0487366000	-1.3625763832	1.8252337625	-0.0002164766	0.0002899804
81.5259933000	-2.4157299888	2.1864741955	-0.0003837944	0.0003473718
82.0007477000	-2.4133939273	1.6661622974	-0.0003834232	0.0002647083
82.5099792000	-2.0809884931	1.9888265776	-0.0003306130	0.0003159709
83.5621109000	-2.3909801983	2.0225013786	-0.0003798623	0.0003213209
84.0791855000	-1.5327907229	2.0595945372	-0.0002435191	0.0003272140
84.5308609000	-0.3240104000	1.7324870720	-0.0000514765	0.0002752455
85.1126556000	-1.3278603203	1.8500229054	-0.0002109612	0.0002939188
85.5410309000	-1.4326999854	2.1014436596	-0.0002276174	0.0003338627
86.0541992000	-3.7756840844	1.9046229785	-0.0005998544	0.0003025932
86.5553665000	-1.2236586843	1.9008040352	-0.0001944064	0.0003019865
87.0615921000	0.2258045027	2.3567194828	0.0000358742	0.0003744192
87.5375671000	1.1079080912	1.8676282683	0.0001760167	0.0002967158
88.0838242000	-0.8231220661	1.5889744440	-0.0001307719	0.0002524452
88.5532837000	-1.2500378629	1.8320410072	-0.0001985973	0.0002910619
89.0557175000	-3.6282075073	1.8055188772	-0.0005764243	0.0002868483
89.6032066000	-0.7177891865	1.8888065412	-0.0001140373	0.0003000804
90.0577850000	-1.3074865588	1.8808689583	-0.0002077244	0.0002988194
90.5779419000	-2.3521267738	1.8705809901	-0.0003736895	0.0002971849
91.0470657000	-1.5451707009	1.7895794156	-0.0002454860	0.0002843159
91.6152191000	-3.1118886224	1.6832308359	-0.0004943952	0.0002674200
92.1032410000	-1.2259256494	1.5591535228	-0.0001947665	0.0002477075
92.5652161000	0.0220759916	1.7658218819	0.0000035073	0.0002805415
93.0185432500	-0.5254312507	1.8431432192	-0.0000834769	0.0002928258
94.1541519000	-1.9074120567	2.1135398605	-0.0003030363	0.0003357845
94.5490723000	0.0140329998	1.6066645105	0.0000022295	0.0002552557
95.0443802000	-1.0860996617	2.1261986010	-0.0001725520	0.0003377956
95.5475464000	-3.1848768865	2.1988633015	-0.0005059911	0.0003493401
96.0887756500	-1.2024506995	1.9590502347	-0.0001910370	0.0003112403
96.6232758000	-0.9911711894	1.6099406689	-0.0001574704	0.0002557762
97.1040726000	0.5218488347	2.0029728478	0.0000829077	0.0003182184
97.5954819000	-0.4060358765	1.8691092588	-0.0000645082	0.0002969511
98.0031509000	-2.5452333987	1.6766718041	-0.0004043690	0.0002663779
98.5047379000	-2.1203809590	2.2129673295	-0.0003368714	0.0003515808
99.0411072000	-1.2174972469	1.8998537015	-0.0001934275	0.0003018355
99.5393219000	-1.4660645773	1.9935872388	-0.0002329181	0.0003167273
100.0107193000	-0.6321777354	1.8632609140	-0.0001004360	0.0002960219
100.5035706000	-3.3408426464	1.9461748410	-0.0005307698	0.0003091947
101.0623627000	0.2126160927	2.0168810219	0.0000337790	0.0003204280
101.5339737000	-0.9550269819	1.8820103563	-0.0001517280	0.0002990007
102.0130119500	-2.2783009040	1.7901403949	-0.0003619606	0.0002844050
102.5245285000	0.2671133621	2.0740719940	0.0000424371	0.0003295141
103.0151443000	-1.4563082660	1.6166350446	-0.0002313681	0.0002568397
103.5106201000	-1.3345231115	1.9727291085	-0.0002120197	0.0003134135
104.4521027000	-2.5142885527	1.9538895757	-0.0003994527	0.0003104204
104.5084229000	-1.4891456555	2.0201770847	-0.0002365851	0.0003209517
105.0474091000	1.1184213110	1.8841960042	0.0001776870	0.0002993479
105.5395050000	0.1428661219	1.9598958685	0.0000226976	0.0003113746
106.0123977500	-3.5263782245	1.6565499092	-0.0005602464	0.0002631811
106.5322189000	-1.3747798753	1.5663650062	-0.0002184155	0.0002488532
107.0126648000	-0.7274846665	1.7931325972	-0.0001155777	0.0002848804
107.5031357000	-0.0772279201	1.8862749654	-0.0000122694	0.0002996782
108.0517197000	-0.1057068231	2.2417430468	-0.0000167940	0.0003561525
108.5636673000	-1.1818608562	1.9202180504	-0.0001877658	0.0003050709
109.0479355000	-2.0075335896	2.2700266762	-0.0003189430	0.0003606460
109.5630836500	-0.4922763356	2.3146937351	-0.0000782094	0.0003677424
110.0587577500	0.1912346337	1.9825711162	0.0000303820	0.0003149771
110.5107574000	-1.4837818495	1.7841512753	-0.0002357329	0.0002834535
111.0536346000	-3.8469486826	1.7979242555	-0.0006111764	0.0002856417
111.5436707000	-1.0345764311	1.7435619723	-0.0001643663	0.0002770050
112.0182724000	0.8628049800	1.8053429940	0.0001370764	0.0002868203
112.5145721000	-1.2029321709	1.9922512644	-0.0001911135	0.0003165150
113.0589447000	-0.0456463243	1.9831927696	-0.0000072520	0.0003150759
113.5187683000	-1.1369815855	2.0081822157	-0.0001806357	0.0003190460
114.0405426000	-2.3468959526	1.6857087975	-0.0003728585	0.0002678137
114.8642654000	-0.5417927195	1.6348888682	-0.0000860763	0.0002597398
115.0409241000	-0.4537593981	1.9122075302	-0.0000720901	0.0003037982
115.5516129000	1.1024538534	1.6483918153	0.0001751502	0.0002618850
116.0463257000	-1.6671082249	1.7053630806	-0.0002648585	0.0002709362
116.5298843000	0.2362823431	1.9109152067	0.0000375389	0.0003035929
117.0193787000	1.4462433854	1.7410292451	0.0002297691	0.0002766026
117.5138855000	0.5373796588	2.0259388067	0.0000853751	0.0003218671
118.0126114000	-2.4495168711	2.0841479268	-0.0003891622	0.0003311149
118.5085373000	-0.7569753113	2.0328154363	-0.0001202630	0.0003229596
119.0652313000	-0.3590141594	1.7958902185	-0.0000570377	0.0002853185
119.5494232000	-0.6905272032	1.8860910661	-0.0001097062	0.0002996490
120.0502701000	0.8597420886	1.7347335081	0.0001365898	0.0002756024
120.5538864000	1.7492617861	1.6673973691	0.0002779105	0.0002649045
121.0414581000	-0.4022972007	1.9626269548	-0.0000639142	0.0003118085
121.5282593000	-1.9832366225	1.9776008826	-0.0003150828	0.0003141875
122.0165710000	-1.5076986737	2.1498826049	-0.0002395327	0.0003415584
122.5079956000	-1.0518591621	1.9312948047	-0.0001671121	0.0003068307
123.0204697000	-1.6558223097	1.7140055002	-0.0002630655	0.0002723093
123.5341110000	-1.9319181789	2.1300844051	-0.0003069297	0.0003384130
124.0258484000	-1.5153844739	1.9012774669	-0.0002407537	0.0003020617
125.2573547000	-1.6743831441	1.7176410171	-0.0002660143	0.0002728868
125.5526047000	-3.1502914491	1.7008830360	-0.0005004964	0.0002702245
126.0557480000	-0.0508595679	2.0155508363	-0.0000080802	0.0003202167
126.5494156000	-0.5140726562	1.8513212208	-0.0000816723	0.0002941250
127.0479736000	-0.5947514870	2.0595139338	-0.0000944900	0.0003272012
127.5414429000	-0.6648799270	1.9577000517	-0.0001056315	0.0003110258
128.0422821000	-2.6961258180	1.9962194571	-0.0004283417	0.0003171454
128.5332489000	-2.3488545034	1.8736546789	-0.0003731697	0.0002976732
129.0082245000	-2.2045124219	2.0269142514	-0.0003502376	0.0003220220
129.5444031000	-1.8706693013	2.1002445482	-0.0002971989	0.0003336722
130.0360107000	0.7427359349	1.9710525173	0.0001180007	0.0003131471
130.5117188000	-0.9756275764	1.9856015253	-0.0001550009	0.0003154585
131.0126648000	-0.7249762562	1.9782079516	-0.0001151792	0.0003142839
131.5035553000	-1.4290102302	1.9945096862	-0.0002270312	0.0003168738
132.0477295000	-1.1784656799	1.9140669636	-0.0001872264	0.0003040936
132.5262909000	0.3645432437	2.2028250930	0.0000579161	0.0003499695
133.0587311000	1.0752432016	1.8767906276	0.0001708272	0.0002981714
133.5612335000	-0.3851340815	1.8638531125	-0.0000611874	0.0002961160
134.0413818000	0.1421220733	2.0363097327	0.0000225794	0.0003235147
134.5410767000	0.1096295206	1.7628725308	0.0000174172	0.0002800729
135.6850433000	-0.3897811171	2.0997834560	-0.0000619257	0.0003335990
136.0531464000	-1.9156872024	2.2565301101	-0.0003043510	0.0003585018
136.5584869000	-0.5932481971	1.8704303548	-0.0000942511	0.0002971610
137.0428162000	0.5654387119	1.7725719301	0.0000898330	0.0002816139
137.5562592000	0.6860994832	1.6760602539	0.0001090027	0.0002662808
138.0556793000	-0.6994088330	1.9617578282	-0.0001111172	0.0003116704
138.5422516000	-0.0705864768	1.8569990329	-0.0000112143	0.0002950271
139.0442963000	-1.5403489540	1.6132276540	-0.0002447199	0.0002562984
139.5283051000	-0.1198468724	1.7151255595	-0.0000190404	0.0002724872
140.0296936000	-1.4841911363	2.1211647371	-0.0002357980	0.0003369959
140.5624542000	-0.3318741607	1.9534183782	-0.0000527259	0.0003103455
141.0205231000	0.3437963609	2.0070655848	0.0000546200	0.0003188686
141.5178223000	-1.1480101773	2.0057366230	-0.0001823879	0.0003186575
142.0363770000	-1.7929625635	1.7606697686	-0.0002848534	0.0002797230
142.5197144000	-2.0200003113	1.8697627506	-0.0003209236	0.0002970549
143.0110016000	-1.0682930844	2.2623567889	-0.0001697230	0.0003594275
143.5242310000	-1.7741080934	2.0069299521	-0.0002818579	0.0003188471
144.0238342000	0.3898310530	1.7157130972	0.0000619336	0.0002725806
144.5123291000	0.3165981507	2.0078827872	0.0000502989	0.0003189984
145.0441589000	-1.3001187078	1.9755672193	-0.0002065538	0.0003138644
146.0732727000	-0.5537427422	1.6629705052	-0.0000879748	0.0002642012
146.5495758000	0.1124557019	1.8224253143	0.0000178662	0.0002895342
147.0033264000	0.1213442449	2.0971365116	0.0000192783	0.0003331784
147.5115737500	-0.8017834750	1.7848810817	-0.0001273818	0.0002835695
148.0311279000	-0.1961233334	1.9788664115	-0.0000311587	0.0003143885
148.5155029000	-0.7995742553	1.9701625938	-0.0001270308	0.0003130057
149.0144043000	-1.1082058825	2.0750043235	-0.0001760640	0.0003296622
149.5104523000	0.8883126955	1.8146971115	0.0001411289	0.0002883064
150.0370483000	-1.9457585527	1.7039949091	-0.0003091286	0.0002707188
150.5305481000	-0.4285127314	2.1057979570	-0.0000680791	0.0003345545
151.0202484000	0.3094061699	1.7848818657	0.0000491563	0.0002835696
151.5013123000	-0.6917994397	1.8924649370	-0.0001099083	0.0003006617
152.0459900000	-1.2062339324	2.2705357414	-0.0001916380	0.0003607269
152.5619202000	-1.8156255878	1.7748822564	-0.0002884540	0.0002819809
153.0377350000	-1.1604087121	1.7048704259	-0.0001843577	0.0002708579
153.5390320000	2.6824323520	1.6513097707	0.0004261662	0.0002623486
154.0256195000	-0.0332064490	2.0513782885	-0.0000052756	0.0003259087
154.5023651000	-1.3075074761	2.2032323001	-0.0002077277	0.0003500342
155.0516357000	0.6268570725	1.7366062256	0.0000995907	0.0002758999
155.5594482000	-1.2308584089	1.9042600933	-0.0001955502	0.0003025356
156.5410004000	0.1304666753	1.9192836138	0.0000207276	0.0003049224
157.0321655000	0.0411998444	2.2162909309	0.0000065455	0.0003521089
157.5185089000	-0.0708420794	1.8206071241	-0.0000112549	0.0002892454
158.0111389000	0.9026852274	1.7850934424	0.0001434123	0.0002836032
158.5066528000	-0.2140995121	1.7226475669	-0.0000340146	0.0002736823
159.0072632000	0.0544533489	1.8425480484	0.0000086512	0.0002927312
159.5067749000	-1.2210980001	2.1345521632	-0.0001939995	0.0003391228
160.0467834000	-0.6605962985	2.0467914638	-0.0001049509	0.0003251800
160.5396881000	-0.1162994110	1.8219603062	-0.0000184768	0.0002894604
161.0478820500	-0.3871326313	1.9170088064	-0.0000615049	0.0003045610
161.5476532000	0.7600902631	2.0240756211	0.0001207578	0.0003215710
162.0450897000	-1.8484762246	2.0673715725	-0.0002936730	0.0003284496
162.5296936000	0.2626275143	2.1010920971	0.0000417244	0.0003338069
163.0134735000	-2.1327732738	1.4718069823	-0.0003388402	0.0002338304
163.5151978000	2.0826175117	1.7693324742	0.0003308718	0.0002810992
164.0030823000	0.5362559110	2.1534755813	0.0000851966	0.0003421292
164.5408630000	-1.0674930882	2.1375709022	-0.0001695959	0.0003396024
165.0402374000	-0.9262674953	1.8618444836	-0.0001471589	0.0002957969
165.5482483000	-2.7202623553	2.1984288653	-0.0004321763	0.0003492711
166.0262909000	-2.1618211764	1.7389026591	-0.0003434551	0.0002762647
167.0108795000	-0.2836542844	1.6907320090	-0.0000450650	0.0002686117
167.5333405000	0.2731291783	2.0598287552	0.0000433929	0.0003272513
168.0437622000	-2.0689013390	2.2443067999	-0.0003286926	0.0003565598
168.5299683000	-3.0673680416	1.8918542456	-0.0004873221	0.0003005646
169.0365601000	-0.8810199325	1.7658531767	-0.0001399703	0.0002805465
169.5282898000	1.6324563983	2.0267449694	0.0002593533	0.0003219951
170.0227051000	-0.9935951177	1.8237417467	-0.0001578555	0.0002897434
170.5183716000	-0.8802329844	1.9762281535	-0.0001398453	0.0003139694
171.0145111000	2.0138368174	1.8576814147	0.0003199444	0.0002951355
171.5223846000	-0.8607688879	1.9494340680	-0.0001367530	0.0003097125
172.0134277000	0.6546914736	1.8884451231	0.0001040128	0.0003000230
172.5502777000	0.9141684971	1.9446814033	0.0001452367	0.0003089574
173.0573273000	-1.8923680517	1.9961310591	-0.0003006463	0.0003171314
173.5522003000	0.8963480478	2.1725175185	0.0001424055	0.0003451545
174.0784225500	0.2287162549	2.1402071747	0.0000363368	0.0003400212
174.5283203000	0.5878852991	2.2066797221	0.0000933991	0.0003505819
175.0331726000	1.2127333847	2.1097079882	0.0001926706	0.0003351757
175.5084839000	0.1226256237	1.7956972260	0.0000194819	0.0002852879
176.0005951000	0.3711505970	2.1719389624	0.0000589658	0.0003450625
176.5488739000	1.5722879581	1.8021180256	0.0002497942	0.0002863080
177.3802948000	-0.9178501678	2.1043380010	-0.0001458216	0.0003343226
177.5553284000	-0.1053909391	1.9278123834	-0.0000167438	0.0003062774
178.0395203000	2.9057320442	1.8096857870	0.0004616425	0.0002875103
178.5632324000	3.9829958048	2.0187419242	0.0006327906	0.0003207237
179.0017395000	1.3719965821	1.7929712924	0.0002179733	0.0002848548
179.5680389000	-0.2215055279	1.9120812789	-0.0000351913	0.0003037782
180.0008392000	1.6466292340	2.0298540087	0.0002616050	0.0003224891
180.5651855000	-0.5606807148	1.8441180033	-0.0000890770	0.0002929806
181.0296326000	0.9760438085	2.4163266589	0.0001550670	0.0003838892
181.5386047000	-1.4480867975	2.2609633666	-0.0002300619	0.0003592061
182.0308685000	1.4720468430	2.1132253231	0.0002338686	0.0003357345
182.5021896500	1.5710809925	1.7848374848	0.0002496024	0.0002835626
183.0188141000	1.5782148368	2.2212490330	0.0002507358	0.0003528966
183.5466766000	1.9847884354	1.9999304652	0.0003153294	0.0003177350
184.0249176000	1.6326419513	2.4197177393	0.0002593828	0.0003844279
184.5172119000	1.9321802585	2.1519058715	0.0003069713	0.0003418798
185.0082855000	1.7205436371	2.1062934613	0.0002733480	0.0003346332
185.5132904000	0.7384769942	2.4278204007	0.0001173241	0.0003857152
186.0106049000	1.0951827968	2.0714965778	0.0001739950	0.0003291050
186.5506744000	1.4825572834	2.1706722433	0.0002355384	0.0003448613
187.0093841500	-0.7245710447	1.8865653680	-0.0001151148	0.0002997244
187.8505554000	1.9377533182	1.7624508609	0.0003078568	0.0002800059
188.0252075000	2.2995163738	2.3929701587	0.0003653312	0.0003801784
188.5176392000	1.2992780717	2.1187534322	0.0002064203	0.0003366128
189.0522461000	2.3537989286	1.7784170563	0.0003739552	0.0002825425
189.5579071000	0.7639334485	1.6747871174	0.0001213684	0.0002660785
190.0407104000	2.6727025730	2.1794318000	0.0004246204	0.0003462530
190.5222321000	1.1052521868	2.1901496195	0.0001755948	0.0003479557
191.0158386000	2.1640759945	1.8261163324	0.0003438133	0.0002901206
191.5046082000	-0.0405433388	1.8823752166	-0.0000064412	0.0002990587
192.0534515000	0.7111960629	2.6293300270	0.0001129899	0.0004177296
192.5326233000	2.1946609884	2.1294325079	0.0003486725	0.0003383094
193.0476532000	2.8054075431	1.9943155725	0.0004457036	0.0003168430
193.5123596000	3.3374967800	2.0842229314	0.0005302383	0.0003311268
194.0740967000	2.8642655152	1.7651668259	0.0004550546	0.0002804374
194.5516205000	2.0176938441	2.5618477767	0.0003205572	0.0004070085
195.0263214000	2.1326858310	2.2705882012	0.0003388263	0.0003607352
195.5137634000	1.9115599753	2.1366946896	0.0003036953	0.0003394632
196.0558014000	3.9957889461	2.0072249458	0.0006348231	0.0003188939
196.5604401000	2.2923120392	2.1152198621	0.0003641866	0.0003360514
197.0211487000	5.0680345362	2.1425781251	0.0008051740	0.0003403979
198.2567215000	1.5877880265	2.2189408593	0.0002522567	0.0003525299
198.5275269000	2.2975681435	2.2563463220	0.0003650216	0.0003584726
199.0104523000	0.1535208018	2.2006594354	0.0000243903	0.0003496254
199.5203400000	2.0881030972	2.4690418673	0.0003317433	0.0003922642
200.0225983000	1.6606674007	2.5294894262	0.0002638353	0.0004018677
200.5447083000	4.5154587945	2.0539567002	0.0007173847	0.0003263183
201.0214691000	2.9046245798	2.0116439984	0.0004614665	0.0003195960
201.5167999000	4.8701131582	2.0259205497	0.0007737297	0.0003218642
202.0672455000	2.2872851795	2.0729205420	0.0003633879	0.0003293312
202.5452271000	6.4206091193	2.2254558511	0.0010200617	0.0003535649
203.0412445000	2.4712205919	1.6866671508	0.0003926103	0.0002679659
203.5415497000	4.3927241877	2.0614098219	0.0006978854	0.0003275024
204.0260925000	1.4129851116	2.2693389579	0.0002244852	0.0003605368
204.5130310000	2.9518910926	1.8284807312	0.0004689759	0.0002904963
205.0075073000	3.3177744837	2.1194900030	0.0005271049	0.0003367298
205.5440979000	2.4070373262	1.9856284748	0.0003824133	0.0003154628
206.0372925000	4.5217165856	1.7801062711	0.0007183788	0.0002828109
206.5119629000	5.2545113059	2.1704355577	0.0008348002	0.0003448237
207.0072021000	3.9806475244	2.1143953767	0.0006324176	0.0003359204
207.5525665000	5.5859125348	2.1842995059	0.0008874509	0.0003470263
208.6702271000	5.1853386834	1.8530567992	0.0008238105	0.0002944008
209.0081634500	1.5131054173	2.0464651873	0.0002403917	0.0003251281
209.5167847000	3.7778551909	2.2437927718	0.0006001993	0.0003564782
210.0077057000	4.3477178148	1.8980451471	0.0006907351	0.0003015482
210.5548553000	1.5522724824	2.3640915778	0.0002466142	0.0003755904
211.0054932000	4.8925381727	2.0208078326	0.0007772924	0.0003210519
211.5417786000	6.3925351019	1.6119530489	0.0010156015	0.0002560959
212.0423737000	4.8705490349	2.5877442229	0.0007737989	0.0004111228
212.5255890000	5.8423104723	2.0441345602	0.0009281856	0.0003247579
213.0237732000	6.0210925703	2.0723860034	0.0009565893	0.0003292463
213.5403442000	6.1101784080	2.0151277397	0.0009707426	0.0003201495
214.0114746000	5.1826915997	2.2733113587	0.0008233900	0.0003611679
214.5536346000	4.9662482189	2.3874555116	0.0007890029	0.0003793023
215.0553894000	8.5601995994	1.7426491646	0.0013599849	0.0002768600
215.5125885000	5.5534380426	2.1828556530	0.0008822916	0.0003467969
216.0083313000	4.3075801933	1.9045206747	0.0006843584	0.0003025770
216.5199890000	5.6474860471	2.1770884204	0.0008972333	0.0003458807
217.0206757000	5.4321772267	2.3310367859	0.0008630265	0.0003703389
217.5201111000	7.2388982151	2.1781218822	0.0011500657	0.0003460448
218.0173950000	7.2181993090	2.1247689545	0.0011467773	0.0003375685
219.0722961000	6.0731921506	1.8984725754	0.0009648665	0.0003016161
219.5061417000	6.9823307350	1.9042428140	0.0011093041	0.0003025328
220.0256805000	7.5121181474	1.9940282019	0.0011934730	0.0003167973
220.5196381000	6.9143192376	2.1657033635	0.0010984989	0.0003440719
221.0624084000	6.7204759199	2.3982035686	0.0010677024	0.0003810099
221.5496368000	6.5978852604	2.2278587332	0.0010482261	0.0003539467
222.0391235000	9.6239252306	2.0977642170	0.0015289822	0.0003332782
222.5004730500	8.8699242537	2.0119727864	0.0014091918	0.0003196482
223.0388031000	11.3008539681	2.1545402717	0.0017954010	0.0003422984
223.5258789000	12.4513920125	2.5252579895	0.0019781905	0.0004011954
224.0332947000	8.5315169901	2.1025523976	0.0013554280	0.0003340389
224.5232697000	12.0096132215	2.1501353335	0.0019080037	0.0003415985
225.0452805000	8.2407679466	2.1943892553	0.0013092358	0.0003486293
225.5330886500	9.8546884338	1.9408801411	0.0015656443	0.0003083535
226.0527191000	9.8474327662	2.2045024265	0.0015644916	0.0003502360
226.5213776000	8.1490366108	2.0751741240	0.0012946622	0.0003296892
227.0776520000	12.7241959925	2.2640422280	0.0020215317	0.0003596953
227.5299759000	8.4361636987	2.1235402311	0.0013402790	0.0003373733
228.0896606500	11.7760991387	2.5181296509	0.0018709046	0.0004000629
228.5531616000	9.6427940638	2.3403516288	0.0015319800	0.0003718188
229.5425415000	11.1828693887	1.9818714654	0.0017766564	0.0003148659
230.0219574000	12.0319405566	1.8632135089	0.0019115509	0.0002960144
230.5009766000	9.8118044426	2.2891299148	0.0015588312	0.0003636810
231.0366669000	11.4755036794	1.9842603374	0.0018231481	0.0003152455
231.5066071000	12.1714303881	2.4526590533	0.0019337121	0.0003896614
232.0599365000	11.8559107295	1.7306634274	0.0018835846	0.0002749558
232.5540771000	12.0834352912	2.1972410164	0.0019197321	0.0003490824
233.0338135000	10.7377484373	2.1614244398	0.0017059387	0.0003433921
233.5414581000	15.3274102932	2.5997254307	0.0024351122	0.0004130263
234.0799103000	12.5083091439	2.1419713127	0.0019872331	0.0003403015
234.5062408000	13.1506267612	2.2415270887	0.0020892800	0.0003561182
235.0199127000	10.4348604812	2.1476836138	0.0016578180	0.0003412090
235.5183868000	17.8504733299	2.0208957583	0.0028359589	0.0003210658
236.0299072000	13.3006603011	2.4613537285	0.0021131163	0.0003910427
236.5064926500	13.0373412650	2.5643090657	0.0020712820	0.0004073996
237.0396729000	13.4047086918	2.6238470820	0.0021296468	0.0004168586
237.5334625000	14.3283796733	2.2798677115	0.0022763932	0.0003622095
238.0171509000	13.5402125960	2.0830357635	0.0021511747	0.0003309382
238.5343933000	17.2255496453	2.3797638664	0.0027366754	0.0003780803
239.0319672000	14.3570066856	1.7527966925	0.0022809413	0.0002784721
240.0352478000	14.4821576224	2.3950008440	0.0023008244	0.0003805011
240.5277863000	12.7712069849	2.6286918878	0.0020290004	0.0004176283
241.0434265000	16.6856143736	2.2785401721	0.0026508942	0.0003619986
241.5320129000	14.6231528223	2.3159863968	0.0023232247	0.0003679478
242.0291290000	21.3675261176	2.2125593846	0.0033947238	0.0003515160
242.5645294000	16.1844265140	2.4291322331	0.0025712690	0.0003859236
243.0233917000	17.9147404801	2.7942169146	0.0028461692	0.0004439257
243.5347900000	17.3915813746	2.6463130982	0.0027630534	0.0004204278
244.0017395000	19.6213936293	2.3031741794	0.0031173104	0.0003659123
244.5263062000	17.9206945152	2.5002270333	0.0028471152	0.0003972187
245.0283661000	17.0524092656	2.0737894244	0.0027091681	0.0003294692
245.5662537000	18.8417021828	2.8404223312	0.0029934385	0.0004512665
246.0535431000	19.6982337512	2.4305564665	0.0031295182	0.0003861499
246.5428619000	21.8476552896	2.7677496533	0.0034710034	0.0004397208
247.0270081000	20.1347355021	2.2382343799	0.0031988666	0.0003555951
247.5483398000	21.0034921496	2.6852095744	0.0033368886	0.0004266074
248.0388031000	22.5560696021	2.3167638066	0.0035835513	0.0003680713
248.5252838000	20.0048140541	2.8204057086	0.0031782256	0.0004480864
249.0254822000	22.0121204655	1.9284270907	0.0034971324	0.0003063751
249.5410614000	18.2312094997	2.5875260106	0.0028964476	0.0004110881
250.4484863000	22.2794276427	2.4859819039	0.0035396003	0.0003949555
250.5540161000	18.3281198625	2.2787496460	0.0029118441	0.0003620319
251.0013733000	22.3827839999	3.0676177821	0.0035560209	0.0004873618
251.5123596000	21.3978046884	2.1925227794	0.0033995342	0.0003483328
252.0517731000	25.2130783489	2.6709858082	0.0040056783	0.0004243476
252.5027466000	22.1098543403	2.6292980280	0.0035126597	0.0004177246
253.0523224000	22.2021155568	2.2728466921	0.0035273175	0.0003610941
253.5135803500	23.4384309032	2.2635927519	0.0037237347	0.0003596239
254.0331116000	23.3660278265	2.0544735135	0.0037122318	0.0003264004
254.5122681000	27.3295825173	2.6752003515	0.0043419338	0.0004250172
255.0598755000	24.4826982270	2.8697227165	0.0038896406	0.0004559216
255.5591583000	26.8325029935	2.8818857702	0.0042629613	0.0004578539
256.0050964000	26.7411587837	3.4453722822	0.0042484491	0.0005473768
256.5057678000	24.2473604392	2.3888525880	0.0038522518	0.0003795243
257.0392761500	27.2225354210	2.9412560124	0.0043249269	0.0004672863
257.5310516500	24.7427551926	2.7002270329	0.0039309567	0.0004289933
258.0670471000	27.8986209546	2.6282208988	0.0044323387	0.0004175534
258.5535583000	26.3170402425	2.6795786598	0.0041810681	0.0004257128
259.0235901000	27.0897937099	2.6876892169	0.0043038378	0.0004270014
259.5018616000	27.2193271989	2.4846720009	0.0043244172	0.0003947474
260.8992920000	30.8796118545	2.6092974140	0.0049059377	0.0004145470
261.0407257000	27.5234397826	1.9669449215	0.0043727325	0.0003124945
261.5134277000	29.7436466336	2.4208463389	0.0047254635	0.0003846072
262.0008240000	30.4700870130	2.1979084351	0.0048408753	0.0003491884
262.5245667000	31.9752997442	3.0824630830	0.0050800130	0.0004897203
263.0347290000	28.9057904419	2.5573577582	0.0045923507	0.0004062952
263.5348816000	30.2821059299	2.8118578343	0.0048110102	0.0004467284
264.0275574000	30.5555223715	2.1995841002	0.0048544487	0.0003494546
264.5294800000	28.1079574162	2.2824591446	0.0044655966	0.0003626212
265.0534363000	31.6228628877	2.1854901409	0.0050240203	0.0003472155
265.5061646000	31.4118919949	2.4307067289	0.0049905027	0.0003861738
266.0059509000	28.6009324074	2.4884846322	0.0045439170	0.0003953531
266.5547180000	31.4884161668	2.8425798699	0.0050026603	0.0004516093
267.0377808000	32.7556168712	2.5880825569	0.0052039844	0.0004111765
267.5343018000	31.0234445549	2.7373206861	0.0049287889	0.0004348865
268.0399780000	33.9797082880	2.6327642365	0.0053984595	0.0004182753
268.5390320000	32.1384732688	3.1205803702	0.0051059369	0.0004957761
269.0553894000	32.6298283451	2.4383419973	0.0051839999	0.0003873868
269.5415344000	34.7015167406	2.6310096268	0.0055131354	0.0004179965
270.0425415000	32.7519882486	2.5469164895	0.0052034079	0.0004046364
271.3038635000	35.2267095055	2.7019053673	0.0055965743	0.0004292599
271.5508728000	35.1778217047	3.2852970372	0.0055888074	0.0005219451
272.0443115000	35.7402694176	2.2389113515	0.0056781652	0.0003557026
272.5348511000	34.6546660112	2.5742930546	0.0055056921	0.0004089858
273.0446777000	34.4281671168	2.6310119165	0.0054697075	0.0004179969
273.5002441000	37.7228179918	2.7058891498	0.0059931387	0.0004298928
274.0079651000	35.4504758833	2.5784848559	0.0056321248	0.0004096517
274.5528564000	39.0503967538	2.5667937636	0.0062040552	0.0004077943
275.0303040000	36.7458903109	2.2171967662	0.0058379312	0.0003522528
275.5287170000	36.7030839429	2.3131402320	0.0058311304	0.0003674956
276.0210571000	37.6363988137	2.3735064814	0.0059794090	0.0003770862
276.5152588000	37.2138505758	2.1130366528	0.0059122775	0.0003357046
277.0002441000	36.9250506575	2.6734530001	0.0058663950	0.0004247396
277.5288544000	37.2854547344	2.4548495687	0.0059236535	0.0003900094
278.0483398000	38.3536156914	2.4108486108	0.0060933554	0.0003830188
278.5441589000	38.8002338734	2.2347514460	0.0061643110	0.0003550418
279.0426636000	40.8676602510	2.6715635171	0.0064927693	0.0004244394
279.5304871000	39.3844281254	2.5528235329	0.0062571237	0.0004055748
280.0418701000	41.0075587647	2.9937787382	0.0065149954	0.0004756307
280.5333252000	39.2097278554	2.3877563313	0.0062293686	0.0003793501
281.7056274000	41.1643160751	2.3427071502	0.0065398999	0.0003721930
282.0121765000	41.0083791736	3.3148028199	0.0065151258	0.0005266328
282.5094910000	40.5356211697	2.3911032885	0.0064400173	0.0003798818
283.0614624000	40.3703800043	2.5629678890	0.0064137649	0.0004071865
283.5836334000	42.1383312488	2.3452698503	0.0066946447	0.0003726001
284.0562134000	38.5983565629	2.4097845557	0.0061322382	0.0003828498
284.5520935000	42.1937475575	2.9204147316	0.0067034488	0.0004639752
285.0003052000	42.0966217599	2.6887302755	0.0066880182	0.0004271667
285.5606079000	45.5508410621	2.7176342719	0.0072368005	0.0004317588
286.0161743000	45.9251314373	2.6598400320	0.0072962651	0.0004225769
286.5131225500	43.0516509312	2.5722903827	0.0068397466	0.0004086676
287.0183563500	40.6417891667	2.5730276068	0.0064568845	0.0004087847
287.5223389000	44.2807277597	2.6675657553	0.0070350137	0.0004238043
288.0186157000	44.6542307647	3.1288219375	0.0070943533	0.0004970854
288.5033569000	45.2758437428	2.0762473068	0.0071931108	0.0003298597
289.0054016000	43.2637137858	2.3703985554	0.0068734376	0.0003765924
289.5446167000	44.0209021137	2.8672860454	0.0069937344	0.0004555344
290.0274658000	45.8324255535	2.8650743278	0.0072815367	0.0004551831
290.5083008000	44.8884590605	2.7271289844	0.0071315658	0.0004332673
291.0235901000	41.6620773399	2.7523031416	0.0066189808	0.0004372668
292.1610413000	45.9949873500	2.4895786786	0.0073073634	0.0003955269
292.5229187000	46.5132126559	2.9203179911	0.0073896954	0.0004639598
293.0649109000	45.4067057946	2.4432374149	0.0072139013	0.0003881645
293.5677490000	46.8456665621	2.5747344723	0.0074425133	0.0004090559
294.0205078000	45.6539222260	2.9009141552	0.0072531773	0.0004608770
294.5597534000	45.0398044781	2.3211552357	0.0071556106	0.0003687690
295.0419617000	41.9673621915	2.4100211307	0.0066674823	0.0003828874
295.5058288500	42.5919380271	2.7477355280	0.0067667106	0.0004365411
296.0409240500	45.7895829175	2.0815014343	0.0072747301	0.0003306945
296.5029297000	46.8275675944	2.5611914530	0.0074396379	0.0004069043
297.0527954000	47.3369246642	2.6643476005	0.0075205610	0.0004232930
297.5419617000	44.2251388439	2.4476560714	0.0070261821	0.0003888666
298.0196228000	46.4431612541	2.3163706061	0.0073785661	0.0003680088
298.5107117000	44.6986711298	2.5210456139	0.0071014137	0.0004005262
299.0424805000	46.5363343601	3.2190851790	0.0073933688	0.0005114258
299.5064697000	46.9490820474	3.2524698006	0.0074589433	0.0005167298
300.0518494000	45.2197088513	2.6651231965	0.0071841925	0.0004234162
300.5197754000	45.0873314822	2.3434582646	0.0071631613	0.0003723123
301.0330811000	45.0519032248	3.1641490049	0.0071575327	0.0005026980
301.5238037000	45.8974466462	3.2452051652	0.0072918668	0.0005155756
302.5979766500	45.6927087742	2.8570943714	0.0072593394	0.0004539153
303.0406494000	42.8845726566	2.5338404644	0.0068132023	0.0004025589
303.5400085000	45.7381959599	2.5141232622	0.0072665661	0.0003994264
304.0606384500	47.7517147974	2.3996889494	0.0075864600	0.0003812459
304.5214539000	44.4972044097	2.6568519284	0.0070694060	0.0004221021
305.0227966000	46.1131186416	2.5706937492	0.0073261312	0.0004084139
305.5223389000	48.5963476334	2.8261710391	0.0077206494	0.0004490024
306.0708923000	47.1699894424	2.8638528059	0.0074940395	0.0004549890
306.5819397000	49.2610551089	2.8755250632	0.0078262535	0.0004568434
307.0077515000	45.7416663043	2.2784679107	0.0072671175	0.0003619871
307.5001221000	48.8940837702	2.8029886291	0.0077679516	0.0004453193
308.0620117000	51.3134106588	2.4355889324	0.0081523174	0.0003869494
308.5465698000	45.6678355748	2.4243411419	0.0072553878	0.0003851624
309.0639954000	45.6577818657	3.0625880991	0.0072537905	0.0004865627
309.5486755000	48.2179708716	2.3683659331	0.0076605355	0.0003762695
310.0426331000	43.8711530129	2.7747380724	0.0069699433	0.0004408311
310.5212402000	42.7104641944	2.5155674677	0.0067855412	0.0003996558
311.0684814000	42.8290146738	3.0657786523	0.0068043757	0.0004870696
311.5024109000	47.4097855525	2.7455113432	0.0075321366	0.0004361877
312.0013733000	46.6018506149	2.3793634993	0.0074037776	0.0003780167
312.9316101000	45.6252112706	2.3046852511	0.0072486159	0.0003661523
313.0636292000	48.0692156364	2.3918130345	0.0076369023	0.0003799946
313.5652771000	47.7039875801	2.4679795473	0.0075788774	0.0003920954
314.0157623000	44.6061670938	2.5993244477	0.0070867173	0.0004129626
314.5325623000	46.5242915425	2.8848401208	0.0073914555	0.0004583233
315.0016174000	46.7428876382	3.0542106036	0.0074261845	0.0004852317
315.5311584000	46.2410888065	2.6095600055	0.0073464622	0.0004145887
316.0566711000	43.6831919735	2.4573227791	0.0069400814	0.0003904023
316.5115662000	49.0683925717	2.4218002710	0.0077956446	0.0003847588
317.0479431000	46.9453438914	3.0776713748	0.0074583494	0.0004889590
317.5515747000	46.3198627838	2.4718240863	0.0073589773	0.0003927062
318.0235596000	49.0044208935	2.6353237811	0.0077854812	0.0004186819
318.5163574000	48.5246040877	2.6625482851	0.0077092513	0.0004230071
319.0197754000	43.7318008860	2.2068204001	0.0069478040	0.0003506043
319.5060425000	46.8852621154	2.3373445174	0.0074488040	0.0003713410
320.0401306000	46.5599205077	2.8023636529	0.0073971160	0.0004452200
320.5303650000	43.5429456971	1.9998955645	0.0069178001	0.0003177295
321.0466309000	45.9323899799	2.8902874333	0.0072974183	0.0004591887
321.5237427000	43.7029583297	3.1015429902	0.0069432217	0.0004927516
322.0347900000	42.1113732948	3.1851641545	0.0066903618	0.0005060367
323.3506165000	46.0283020021	2.5956099307	0.0073126562	0.0004123724
323.5083008000	44.6929342319	2.7553407504	0.0071005022	0.0004377494
324.0342407000	44.9367938827	2.8884883531	0.0071392449	0.0004589029
324.5168152000	46.5538876286	2.6233096855	0.0073961575	0.0004167732
325.0121460000	45.5614294406	3.2095138020	0.0072384827	0.0005099052
325.5204468000	48.9112051660	2.6539167513	0.0077706717	0.0004216358
326.0124512000	44.6213172686	2.4429223101	0.0070891242	0.0003881145
326.5430908500	47.2036973111	3.5190200714	0.0074993948	0.0005590774
327.0033264000	45.4375765126	2.9303622244	0.0072188058	0.0004655555
327.5078125000	45.8057288110	2.7109209492	0.0072772953	0.0004306922
328.0098267000	47.9675419839	2.3776254985	0.0076207491	0.0003777406
328.5376739500	47.9408798264	2.7064262510	0.0076165132	0.0004299782
329.0466919000	44.9789297575	2.7988542229	0.0071459392	0.0004446625
329.5169373000	44.8597642029	2.7341722849	0.0071270070	0.0004343863
330.0100098000	46.0536400965	2.9380508874	0.0073166817	0.0004667771
330.5125122000	46.2606443513	2.4958280985	0.0073495691	0.0003965198
331.0368652000	43.3608032061	2.3542699441	0.0068888625	0.0003740300
331.5026703000	45.3327327728	2.6067497741	0.0072021490	0.0004141423
332.0243530000	46.1709529557	2.3993515146	0.0073353195	0.0003811923
332.5018311000	44.0034148941	2.3277773490	0.0069909562	0.0003698211
333.7604370000	45.8491038492	2.3511040766	0.0072841864	0.0003735270
334.0119934000	44.1755971291	2.4964577742	0.0070183113	0.0003966198
334.5004883000	45.0486961977	2.8633487375	0.0071570232	0.0004549089
335.0537720000	40.7943329629	2.7669231267	0.0064811196	0.0004395895
335.5024414000	43.6767053146	2.6589246775	0.0069390508	0.0004224314
336.0464172000	44.5611589128	3.5080489970	0.0070795667	0.0005573344
336.5446777000	46.5892626166	2.8617761817	0.0074017777	0.0004546591
337.0421753000	44.1146968246	2.9996280093	0.0070086359	0.0004765600
337.5491943000	47.3797714733	2.7886975697	0.0075273682	0.0004430489
338.0468140000	41.9026504788	3.0937053504	0.0066572014	0.0004915064
338.5481567000	44.2845806537	3.0498756762	0.0070356259	0.0004845430
339.0278931000	47.0003537500	2.7296121238	0.0074670890	0.0004336618
339.5373230000	43.2169485571	3.1389372408	0.0068660079	0.0004986925
340.0422974000	43.9535468146	3.1919627265	0.0069830335	0.0005071168
340.5154724000	40.9003159618	3.2013868139	0.0064979574	0.0005086140
341.0089111000	44.7432065620	2.3938780838	0.0071084891	0.0003803227
341.5012207000	47.7593987995	2.7250096515	0.0075876808	0.0004329306
342.0278931000	44.0802849242	2.4714536906	0.0070031688	0.0003926474
342.5129395000	41.8466265283	2.9308594763	0.0066483007	0.0004656345
343.0509338000	45.2623015835	2.9749890339	0.0071909593	0.0004726455
344.2512512000	41.9502055088	2.6221288368	0.0066647566	0.0004165856
344.5277099500	44.3432648109	2.4235547130	0.0070449492	0.0003850375
345.0317383000	42.8240575656	3.2569332886	0.0068035881	0.0005174389
345.5131226000	41.3018124133	2.8254704846	0.0065617444	0.0004488911
346.0153198000	39.4986833341	3.2229110188	0.0062752758	0.0005120337
346.5258179000	40.5646147644	2.6471607665	0.0064446236	0.0004205625
347.0142212000	44.7678214542	2.9979441969	0.0071123998	0.0004762925
347.5094910000	39.9171751521	3.1411889075	0.0063417629	0.0004990502
348.0538940000	41.2641457280	2.4037726583	0.0065557602	0.0003818947
348.5299072000	44.5012712202	2.6757881375	0.0070700521	0.0004251106
349.0032349000	41.3139423178	3.4135848276	0.0065636715	0.0005423266
349.5014648000	40.6137427783	2.6151124984	0.0064524287	0.0004154709
349.7511597000	41.2462414620	2.2991630015	0.0065529157	0.0003652750
