#Initialized App on 2018-12-28 20:06:52.650313
#Set wavelength to 5.1836 A
#Load data from ../0Rawdata/ES_S16_30K_ZFC_7Oe_Remanence_tranformed_angs_uu_masked_qz_I.xy
#Select data from 0.0038
#Select data above noise threshold of 0.0.
#Applying footprint correction for a equidistributed beam using a sample size of 15 and a beam size of 1.
#Rescaling data by setting mean value between 0.0066 .. 0.0092 (Imean = 1.4464066174329033) to 1.
#Load data from ../0Rawdata/ES_S16_30K_ZFC_7Oe_Remanence_tranformed_angs_du_masked_qz_I.xy
#Select data from 0.0038
#Select data above noise threshold of 0.0.
#Applying footprint correction for a equidistributed beam using a sample size of 15 and a beam size of 1.
#Rescaling data by renormalization factor 1.4464066174329033.
#[[Data]]
#q / A-1	I / a.u.	sI / a.u.
0.00380801000941	0.0013982648692395373	0.0029525985759889053
0.00456961118445	0.010264980859133284	0.007714167542064963
0.00533121190849	0.09768356108036327	0.01009383821832368
0.00609281210636	0.3713029415640454	0.015971677546382974
0.00685441170289	0.7679415582495329	0.020927859320632836
0.00761601062293	1.0584524424681503	0.02287995042205719
0.00837760879129	1.1490123386688995	0.022345197809265846
0.00913920613281	1.0699414573426416	0.020214362936422155
0.00990080257233	0.8605383735564084	0.017111888710093108
0.0106623980347	0.847563460653363	0.016171788092373112
0.0114239924447	0.9120985964324397	0.022445376300783002
0.0121855857272	0.8072287965575048	0.020258356564640378
0.012947177807	0.4301651641569902	0.011729973735809966
0.0137087686091	0.14769655737931311	0.006950709037826538
0.0144703580581	0.05708654874174999	0.0035015620076175005
0.0152319460789	0.11197485417784091	0.004615555396282703
0.0159935325964	0.1857063457844789	0.007286451127651253
0.0167551175354	0.13196023372532895	0.004999852442255943
0.0175167008208	0.04814985142808574	0.002502939108432691
0.0182782823773	0.018149535398342225	0.0011541411416194072
0.0190398621298	0.01633165442687304	0.0011573286591384532
0.0198014400032	0.032061189382816456	0.0017476454144938038
0.0205630159222	0.058833320943264274	0.0020613271577917167
0.0213245898117	0.060228747867073065	0.002180826357366846
0.0220861615966	0.02792583527732915	0.0013072608608086277
0.0228477312017	0.006426331659874049	0.0005887246587407809
0.0236092985518	0.0028995856334559102	0.0004082195027256197
0.0243708635718	0.0025895621832299404	0.0003468237115735509
0.0251324261864	0.005605217085010323	0.0005095862662832688
0.0258939863206	0.012113920486875452	0.0007269172786929432
0.0266555438991	0.017225572710034564	0.0008534732263688244
0.0274170988469	0.012386270264012572	0.0006519298385312158
0.0281786510887	0.006683944102553162	0.00045377127248833
0.0289402005493	0.0042535857246723255	0.0003353823448030303
0.0297017471537	0.00338478932683018	0.0002832733979802739
0.0304632908267	0.004454063924063337	0.000315775945370704
0.031224831493	0.005855620835421295	0.0003885906639802375
0.0319863690775	0.005547437017781695	0.00033573601905954317
0.0327479035052	0.0035380942550814324	0.00026289874183380393
0.0335094347007	0.0018310235772025095	0.00018821186861926793
0.034270962589	0.0012017705231937258	0.00013988112442789655
0.0350324870949	0.001209095003598816	0.00013813934778826893
0.0357940081432	0.0015475721427853763	0.0001510913950605218
0.0365555256588	0.0027878425048646718	0.0002131711482265181
0.0373170395665	0.004252692869740115	0.00028716704954316467
0.0380785497912	0.004569985741679585	0.00029080497241561323
0.0388400562577	0.003976503548050931	0.00025024895679234073
0.0396015588908	0.0023178373589773016	0.00017207010618851908
0.0403630576154	0.0014885382012080207	0.00011307530108964559
0.0411245523563	0.0012196346720558045	0.00010434253573077338
0.0418860430383	0.0008553815034120114	0.00010092465116975937
0.0426475295864	0.000622988461103065	9.133363933904185e-05
0.0434090119254	0.0003560970462821211	7.84102024114221e-05
0.04417048998	0.0005329245346608022	6.809576767650238e-05
0.0449319636752	0.00038060504993473577	6.89165626599477e-05
0.0456934329358	0.0005013826568528825	6.582616429939497e-05
0.0464548976867	0.0006306364630583361	6.979177413710558e-05
0.0472163578526	0.0008042886245901331	8.008651909252557e-05
0.0479778133584	0.0009880973168661185	8.521744489697865e-05
0.0487392641291	0.0013956800394332289	0.0
0.0495007100893	0.0015304160034300064	9.647657819347922e-05
0.0502621511641	0.0012110100691221078	9.220847490641501e-05
0.0510235872781	0.0009079034249220519	8.650707403587326e-05
0.0517850183564	0.0006214328173847935	6.20370937412519e-05
0.0525464443236	0.00040400282475779704	5.0962885663546514e-05
0.0533078651047	0.0002346635299743197	4.268050917882099e-05
0.0540692806246	0.0002460137582736807	3.4963833988675615e-05
0.054830690808	0.00026288052888502145	3.361520751427207e-05
0.0555920955799	0.00026497733776986726	4.0206492711737886e-05
0.056353494865	0.00046283735235996994	4.392673484592498e-05
0.0571148885883	0.0004156976894765765	4.3181808810891456e-05
0.0578762766746	0.00048792283956635145	4.41075723135791e-05
0.0586376590487	0.0005570909945713393	4.892821190350682e-05
0.0593990356354	0.000549387675443714	5.006302357676435e-05
0.0601604063598	0.0005543306571665478	4.67064735762988e-05
0.0609217711465	0.0005019206079208653	4.6421534229450454e-05
0.0616831299205	0.0004679290502204917	4.238132284032145e-05
0.0624444826067	0.00035542648609958153	3.607131749058428e-05
0.0632058291298	0.0001650574574828981	2.4816185585642985e-05
0.0639671694147	0.00018106702922858963	2.1814070547305605e-05
0.0647285033864	0.00020810906267855744	2.2626054322517584e-05
0.0654898309696	0.00021075223309293238	2.5705143921706257e-05
0.0662511520892	0.00017452854418591803	2.414596378854352e-05
0.06701246667	0.00025931017618771596	2.4937739150185183e-05
0.067773774637	0.0003112915773643557	2.7625253382462426e-05
0.068535075915	0.000289796213358987	2.7676921713874404e-05
0.0692963704289	0.0003427372468259404	2.729734534936814e-05
0.0700576581035	0.00035195125246806184	2.7556059452107552e-05
0.0708189388637	0.0002531865635747709	2.2495392405787694e-05
0.0715802126343	0.00017238027245371475	1.9309640134709645e-05
0.0723414793402	0.00011481595821271245	1.6458271835878975e-05
0.0731027389064	0.00013373763783445058	1.7071192716972903e-05
0.0738639912575	0.0001102888096198373	1.5084058736540127e-05
0.0746252363186	0.00012810336690608794	1.6293020802891044e-05
0.0753864740145	0.00011425171416653228	1.5974576191496184e-05
0.07614770427	0.00013563642235648663	1.5268099008185416e-05
0.0769089270101	0.00012973296717232123	1.509035487835677e-05
0.0776701421595	0.00010195146217176963	1.2613650908742874e-05
0.0784313496432	0.0001582312454986568	1.4832248270374561e-05
0.0791925493861	0.00018794920753046563	1.6002644337833872e-05
0.0799537413129	0.0002880598008213061	3.70874121163257e-05
0.0807149253487	0.00024996940783190877	3.43705031053051e-05
0.0814761014181	0.00020123724477570247	3.1755447321568645e-05
0.0822372694463	0.00015852456019102684	2.7556659273618138e-05
0.0829984293579	0.00012373805869188566	2.5415345697178918e-05
0.0837595810779	0.00010370934371847075	2.3665286635600456e-05
0.0845207245312	6.530491300327536e-05	2.0042716655832364e-05
0.0852818596426	4.874812953963077e-05	1.872076869002559e-05
0.086042986337	2.9431307141847535e-05	1.736739332764071e-05
0.0868041045393	5.7876371146836175e-06	1.54663061178778e-05
0.0875652141744	1.8203294882909105e-05	1.2999244002266733e-05
0.0883263151672	3.104087163795e-05	1.335552932057832e-05
0.0890874074425	4.7696478782966736e-05	1.403072605740258e-05
0.0898484909253	2.902995461224787e-05	1.2993753864401025e-05
0.0906095655403	7.193430190758814e-06	9.38166676928293e-06
0.0913706312125	9.955875879021364e-06	8.663236074595497e-06
0.0921316878669	2.535394023332746e-05	1.0146721974516843e-05
0.0928927354281	2.3903021926012158e-05	1.0012751576382266e-05
0.0936537738213	1.1076741776440368e-05	8.4599717577617e-06
0.0944148029712	5.091011280236605e-06	7.134038593318372e-06
0.0951758228027	1.6549017954151827e-05	8.120131112063403e-06
0.0959368332407	3.071331758981887e-05	8.863065803394751e-06
0.0966978342102	1.6738380006226964e-05	7.532313282541083e-06
0.0974588256359	7.96831748722082e-06	5.9798480710342704e-06
0.0982198074429	1.3429623849675453e-05	6.284784722991001e-06
0.0989807795559	1.882433897152823e-05	7.5596525797243875e-06
0.0997417419	1.4261932226817052e-05	7.1321648473195975e-06
0.1005026944	4.063723372438095e-06	5.131496251467486e-06
0.101263636981	7.2955113499956324e-06	4.538119342484363e-06
0.102024569567	1.9528439960858777e-05	6.088774749594076e-06
0.102785492084	2.059931630807936e-05	6.823059432102814e-06
0.103546404456	9.293387366288127e-06	5.699968575370175e-06
0.104307306609	1.063618505174594e-06	4.171260984299143e-06
0.105068198467	5.00662419947006e-06	4.8061889550865105e-06
0.105829079956	1.2906474681420469e-05	6.127868577241334e-06
0.106589950999	1.2885092218987366e-05	5.515185597614195e-06
0.107350811522	4.640556865463457e-06	3.8450122877902595e-06
0.108111661451	3.149574473590564e-06	4.014571222457906e-06
0.108872500709	1.6897533384009186e-05	5.683913220612689e-06
0.109633329221	1.6475880922984655e-05	5.815955340021971e-06
0.110394146914	3.192210459026215e-06	4.6106916747709514e-06
0.111154953711	8.169888633429398e-07	3.7879801341155545e-06
0.111915749537	8.89546663320354e-06	4.305854080413872e-06
0.112676534318	1.2497118851033604e-05	4.668267778002635e-06
0.113437307978	5.428279053201912e-06	3.6479338007893416e-06
0.114198070442	6.23229682401592e-07	2.996273550346189e-06
0.114958821636	3.974120860835633e-06	3.661173399318181e-06
0.115719561483	1.0432552694303555e-05	4.628671376568524e-06
0.116480289909	6.983893521926441e-06	4.370064472129836e-06
0.117241006839	2.5666758194175178e-06	3.4190281735785767e-06
0.118001712198	2.7324858540307823e-06	3.165205033032747e-06
0.118762405911	4.200437491771005e-06	3.5282399405384173e-06
0.119523087902	4.212153882713399e-06	3.582555806085882e-06
0.12104441642	4.194740012998576e-08	2.949968024718709e-06
0.121805062797	6.3811630190787484e-06	3.4184099119350446e-06
0.122565697152	9.096494900690677e-06	3.817883659073059e-06
0.12332631941	9.427961201349601e-06	4.088381974786176e-06
0.124086929496	6.523339845773642e-06	3.4920577887782265e-06
0.124847527336	2.255037231046766e-06	3.5943818513656325e-06
0.125608112853	7.09186985877917e-06	3.5405587047296847e-06
0.126368685974	6.8935972186221595e-06	2.989567120887933e-06
0.127129246622	3.220213143287751e-06	2.035052003993423e-06
0.127889794723	5.70129147328547e-07	2.003974841895868e-06
0.128650330203	1.3768829239491346e-06	1.98766928683063e-06
0.129410852984	1.6630842133557293e-06	1.7994227165039362e-06
0.144618526607	1.2274765702938264e-06	1.376095067379533e-06
0.145378765409	1.706547977645381e-06	1.1183811592951399e-06
0.146138989863	2.153607367412777e-06	1.2530871968582257e-06
0.146899199893	2.9004933452776234e-06	1.450465156925467e-06
0.147659395425	1.996681809362311e-06	1.200341901870787e-06
0.148419576384	7.846149281589882e-07	7.505225900989032e-07
0.149179742694	7.759701832526807e-08	2.3542288047525128e-07
0.14993989428	2.0292643005160582e-07	3.7974475712378294e-07
0.150700031069	1.403877348463034e-06	9.962973876607495e-07
0.151460152983	1.913682908067085e-06	1.8283560879453224e-06
0.152220259949	5.272275827888284e-07	1.266899794802855e-06
0.165139718563	4.6080978660685556e-07	9.260878970585443e-07
0.165899543628	1.59206197931186e-06	1.0250425765898274e-06
0.166659352321	9.698422103596835e-07	8.00041398471879e-07
0.167419144564	1.0964908854916593e-06	8.506764936984102e-07
0.168178920285	1.1961047717276878e-06	8.884776978556749e-07
0.168938679406	2.81309702446017e-07	4.30877955165267e-07
