#Initialized App on 2018-12-28 20:06:52.654714
#Set wavelength to 5.1836 A
#Load data from ../0Rawdata/ES_S16_30K_ZFC_7Oe_Virgin_tranformed_angs_uu_masked_qz_I.xy
#Select data from 0.0038
#Select data above noise threshold of 0.0.
#Applying footprint correction for a equidistributed beam using a sample size of 15 and a beam size of 1.
#Rescaling data by setting mean value between 0.0066 .. 0.0092 (Imean = 1.5823459439282141) to 1.
#Load data from ../0Rawdata/ES_S16_30K_ZFC_7Oe_Virgin_tranformed_angs_du_masked_qz_I.xy
#Select data from 0.0038
#Select data above noise threshold of 0.0.
#Applying footprint correction for a equidistributed beam using a sample size of 15 and a beam size of 1.
#Rescaling data by renormalization factor 1.5823459439282141.
#[[Data]]
#q / A-1	I / a.u.	sI / a.u.
# 0.005035033907528043	0.2654137300213354	0.016448841107465393
# 0.005754323199299307	0.6134175940171929	0.020803235820462708
# 0.006473611984491985	0.8657821701481346	0.022424782550507786
# 0.0071929001997839	0.9885449314327116	0.022153879091416584
0.007912187781852919	1.0464569751405506	0.021353517390985597
0.008631474667376966	1.021428542924564	0.01988777004436378
0.00935076079303403	0.9330480922086128	0.01802412504698465
0.010070046095502164	0.7837356427880436	0.01588481123987363
0.01078933051145949	0.7575856464348906	0.014786966962260298
0.01150861397758422	0.9083283157286925	0.015272363650182903
0.012227896430554632	0.8737107379713674	0.014168487175699376
0.012947177807049109	0.5390655732726921	0.010559727404917384
0.013666458043746115	0.20866816465637641	0.00634555198051779
0.014385737077324235	0.08297267462049379	0.00397441732284116
0.015105014844462137	0.10406930067492093	0.004187818033464715
0.015824291281838605	0.18314785029958808	0.005141683172478259
0.016543566326132558	0.19672216386212174	0.005069614584357671
0.017262839914023012	0.11631147285568955	0.0038324991028900455
0.017982111982189138	0.05274897524200304	0.0026466243523394985
0.018701382467310214	0.033221277194196264	0.002208672328902318
0.01942065130606568	0.03486139291544039	0.002105931659117179
0.020139918435135105	0.05794740412425223	0.0025565570086188015
0.020859183791198214	0.0888429875693311	0.002971168635448458
0.02157844731093489	0.0815736833436524	0.0027095416741533007
0.022297708931025183	0.040603904882844426	0.0018867935079046646
0.023016968588149295	0.013707451325312411	0.001159088744238214
0.023736226218987612	0.006652912373542704	0.0008522586345604791
0.024455481760220697	0.006292360465864342	0.0007760270575212434
0.025174735148529297	0.008978320976676533	0.0008748340564348918
0.025893986320594344	0.01609080933977158	0.0010764459002004622
0.026613235213096966	0.023228272824300532	0.0012114041226360531
0.027332481762718495	0.021042743463709667	0.0011270638375056625
0.028051725906140478	0.013257057598951807	0.0008922239144686891
0.028770967580044667	0.008374214639133588	0.0007093625157331894
0.029490206721113004	0.006642869192239898	0.0006335206683870785
0.030209443266027702	0.006521458990905268	0.0005999621037907102
0.030928677151471164	0.007371915885844421	0.0005981078854310607
0.03164790831412605	0.008451690950877992	0.0006116671999118311
0.03236713669067526	0.00747841857248149	0.0005713748566292721
0.03308636221780191	0.004637155937780669	0.00046723078673578954
0.0338055848321894	0.002734159927756556	0.00037537265502366114
0.03452480447052138	0.001869793052043241	0.00031951352007516073
0.03524402106948175	0.001706666422151592	0.0003057953445910933
0.03596323456575468	0.0027890411560897808	0.00034577487968473497
0.036682444896024624	0.0047798237917990915	0.0004083729584015451
0.0374016519969763	0.006542710580018928	0.00046219782693874265
0.03812085580529474	0.007199031911416402	0.0004700651346891512
0.03884005625766521	0.005771693738653993	0.00040873513400453205
0.03955925329077334	0.0037608353177175143	0.00032902318409645814
0.04027844684130501	0.0027273239624240084	0.00027897810524594226
0.04099763684594641	0.002078547817264721	0.00023960120742315595
0.04171682324138407	0.0016540087719901166	0.00021677200531727313
0.04243600596430482	0.001323664898396335	0.00020017909956798974
0.04315518495139583	0.0010465674897098688	0.00018287566943790118
0.043874360139344565	0.0008411095643995327	0.00016586457449337136
0.044593531464838854	0.0008015770932189246	0.00015305894872544667
0.045312698864566854	0.0008419258211132256	0.00014808773113424677
0.04603186227521708	0.0008977207307257575	0.0001507236589937607
0.046751021633478364	0.0010182626591007254	0.00015918181843183112
0.047470176876039945	0.0013868978618859574	0.00017603811894906303
0.04818932793959138	0.0019711510275021962	0.000194869111654469
0.04890847476082263	0.0022108042306973794	0.00020024414637740675
0.049627617276424	0.0021214845204207662	0.00019017242938145035
0.050346755423086184	0.0018855070245449052	0.00017084124631658957
0.05106588913750028	0.0013522711030145777	0.00014676844691234006
0.05178501835635773	0.0008282617219526728	0.00012357223404650805
0.05250414301635042	0.0005726880423975734	0.00010838927159938214
0.05322326305417061	0.0004914805429540004	9.800855891967193e-05
0.053942378406511	0.0004929593903601047	9.091670368652038e-05
0.05466148901006463	0.0005831383859829697	9.370231169614271e-05
0.05538059480152505	0.0006011470899337104	9.502582173840012e-05
0.05609969571758616	0.00047522748498755993	8.678444752414462e-05
0.05681879169494234	0.0005206961848770311	8.699892607060664e-05
0.05753788267028836	0.0006346250493731781	9.245247529553309e-05
0.058256968580319465	0.0006694329792934591	9.084312390437168e-05
0.058976049361731335	0.0007142437283238727	8.956532060805642e-05
0.0596951249512201	0.000741253827426698	9.117957864438401e-05
0.06041419528548236	0.0006826864180356209	8.781558703250485e-05
0.061133260301215124	0.0005979990159651486	8.166682809001443e-05
0.06185231993511596	0.0005031064795280328	7.465456447924005e-05
0.06257137412388283	0.00036780275930070497	6.476450443934855e-05
0.06329042280421422	0.0002688046961583591	5.766288854156605e-05
0.06400946591280907	0.00025349604054898965	5.466890715104324e-05
0.06472850338636686	0.0002688789794495634	5.416116319109881e-05
0.0654475351615875	0.0002770459152601037	5.2413203116301604e-05
0.06616656117517145	0.00028553874426300024	5.080390935230495e-05
0.06688558136381965	0.00033008184848099605	5.46087453630598e-05
0.06760459566423357	0.0003791741727039175	5.697030033289709e-05
0.06832360401311521	0.0003713817924625443	5.3960392987900636e-05
0.06904260634716707	0.0003746130804210793	5.277574958745063e-05
0.06976160260309215	0.00037402955206967373	5.2153892334415994e-05
0.07048059271759409	0.00032630816415801436	4.905171704292175e-05
0.07119957662737696	0.00027919622785582535	4.555665944806366e-05
0.07191855426914541	0.00025156451848537553	4.254889718439318e-05
0.07263752557960466	0.0002287708562495772	4.116306167992582e-05
0.07335649049546049	0.0001915443839874622	3.8757659445967195e-05
0.07407544895341923	0.0001429527311803657	3.527688325902378e-05
0.07479440089018775	0.00011745368206160757	3.3492997100288163e-05
0.07551334624247358	0.00010805307800068313	3.289377823005343e-05
0.07623228494698472	0.0001305810682901084	3.270520192178718e-05
0.07695121694042982	0.00017735328381796237	3.222080823790174e-05
0.07767014215951812	0.00023067086012424	3.3335815755252666e-05
0.07838906054095945	0.0002616805907428547	3.4306583975187e-05
0.07910797202146422	0.00026082589535741284	3.326219212938337e-05
0.07982687653774348	0.00021708808192705853	3.153576256926336e-05
0.08054577402650887	0.0001945834772129403	3.050359721883966e-05
0.08126466442447265	0.0001861184260870692	2.9438025066194304e-05
0.08198354766834774	0.00014765077711107345	2.672503113068839e-05
0.08270242369484762	0.0001150465980047689	2.3041722409004116e-05
0.0834212924406865	9.443530571019681e-05	2.091078434443488e-05
0.08414015384257911	7.104498109242607e-05	1.796238507641413e-05
0.08485900783724093	3.6319749462905936e-05	1.5120276945442456e-05
0.08557785436138805	3.45845843342606e-05	1.542709018828892e-05
0.08629669335173726	1.539148060649749e-05	1.5240835941353392e-05
0.08773434847791213	9.702842740205294e-06	1.1643000091765288e-05
0.08845316448717466	3.538713366949806e-05	1.31428567979559e-05
0.08917197270951296	3.573944410875646e-05	1.3072741039963848e-05
0.08989077308164714	4.4618843372596036e-06	1.1274797190096958e-05
0.09132835002218712	2.352423673188208e-06	6.790451017550279e-06
0.09204712646403664	2.448769757388115e-05	8.814238767053415e-06
0.09276589480256948	3.423364043505224e-05	8.92395665308025e-06
0.09348465497450933	1.4231899358252969e-05	6.952557686779314e-06
0.09420340691658055	2.425840746516929e-06	6.015765011574235e-06
0.09492215056550818	8.459961971807301e-06	7.056714964029389e-06
0.09564088585801801	1.057906123158901e-05	7.82757201889541e-06
0.09635961273083664	8.512560478192228e-06	6.86291941929643e-06
0.09707833112069132	8.942630378953305e-06	5.665020566622735e-06
0.09779704096431012	9.36594510460828e-06	5.4657480101288595e-06
0.0985157421984218	1.8097673889829305e-05	6.475189629696295e-06
0.0992344347597559	1.936631937455878e-05	6.593309232740169e-06
0.09995311858504273	8.63985184377598e-06	5.5560911630559e-06
0.10067179361101337	2.8032953343557307e-06	4.149217044879159e-06
0.1013904597743997	2.2705144902586804e-06	3.871037094905599e-06
0.10210911701193431	9.503458810427676e-06	5.324596107999064e-06
0.10282776526035063	1.1627370200602472e-05	5.71621089637853e-06
0.10354640445638286	6.021376862562889e-06	4.821246479157369e-06
0.10426503453676601	3.178926884756583e-06	3.849875005240413e-06
0.1049836554382359	6.662969713525158e-06	3.8810835274779765e-06
0.10570226709752915	1.1778914379830143e-05	4.6197677364064175e-06
0.10642086945138317	1.023324309106388e-05	4.414014686822986e-06
0.10713946243653621	5.07572300143076e-06	3.153598337506181e-06
0.10785804598972736	1.7776772380852678e-06	2.7580758567186977e-06
0.10857662004769653	1.1176263752388561e-05	4.216583106241276e-06
0.1092951845471844	1.5805399386465636e-05	4.776872856308195e-06
0.11001373942493263	6.718537596512892e-06	3.579820552784221e-06
0.11073228461768363	3.4925460645530276e-06	2.5862509247319843e-06
0.11145082006218061	5.046770372629564e-06	3.1630484286923384e-06
0.11216934569516779	6.48079648738531e-06	3.780424080865434e-06
0.11288786145339015	8.932118297374707e-06	3.952448443841607e-06
0.11360636727359356	6.362645700131532e-06	3.3466635889824546e-06
0.11432486309252476	2.5618229194940154e-06	2.704930841327498e-06
0.1150433488469314	8.180637480071692e-06	3.2826860944726936e-06
0.11576182447356194	1.1389451917872438e-05	3.842092301506787e-06
0.11648028990916585	6.7143399909758e-06	3.6238679270484833e-06
0.11719874509049343	4.104931421278862e-06	3.209509596123451e-06
0.1179171899542958	2.5283052356870725e-06	3.023418137326636e-06
0.11863562443732516	4.845629471599713e-06	3.232376456935781e-06
0.1193540484763345	5.9830850683596154e-06	3.639419049133262e-06
0.12007246200807778	3.985128491964246e-06	3.527204885079272e-06
0.1207908649693099	3.4180403889729886e-06	3.2010660747850726e-06
0.12150925729678658	4.153954870823724e-06	2.9066245255108936e-06
0.12222763892726463	5.270279929806053e-06	2.809760260672557e-06
0.1229460097975017	5.047532660681373e-06	3.2400793067037275e-06
0.12366436984425645	2.9983598070737287e-06	3.3315357029345263e-06
0.12438271900428839	2.741519010022149e-07	2.9313788704887658e-06
0.12581938441122714	1.3448071352961494e-06	2.8838784163831165e-06
0.12653770053165792	2.706278644016674e-06	2.6416960166063947e-06
0.1272560055124139	1.2783617379739777e-06	2.1854684416956384e-06
0.12941085298428218	8.71703066683637e-07	1.2635246004160953e-06
0.13012911277399306	2.030946775071942e-06	1.6394543450292483e-06
0.13084736110786122	1.171858388336054e-06	1.5480940983427807e-06
0.1444918187507384	7.583799343226164e-07	7.184128127140064e-07
0.14520982469071073	1.4663440089916954e-06	9.964883260819349e-07
0.1459278178472184	3.21025046832717e-06	1.47079686721226e-06
0.14664579815705323	4.52167649142342e-06	1.741274391292794e-06
0.14736376555700828	4.211594097840141e-06	1.6764097585719437e-06
0.14808171998387773	2.733933578864307e-06	1.3473968750028113e-06
0.14879966137445677	1.7806336517505084e-06	1.0847723284234559e-06
0.1495175896655419	1.386959969135603e-06	9.550763717054193e-07
0.15023550479393072	1.3847772366272455e-06	9.520416512443481e-07
0.15095340669642196	1.2790170426167043e-06	9.127860363188247e-07
0.15167129530981552	8.111827110760184e-07	1.818111142461748e-06
0.1523891705709125	8.328501883793707e-07	1.1743254665497786e-06
0.165308569988324	1.0358487294077366e-07	1.2343484192650332e-06
0.16602617954958815	5.776855260353581e-07	5.927741277922041e-07
0.16674377449483163	8.365564660639453e-09	7.133310478597115e-08
0.16746135476088134	8.350443304703916e-07	7.12686057839322e-07
0.16817892028456546	1.2165136592234638e-06	8.602050578441419e-07
0.16889647100271368	3.814693287596902e-07	4.816962990371793e-07
