#Initialized App on 2018-12-28 20:06:52.650313
#Set wavelength to 5.1836 A
#Load data from ../0Rawdata/ES_S16_30K_ZFC_7Oe_Remanence_tranformed_angs_uu_masked_qz_I.xy
#Select data from 0.0038
#Select data above noise threshold of 0.0.
#Applying footprint correction for a equidistributed beam using a sample size of 15 and a beam size of 1.
#Rescaling data by setting mean value between 0.0066 .. 0.0092 (Imean = 1.4464066174329033) to 1.
#[[Data]]
#q / A-1	I / a.u.	sI / a.u.
0.00456961118445	0.0063212093668361885	0.00746406229676136
0.00533121190849	0.09814652674812584	0.010015927360030267
0.00609281210636	0.3694654107527139	0.015955652808021314
0.00685441170289	0.7619028533715665	0.020839637127421526
0.00761601062293	1.0486286204546074	0.02272692270223655
0.00837760879129	1.130933052186952	0.022191944334869984
0.00913920613281	1.0585354739868738	0.02020672007900563
0.00990080257233	0.8724849588952058	0.017333699093880005
0.0106623980347	0.8587836312667113	0.016336341010602745
0.0114239924447	1.003903468170629	0.01629105421991359
0.0121855857272	0.8971084968493758	0.014604932016103956
0.012947177807	0.421001814113187	0.010174763734880994
0.0137087686091	0.1441041876401311	0.0055350082715236735
0.0144703580581	0.058863471177963936	0.003973258730687659
0.0152319460789	0.142803448194813	0.007153364010610765
0.0159935325964	0.18275816401066558	0.006343281057855115
0.0167551175354	0.1354123629689185	0.005031084546050677
0.0175167008208	0.0571056870821752	0.0032692774965872454
0.0182782823773	0.02392401646242429	0.0019181746109063608
0.0190398621298	0.017588176369103283	0.0011475299033244168
0.0198014400032	0.03198950834456006	0.001383408993458769
0.0205630159222	0.05788278025459556	0.002025920572151014
0.0213245898117	0.06499154779948532	0.002976763961375545
0.0220861615966	0.031542052587089656	0.0014319090595127186
0.0228477312017	0.008993385271801477	0.0006868122414320553
0.0236092985518	0.0035072773173994366	0.00047095578607669663
0.0243708635718	0.0020923837176175884	0.0003431827627844994
0.0251324261864	0.005187164516278715	0.0004185143558414588
0.0258939863206	0.01259174580456949	0.0007054779198153079
0.0266555438991	0.01687463380605468	0.0007654713365404449
0.0274170988469	0.013637592993336228	0.0006719292136686327
0.0281786510887	0.007380850948122762	0.0004111393806981407
0.0289402005493	0.0037565209445891744	0.0003275205926977382
0.0297017471537	0.003712034600199699	0.00029461046204238466
0.0304632908267	0.0051941516220647315	0.0003726873149016443
0.031224831493	0.005570960577092747	0.00033233864961784774
0.0319863690775	0.006137604106009388	0.00036354804945135875
0.0327479035052	0.004730317816859424	0.00035426022320450974
0.0335094347007	0.0018834168184881342	0.0001961558760609719
0.034270962589	0.0014969082104827527	0.0001586027556991267
0.0350324870949	0.0009409541249264527	0.0001476863548991639
0.0357940081432	0.0011177426765281583	0.00014594271899821546
0.0365555256588	0.0027030753867723772	0.00018839972720624735
0.0373170395665	0.004445878557783489	0.0002769851180623418
0.0380785497912	0.0047556266257119525	0.0002836946803019524
0.0388400562577	0.0036635194858068263	0.0002259973022719496
0.0396015588908	0.0024556954467640415	0.00016799098180143686
0.0403630576154	0.0017782699290920668	0.00015912840228106767
0.0411245523563	0.00092327465079091	9.925265593901509e-05
0.0418860430383	0.000860032402486446	8.875720129796468e-05
0.0426475295864	0.0008383414458634121	9.954939895248768e-05
0.0434090119254	0.0007183147111995179	8.103086425666134e-05
0.04417048998	0.000647180579199935	7.015615399057445e-05
0.0449319636752	0.00032469279959284193	6.132105612131768e-05
0.0456934329358	0.0003250544939482414	5.49215273997129e-05
0.0464548976867	0.0006770943737782665	7.772599688098932e-05
0.0472163578526	0.001175181052096052	9.348245910922974e-05
0.0479778133584	0.0009255242383912044	0.0001215427441684363
0.0487392641291	0.0016294764285045683	0.00011175476771214714
0.0495007100893	0.0013990609130077906	0.00010245178313175474
0.0502621511641	0.0012111715810699123	9.107680486586086e-05
0.0510235872781	0.0008209516866895054	7.611730689662552e-05
0.0517850183564	0.0006199884339164794	5.8390437381074956e-05
0.0525464443236	0.0004357522435560707	5.2521648521492666e-05
0.0533078651047	0.0002341152902976014	3.8664273265044986e-05
0.0540692806246	0.00027318971278449236	3.948737731958529e-05
0.054830690808	0.0003280321580685429	3.688917353437396e-05
0.0555920955799	0.00031086784740301586	4.350519315203309e-05
0.056353494865	0.0003088599351329494	4.5057202286852124e-05
0.0571148885883	0.0003048846950324311	4.346065812979036e-05
0.0578762766746	0.0003144994366360956	4.2928225460265556e-05
0.0586376590487	0.0005241756943455648	5.1295080203274926e-05
0.0593990356354	0.0005631924680120689	4.6347558169723503e-05
0.0601604063598	0.0006573630578302244	4.9429442076361375e-05
0.0609217711465	0.00029506288648607526	6.147212014604892e-05
0.0616831299205	0.0003825038690121584	3.9688688752162254e-05
0.0624444826067	0.0003080792383252463	3.462117765616316e-05
0.0632058291298	0.00020901758800320085	2.6756412454054884e-05
0.0639671694147	0.00015517226207253368	2.1785615865402962e-05
0.0647285033864	0.00013136120170135072	2.4281619272907805e-05
0.0654898309696	0.00016903723835176072	2.4051454435810248e-05
0.0662511520892	0.00016211673579780966	2.2150685028508063e-05
0.06701246667	0.0003180679882645553	2.8102064934820355e-05
0.067773774637	0.0002691935984232681	2.6158217809694288e-05
0.068535075915	0.00028586275742648634	2.6222862494573714e-05
0.0692963704289	0.00023620699919289667	2.732689503763699e-05
0.0700576581035	0.00019978050545591818	2.3876505491051377e-05
0.0708189388637	0.00020776610777277474	2.0484236215265144e-05
0.0715802126343	0.00017107179720249658	1.9195212637557717e-05
0.0723414793402	0.00017802636505827806	1.784525786302307e-05
0.0731027389064	0.00021853226574374698	2.0208432873411043e-05
0.0738639912575	0.00011867969539459184	1.687369282391035e-05
0.0746252363186	0.00010173727440816159	1.2902706593929901e-05
0.0753864740145	0.0001271022843710985	1.4130543307836729e-05
0.07614770427	7.966462611649295e-05	1.3054075257625836e-05
0.0769089270101	0.00013116854183041588	1.5676100862657633e-05
0.0776701421595	0.0001359169512125546	1.4810640732600537e-05
0.0784313496432	0.0001612612391383793	1.8034830333718707e-05
0.0791925493861	0.00016509785662227567	1.7243783000930536e-05
0.0799537413129	0.00020216179556806644	1.5380759789394572e-05
0.0807149253487	0.0001744022611446676	1.5007386909870483e-05
0.0814761014181	0.00021846619292755214	3.079167720787012e-05
0.0822372694463	0.00016154748343258157	2.685442192904746e-05
0.0829984293579	0.00013379028539048076	2.514374880404042e-05
0.0837595810779	0.00010163068755010626	2.2345294608565767e-05
0.0845207245312	6.529148150386091e-05	1.984208497143894e-05
0.0852818596426	6.496681578591702e-05	2.0264494173839532e-05
0.086042986337	6.417907689692436e-05	1.960516225576219e-05
0.0868041045393	1.543257619265043e-05	1.602020771124477e-05
0.0875652141744	2.133996301756328e-06	1.2466591313072724e-05
0.0883263151672	2.5554078163471463e-05	1.3766579873285114e-05
0.0890874074425	5.649235100899063e-05	1.452557840212219e-05
0.0898484909253	3.643868501799347e-05	1.2775551020950107e-05
0.0906095655403	1.0542659560002654e-05	9.142624870975606e-06
0.0913706312125	2.056137072946978e-05	9.261201266605814e-06
0.0921316878669	3.5733483483577255e-05	1.0443674434143004e-05
0.0928927354281	2.723805827868868e-05	9.414932230160698e-06
0.0936537738213	1.2402064130139461e-05	7.557791406974106e-06
0.0944148029712	1.093790546036176e-05	6.714040937384135e-06
0.0951758228027	1.6442693619351818e-05	7.58011883802083e-06
0.0959368332407	2.7640079583049463e-05	8.861496187616838e-06
0.0966978342102	2.1756048291368862e-05	8.039374263174104e-06
0.0974588256359	1.1250935903775412e-05	6.734509913584615e-06
0.0982198074429	1.858694192789521e-05	7.104439572920085e-06
0.0989807795559	3.038464000191716e-05	7.858479241387438e-06
0.0997417419	2.5440436143857345e-05	6.986336730551669e-06
0.1005026944	9.497098358635617e-06	5.5742246655190245e-06
0.101263636981	7.123398537640259e-06	5.304033680715168e-06
0.102024569567	1.808962642661586e-05	6.49751802888073e-06
0.102785492084	2.251955851182117e-05	6.864200376346231e-06
0.103546404456	8.073638379932084e-06	5.604013752185539e-06
0.105068198467	1.0654001818960498e-05	4.722128693077602e-06
0.105829079956	2.170665955124937e-05	5.803388751460732e-06
0.106589950999	1.0378359084651194e-05	5.261893180358043e-06
0.107350811522	2.636695355829772e-06	3.998113391772004e-06
0.108111661451	9.571451942132124e-06	4.50059823880497e-06
0.108872500709	1.6493701747828852e-05	5.164468738308254e-06
0.109633329221	1.2477681435871542e-05	4.8616005889328156e-06
0.110394146914	3.151103668220368e-06	3.903417298666819e-06
0.111154953711	2.168855069209174e-06	3.614748258001225e-06
0.111915749537	9.233253917404348e-06	4.1796072621468756e-06
0.112676534318	1.1580615425439831e-05	4.398793533696189e-06
0.113437307978	2.33307119128452e-06	3.847672856580074e-06
0.114958821636	2.6129576189139524e-06	3.194643168682656e-06
0.115719561483	9.238397034217869e-06	4.270892208180633e-06
0.116480289909	1.0016147945785463e-05	4.3343505393854845e-06
0.117241006839	2.4220103672288754e-06	3.7002720012769573e-06
0.118001712198	4.2491576012593325e-07	3.2418645438498485e-06
0.118762405911	3.868500298466264e-06	3.51672741336195e-06
0.119523087902	2.355203004875358e-06	3.6328785798125556e-06
0.12104441642	2.0094763194943663e-06	2.8092920592419215e-06
0.121805062797	5.50030303237564e-06	2.973830167523029e-06
0.122565697152	8.430982901535721e-06	3.6109299713924316e-06
0.12332631941	8.470595513017984e-06	3.4601443740325688e-06
0.124086929496	1.6848669365610595e-06	3.0531083729188083e-06
0.125608112853	2.572412216019355e-06	3.2131577637228446e-06
0.127889794723	4.2311982546705555e-07	1.9496087379217673e-06
0.128650330203	1.3857925002458202e-06	1.471728789701909e-06
0.129410852984	1.6435713339790423e-06	1.5426682555142415e-06
0.130171362994	1.1808264532233595e-06	1.3446079878471309e-06
0.130931860156	4.892810111154481e-07	8.19006540076052e-07
0.144618526607	1.7666720054569156e-06	1.1422401364302954e-06
0.145378765409	3.0005451863468533e-06	1.4847078904888356e-06
0.146138989863	3.2824466644997113e-06	1.5488423235245019e-06
0.146899199893	3.4822189116165205e-06	1.5911449282907265e-06
0.147659395425	2.359936566180068e-06	1.306504894140921e-06
0.148419576384	1.7075118406679938e-06	1.1084795548353693e-06
0.149179742694	1.8444498754358368e-06	1.1491320060354627e-06
0.14993989428	2.770549111782814e-06	1.4048040334060735e-06
0.150700031069	2.322741917204724e-06	1.2830253195366014e-06
0.165899543628	3.5682529108101364e-07	3.641265003189407e-06
0.166659352321	1.6815456058868772e-06	1.0541670736864775e-06
0.167419144564	2.8149953545472333e-06	1.3639359081759148e-06
0.168178920285	3.2253812436020692e-06	1.459975775807704e-06
0.168938679406	1.3521433980515678e-06	9.452931219069357e-07
