#Initialized App on 2018-12-28 20:06:52.654714
#Set wavelength to 5.1836 A
#Load data from ../0Rawdata/ES_S16_30K_ZFC_7Oe_Virgin_tranformed_angs_uu_masked_qz_I.xy
#Select data from 0.0038
#Select data above noise threshold of 0.0.
#Applying footprint correction for a equidistributed beam using a sample size of 15 and a beam size of 1.
#Rescaling data by setting mean value between 0.0066 .. 0.0092 (Imean = 1.5823459439282141) to 1.
#[[Data]]
#q / A-1	I / a.u.	sI / a.u.
# 0.004315744172500421	0.0002624861712163102	0.0015866072726328673
# 0.005035033907528043	0.28113949519511633	0.017087763565641623
# 0.005754323199299307	0.603015662332172	0.020786957145649966
# 0.006473611984491985	0.8593171423000031	0.02236793215161775
0.0071929001997839	0.9815416372942601	0.022157302585507504
0.007912187781852919	1.0141362124168511	0.02106611636944678
0.008631474667376966	1.0043221502888888	0.01974615532848371
0.00935076079303403	0.9277895875338618	0.01800970147418602
0.010070046095502164	0.7744310299012078	0.015811304014766953
0.01078933051145949	0.7545745620573437	0.01476664731325337
0.01150861397758422	0.917222425002166	0.01533805508367359
0.012227896430554632	0.8883675870267236	0.014287264588462387
0.012947177807049109	0.5371822780370377	0.010564767846990007
0.013666458043746115	0.20233513095424954	0.006286605825121417
0.014385737077324235	0.08468587011746144	0.004050619490737728
0.015105014844462137	0.10390628615131584	0.004222319511248072
0.015824291281838605	0.1828327423955193	0.005156747537154579
0.016543566326132558	0.19508492911599426	0.005061925086893477
0.017262839914023012	0.1153704005794583	0.0038084843927829793
0.017982111982189138	0.05259290765074863	0.0026223077044380577
0.018701382467310214	0.029965477868511	0.0021850516332225993
0.01942065130606568	0.02962074656615762	0.0020456621321037712
0.020139918435135105	0.05455903170923404	0.0025020948360815337
0.020859183791198214	0.09042737441930292	0.0029581776676638463
0.02157844731093489	0.08243392007954749	0.0026975021331306416
0.022297708931025183	0.04047634233635358	0.0018746046791388706
0.023016968588149295	0.014338431439659549	0.0011482044929276567
0.023736226218987612	0.0061497670170616425	0.0008271863879927487
0.024455481760220697	0.005004349376403351	0.0007605395255770702
0.025174735148529297	0.008047946117331095	0.0008570411159081925
0.025893986320594344	0.016665880588225712	0.0010798294657242424
0.026613235213096966	0.024782865428476603	0.001221715691607604
0.027332481762718495	0.022001880410014135	0.001124049101525812
0.028051725906140478	0.01346094530775634	0.0008868613916933704
0.028770967580044667	0.00798720241542586	0.0006994650590984336
0.029490206721113004	0.005994648055896452	0.0006080533216731939
0.030209443266027702	0.0055576199058909575	0.0005753658741715026
0.030928677151471164	0.006455344865314277	0.0005901317610765825
0.03164790831412605	0.008111763487396027	0.0006052774360782041
0.03236713669067526	0.0076015527696702305	0.0005607198000646665
0.03308636221780191	0.0050672505023657225	0.0004651047031655236
0.0338055848321894	0.0026404942773082846	0.0003510003410585207
0.03452480447052138	0.0018149691760016905	0.000298407341871274
0.03524402106948175	0.0019278363407991066	0.0003050493485603911
0.03596323456575468	0.002572874762631391	0.0003405222569786761
0.036682444896024624	0.004459754187370319	0.00040288715071259236
0.0374016519969763	0.0065721654121829905	0.00046602767426262917
0.03812085580529474	0.007182816400806738	0.00047856135001857447
0.03884005625766521	0.00595632522369603	0.00042565379119606007
0.03955925329077334	0.003906743801761648	0.00034165426002920937
0.04027844684130501	0.0025138047219279334	0.00027294742533041103
0.04099763684594641	0.0018990781764628886	0.00024197250342997923
0.04171682324138407	0.0015411299434267202	0.00021971212757650752
0.04243600596430482	0.001389194533552774	0.0002047396185525417
0.04315518495139583	0.001412657549339777	0.00019750501929652103
0.043874360139344565	0.001433246631827321	0.00018774078529098118
0.044593531464838854	0.0010914679192604328	0.00016991452053245317
0.045312698864566854	0.000747984426065849	0.00015262850565563542
0.04603186227521708	0.000839288913831446	0.00015752261472598987
0.046751021633478364	0.0009864108080857405	0.00016653533978354732
0.047470176876039945	0.0012063323439848856	0.00016495740298564748
0.04818932793959138	0.0017385698312635453	0.0001806841131620851
0.04890847476082263	0.002161788165833967	0.0001973462566525008
0.049627617276424	0.0020649833524287167	0.00019035349705728036
0.050346755423086184	0.001819010976860994	0.0001738571438062636
0.05106588913750028	0.0014676981199356432	0.0001537161739382279
0.05178501835635773	0.0009185999883887769	0.00012748992134333916
0.05250414301635042	0.0006639825517739219	0.00010851432250621844
0.05322326305417061	0.0006014022142977432	9.963534666056675e-05
0.053942378406511	0.000463031683336088	9.043701145169726e-05
0.05466148901006463	0.0004299539450271589	8.829078955000827e-05
0.05538059480152505	0.00046956283455786035	9.083110702478762e-05
0.05609969571758616	0.000460266431687391	8.659588742209073e-05
0.05681879169494234	0.00048432815717476167	8.487847519024518e-05
0.05753788267028836	0.0005449139099358267	8.716935682604522e-05
0.058256968580319465	0.0006245956913449643	8.725402389965129e-05
0.058976049361731335	0.0007042335222958764	8.841911059563396e-05
0.0596951249512201	0.0007345715408878013	8.917829925737049e-05
0.06041419528548236	0.0007394933169711377	8.794422365645128e-05
0.061133260301215124	0.000680182526449771	8.306065450966888e-05
0.06185231993511596	0.000547363061980468	7.457270560113187e-05
0.06257137412388283	0.00038580051003373345	6.488804826085676e-05
0.06329042280421422	0.00028382217586293856	5.886597374321044e-05
0.06400946591280907	0.0002780868375925163	5.8052727233397944e-05
0.06472850338636686	0.00023949053737132577	5.3931189139921873e-05
0.0654475351615875	0.00021411378060869787	5.214034565233826e-05
0.06616656117517145	0.00028945907803682927	5.3917358803439073e-05
0.06688558136381965	0.0003364966579384053	5.49855740065749e-05
0.06760459566423357	0.000286418164274063	5.27360881152211e-05
0.06832360401311521	0.00032390865488374237	5.1288430228565834e-05
0.06904260634716707	0.0003986426429784646	5.328573995580989e-05
0.06976160260309215	0.0003507034251315671	5.1468557151125646e-05
0.07048059271759409	0.0003399842537508371	4.841371638813618e-05
0.07119957662737696	0.0003739427617256283	4.725497057150272e-05
0.07191855426914541	0.0002899521658913653	4.2948756637409394e-05
0.07263752557960466	0.0001610938293244791	3.723543400096098e-05
0.07335649049546049	0.0001239261022844416	3.548718912023018e-05
0.07407544895341923	0.00013026195479053923	3.312225267282204e-05
0.07479440089018775	0.00014942105039769598	3.1480789506800536e-05
0.07551334624247358	0.0001610203286829152	3.2812542883593396e-05
0.07623228494698472	0.00013848544025296767	3.382682258887793e-05
0.07695121694042982	0.0001559816788357908	3.331037747531726e-05
0.07767014215951812	0.00020934032890075987	3.26913958038708e-05
0.07838906054095945	0.00026586784922704934	3.400899625841367e-05
0.07910797202146422	0.0002566487413349438	3.419785690025754e-05
0.07982687653774348	0.00021942640943267198	3.3347704648072216e-05
0.08054577402650887	0.0002195676516686535	3.2434349325895584e-05
0.08126466442447265	0.00017467239637744428	2.8191014856131823e-05
0.08198354766834774	0.000120820296140706	2.40913991151083e-05
0.08270242369484762	0.00011254832861571189	2.347674930164955e-05
0.0834212924406865	0.00011230339450647931	2.252607295969088e-05
0.08414015384257911	8.72841983254192e-05	1.9435759747301844e-05
0.08485900783724093	5.43231163246693e-05	1.6957933262594084e-05
0.08557785436138805	4.2278029155619126e-05	1.6052115273068144e-05
0.08629669335173726	1.9867347548170478e-05	1.5154254959674759e-05
0.08701552474500591	5.90865278950236e-06	1.2969073067546389e-05
0.08773434847791213	1.9230973218097427e-05	1.1454517660977588e-05
0.08845316448717466	3.7740488094753886e-05	1.2981507393739318e-05
0.08917197270951296	3.5550422079108355e-05	1.1799555639793562e-05
0.08989077308164714	1.4985157398474992e-05	9.668483435269982e-06
0.09060956554029802	1.1300605048991563e-05	8.544324521744751e-06
0.09132835002218712	2.0362284392580878e-05	8.398860644240658e-06
0.09204712646403664	3.2343048617596675e-05	8.99153443974158e-06
0.09276589480256948	2.558615419234159e-05	8.321413682714507e-06
0.09348465497450933	1.0610468977550955e-05	6.630478506390443e-06
0.09420340691658055	6.039750953468382e-06	5.8464452933463665e-06
0.09492215056550818	1.3320465304618484e-05	6.775322545601382e-06
0.09564088585801801	1.9516721461404366e-05	7.642061317721197e-06
0.09635961273083664	1.2311806705481017e-05	6.700269954560522e-06
0.09707833112069132	2.0926229328550127e-06	5.30174669074234e-06
0.09779704096431012	4.750063153382748e-06	5.207277203253764e-06
0.0985157421984218	1.791004393036524e-05	6.620636915760011e-06
0.0992344347597559	2.2650032835429215e-05	7.274593500758986e-06
0.09995311858504273	1.1330186530735829e-05	6.027896509759322e-06
0.10067179361101337	3.039388378976967e-06	4.518536186522388e-06
0.1013904597743997	9.86641967226844e-06	4.851592283992023e-06
0.10210911701193431	2.3823118033222348e-05	6.056181441614494e-06
0.10282776526035063	1.8573728900166716e-05	6.0826931819590725e-06
0.10354640445638286	4.617973875039803e-06	5.2411692904341985e-06
0.10426503453676601	2.294685261453915e-06	4.2035587981497475e-06
0.1049836554382359	6.076850026010974e-06	4.244491839488062e-06
0.10570226709752915	1.4126754053972662e-05	5.22160978873283e-06
0.10642086945138317	1.2102074118894187e-05	5.278857125982169e-06
0.10713946243653621	4.027049144092215e-06	3.919060009931843e-06
0.10785804598972736	3.3004842216481693e-06	3.2357742774839482e-06
0.10857662004769653	8.95146077056807e-06	4.0897949712723896e-06
0.1092951845471844	1.0003281078900392e-05	4.54402504509297e-06
0.11001373942493263	5.38736447548799e-06	4.032094755695018e-06
0.11073228461768363	1.970686021689684e-06	3.2466059300227023e-06
0.11145082006218061	4.6737706559835645e-06	3.136370906186883e-06
0.11216934569516779	9.382339253568105e-06	3.7348171405769134e-06
0.11288786145339015	8.874670681541886e-06	3.6844730693663228e-06
0.11360636727359356	5.240440081461004e-06	3.0821524794551735e-06
0.11432486309252476	2.866001548731695e-06	2.829667461553579e-06
0.1150433488469314	4.605500590194929e-06	2.9391818680837123e-06
0.11576182447356194	6.263509024359822e-06	3.306111532906317e-06
0.11648028990916585	4.028913878558282e-06	3.2229692193753022e-06
0.11719874509049343	1.4805870898781497e-06	2.7887997599375426e-06
0.1179171899542958	2.26219325424523e-06	2.5249959381372603e-06
0.11863562443732516	6.570341833740217e-06	2.8475074658794863e-06
0.1193540484763345	7.413062465817632e-06	3.36905396243662e-06
0.12007246200807778	1.921826754101575e-06	3.314948683494476e-06
0.12150925729678658	2.4240278934510673e-06	2.707511260316168e-06
0.12222763892726463	8.023246592449327e-06	3.426392775608685e-06
0.1229460097975017	7.617833561972432e-06	3.4872501167157165e-06
0.12366436984425645	6.660593300445302e-06	2.6814026285325454e-06
0.12438271900428839	2.7133782534344097e-06	2.9820085413679464e-06
0.12510105721435816	1.4168314734628555e-06	2.8003896004235896e-06
0.12581938441122714	3.7397142414475195e-06	2.7232817717412062e-06
0.12653770053165792	3.5075094836362e-06	2.3286298487065744e-06
0.1272560055124139	1.977641768360213e-06	1.6347336017481402e-06
0.12797429929025947	4.7207099428389254e-07	1.588347088536512e-06
0.13084736110786122	1.4654579924400884e-07	7.363240403966395e-07
0.13156559792265607	7.122860374201068e-08	4.385667328374172e-07
0.14377380009051063	1.574973357238135e-07	7.208025175496831e-07
0.1444918187507384	1.1332342652062274e-06	1.7737283590368372e-06
0.14520982469071073	2.802568516042762e-06	1.3772525080994925e-06
0.1459278178472184	2.8252011397047014e-06	1.3793964226097039e-06
0.14664579815705323	1.6801124379272162e-06	1.0611280984180027e-06
0.14736376555700828	9.232426439690768e-07	7.846862198370488e-07
0.14808171998387773	1.9895666626610096e-06	1.1491109830950996e-06
0.14879966137445677	1.7511532614254105e-06	1.0754607383029445e-06
0.1495175896655419	5.799863037605568e-07	6.174420147889092e-07
0.15023550479393072	6.090805041095926e-07	6.312254666047162e-07
0.15095340669642196	6.908609547976791e-07	6.706675875924408e-07
0.1523891705709125	6.542063817771403e-08	7.011783967505225e-07
0.16459094587421347	3.3082187614116897e-07	6.981005649710922e-07
0.165308569988324	8.87773315329319e-07	1.0915799801205248e-06
0.16602617954958815	1.1379634845094306e-06	8.329580591504519e-07
0.16674377449483163	1.348320105543638e-06	9.066830075732889e-07
0.16746135476088134	1.737851843526204e-06	1.0293553966048087e-06
0.16817892028456546	1.3714607068035227e-06	9.14430400622045e-07
0.16889647100271368	4.519081241649585e-07	5.249090321022027e-07
