#Initialized App on 2018-12-28 20:06:52.638908
#Set wavelength to 5.1836 A
#Load data from ../0Rawdata/ES_S16_30K_FC_7Oe_Remanence_tranformed_angs_uu_masked_qz_I.xy
#Select data from 0.0038
#Select data above noise threshold of 0.0.
#Applying footprint correction for a equidistributed beam using a sample size of 15 and a beam size of 1.
#Rescaling data by setting mean value between 0.0066 .. 0.0092 (Imean = 1.4262850344655487) to 1.
#[[Data]]
#q / A-1	I / a.u.	sI / a.u.
0.00380801000941	0.7890460329675778	0.041629624966928964
0.0041888106486	1.1265325951478813	0.045817731395864904
0.00456961118445	1.3769138909705598	0.047037033931557386
0.00495041160754	1.4392369043033049	0.045056804414027395
0.00533121190849	1.5079059675803956	0.04337680721430964
0.00571201207789	1.3877648403304232	0.041161389186610935
0.00609281210636	1.3250864357065764	0.032188897143880235
0.00647361198449	1.3185922740936502	0.035570406875235036
0.00685441170289	1.2771962148062936	0.03665748370415328
0.00723521125217	1.226230869838471	0.033643889684509584
0.00761601062293	1.1500453861175075	0.030931655007773926
0.00799680980576	1.0216239037762067	0.03185350765927149
0.00837760879129	0.8315548539040822	0.022531560594077498
0.0087584075701	0.7235567716272614	0.018993940375107043
0.00913920613281	0.7697919999301777	0.02050751024162213
0.00952000447002	0.9392074361713363	0.02407642273540423
0.00990080257233	1.0964506018011237	0.025215165150913304
0.0102816004304	1.1825946105477916	0.027804528897399417
0.0106623980347	1.046873670870514	0.024972146527561304
0.0110431953759	0.7490765353827461	0.02084121843081522
0.0114239924447	0.436097929001284	0.014101551376032407
0.0118047892316	0.22328259836934805	0.00844560927839678
0.0121855857272	0.11437108005417988	0.006167033477028881
0.0125663819222	0.06261924876641624	0.005282439889762814
0.012947177807	0.049852293661719414	0.004515818256074138
0.0133279733725	0.068951683951922	0.003976507771264114
0.0137087686091	0.12059434143461026	0.004785015736814963
0.0140895635074	0.2116457451921006	0.006967981391996662
0.0144703580581	0.2729281819591805	0.007846555378843007
0.0148511522517	0.2493193307323358	0.0064226651238031745
0.0152319460789	0.1675125676305322	0.0047564092076804775
0.0156127395303	0.09027371229647028	0.003982764357473866
0.0159935325964	0.049485584932718395	0.0029704134557393003
0.0163743252679	0.02874470753405998	0.0016500550690224166
0.0167551175354	0.02340738928550575	0.0013325951216475388
0.0171359093895	0.018828435956433444	0.0011778949885644133
0.0175167008208	0.015639679643760188	0.0010919611188677937
0.0178974918198	0.018974509281054357	0.0011716046926754245
0.0182782823773	0.02787012915791011	0.0013721421913554493
0.0186590724837	0.06317236702160556	0.003416613006735275
0.0190398621298	0.07308526456650109	0.002300050468448328
0.0194206513061	0.08384533462568591	0.0027242390931082865
0.0198014400032	0.08343707724918012	0.003157748033649265
0.0201822282117	0.0607664198661054	0.002655736936429866
0.0205630159222	0.026682721485256678	0.0010670841321652833
0.0209438031253	0.012417125449053414	0.0007711652476105552
0.0213245898117	0.00918734470703959	0.000728397384992554
0.021705375972	0.004612612604050183	0.00046942553352068714
0.0220861615966	0.0026159920162024492	0.0003559236487103375
0.0224669466764	0.001574350968191871	0.00032647612727476643
0.0228477312017	0.001666181021655053	0.0002834681625571868
0.0232285151633	0.0045405362417420166	0.0004316912335632335
0.0236092985518	0.004592514961784351	0.00040567160099911167
0.0239900813578	0.008436443210023934	0.0005048354091407862
0.0243708635718	0.014478683804853194	0.0006465336760631216
0.0247516451845	0.018752950483772172	0.000801583621671394
0.0251324261864	0.02550421030868543	0.001264167093228463
0.0255132065683	0.017637022809494904	0.0006807095247018109
0.0258939863206	0.014042668200421103	0.0005687624115162086
0.026274765434	0.01237906427878625	0.0007424713859721479
0.0266555438991	0.006160023294233085	0.0003976567868325275
0.0270363217066	0.004378203456904718	0.00028333187453998747
0.0274170988469	0.004924887796950676	0.0003873686176674448
0.0277978753107	0.004365230883734358	0.00033607881015725705
0.0281786510887	0.0036335907589968384	0.0
0.0285594261713	0.0038761813869913797	0.00026652490371377317
0.0289402005493	0.004436096343606605	0.0002584737423629584
0.0293209742133	0.005333404695201088	0.000295407031854253
0.0297017471537	0.006559036481191961	0.00034351183017996314
0.0300825193613	0.007367190236600649	0.00041363870723281184
0.0304632908267	0.005936946813978965	0.00031371713101371846
0.0308440615403	0.004841326904763793	0.0002725911576831959
0.031224831493	0.0036337067489114264	0.0002060144213710164
0.0316056006752	0.002816563990401104	0.00020090434880033363
0.0319863690775	0.001557622489130157	0.00015047152301066763
0.0323671366907	0.0012013114165476731	0.00012738703442457362
0.0327479035052	0.0007096291334852674	0.0001206920927031252
0.0331286695117	0.0010395585115556272	9.924664320585532e-05
0.0335094347007	0.0006933422400720423	9.364331160358888e-05
0.033890199063	0.001113979993163089	0.00011485394569167373
0.034270962589	0.0013445053206785995	0.00011829064921531071
0.0346517252695	0.002412357426886347	0.00018437543160842692
0.0350324870949	0.0032892499196469434	0.0002004834993523192
0.035413248056	0.004117620358454002	0.00018392894229176158
0.0357940081432	0.005283858778215162	0.00025320140037151897
0.0361747673473	0.005789634250628318	0.0002444132300182153
0.0365555256588	0.0054544694176248175	0.00020563782577181895
0.0369362830684	0.004920680489836291	0.00019739622796341842
0.0373170395665	0.00395587567319312	0.0001927852862267055
0.0376977951439	0.002907813390551759	0.0001449341422807392
0.0380785497912	0.0025998513454130647	0.00013500185723416401
0.0384593034989	0.002396383755802782	0.0001297657440718787
0.0388400562577	0.0021294134427470067	0.00011073145702125489
0.0392208080581	0.0016603154550880923	9.083133883230745e-05
0.0396015588908	0.0013513053542445613	9.432776045985258e-05
0.0399823087463	0.0010661300994599492	9.037094963738933e-05
0.0403630576154	0.0010745701245960994	8.494536920916984e-05
0.0407438054885	0.0011258898970322	8.013086054299058e-05
0.0411245523563	0.0009008423904150066	7.299297582995851e-05
0.0415052982094	0.0009333601808875607	6.98218027154015e-05
0.0418860430383	0.0008570620761544041	7.419988254764282e-05
0.0422667868338	0.0009662620833395822	8.510436554165279e-05
0.0426475295864	0.0006482253383792721	6.724843876126464e-05
0.0430282712868	0.0006432111909496931	6.0701229176984675e-05
0.0434090119254	0.0006162343150024795	5.294537105245052e-05
0.043789751493	0.0005204619875766139	5.437661558022052e-05
0.04417048998	0.0006911912506704662	6.273584432102491e-05
0.0445512273773	0.0007332845907505985	6.085316206839054e-05
0.0449319636752	0.0008287799902739879	6.886179441868055e-05
0.0453126988646	0.0010137269494735813	8.880379128155831e-05
0.0456934329358	0.0010494299921658423	7.685388416380557e-05
0.0460741658797	0.001252416864962706	8.94894888951146e-05
0.0464548976867	0.0014223289287279975	9.094143296878769e-05
0.0468356283474	0.0014469262397734722	8.187656704232183e-05
0.0472163578526	0.0015599568768960607	8.971914989573851e-05
0.0475970861927	0.0017892962367466248	8.851673027479908e-05
0.0479778133584	0.0020099986052480095	0.00010796446858358004
0.0483585393404	0.0016998813371869625	8.96517068197169e-05
0.0487392641291	0.0015060978664434073	8.58269724342767e-05
0.0491199877152	0.0012655517949296273	8.915442744967668e-05
0.0495007100893	0.0008684422669901505	6.064162414530969e-05
0.0498814312421	0.0009084597674766863	6.633079490922308e-05
0.0502621511641	0.0005666261478405466	4.8108871247930444e-05
0.0506428698459	0.00043319982969698646	4.168768152525316e-05
0.0510235872781	0.0005657123844715608	4.7300491366496277e-05
0.0514043034514	0.0005192492574641548	4.856604510241428e-05
0.0517850183564	0.0004874815658719713	3.936919452360614e-05
0.0521657319836	0.00044094763442721646	4.371720495934685e-05
0.0525464443236	0.00040428940072799685	4.1969002681542106e-05
0.0529271553671	0.00024357821127361735	3.562499087295768e-05
0.0533078651047	0.0002800208081449947	3.108125836023376e-05
0.053688573527	0.0004253135925372747	4.516747445275139e-05
0.0540692806246	0.0005250823336753565	3.956651397383566e-05
0.0544499863881	0.0003891474607001584	3.4268462867223375e-05
0.054830690808	0.00031895185840766064	4.127258744454498e-05
0.0552113938751	0.0003891150797013308	3.748596438573895e-05
0.0555920955799	0.0005146370190625345	3.9731958235614435e-05
0.055972795913	0.00050774273933141	4.880672401607259e-05
0.056353494865	0.0004896314934624924	4.671644066374404e-05
0.0567341924266	0.000554822511177932	5.596010404404173e-05
0.0571148885883	0.00048755292275965616	4.439696833873508e-05
0.0574955833407	0.0005400963336170673	4.374183218257136e-05
0.0578762766746	0.0006689021288121528	5.102868094634382e-05
0.0582569685803	0.0004874142585963083	0.0
0.0586376590487	0.0006213870462680081	4.340141063844345e-05
0.0590183480702	0.0006469276743768976	4.3512403354740226e-05
0.0593990356354	0.0006758617804548218	4.1097105032025045e-05
0.0597797217351	0.0005884859059074315	3.6663080743561717e-05
0.0601604063598	0.0005320611073978856	3.88511287540362e-05
0.0605410895001	0.0005488496706693327	7.805745663248618e-05
0.0609217711465	0.0004969723924278712	7.290099070467476e-05
0.0613024512898	0.0004949764728254055	7.041364356781352e-05
0.0616831299206	0.00038704700425456275	6.739288877169922e-05
0.0620638070293	0.00027947310226248567	6.15414758890953e-05
0.0624444826067	0.00021374914314644031	5.856499369603775e-05
0.0628251566433	0.0001436583453761716	5.5928966156305585e-05
0.0632058291298	0.00013944827101766623	5.2264780948024035e-05
0.0635865000567	0.00014705891691122643	5.232350715982604e-05
0.0639671694147	0.00014766039002773204	5.2230596575673315e-05
0.0643478371944	0.00015687033609883014	5.0437396235869926e-05
0.0647285033864	0.00019037717515337809	5.348220262814854e-05
0.0651091679812	0.00017940814025409088	5.499650384389755e-05
0.0654898309696	0.00013807594691487646	5.237278687185872e-05
0.065870492342	0.00015389640772743368	5.35940260767695e-05
0.0662511520892	0.0001732033582632159	5.7399289843059076e-05
0.0666318102016	0.00016680171270596223	5.6874271473208386e-05
0.06701246667	0.00018784446657830317	5.4604018318936714e-05
0.067393121485	0.00022495994462062225	5.4213074655640445e-05
0.067773774637	0.00020871819896084792	5.3005381433778366e-05
0.0681544261169	0.00020271770340303253	5.127146574077146e-05
0.068535075915	0.00024606536131552775	5.120310700939151e-05
0.0689157240222	0.0002230766028710982	5.014349245187809e-05
0.0692963704289	0.00015638148510159228	4.591408432831882e-05
0.0696770151258	0.0001149277650214989	4.264442467029138e-05
0.0700576581035	0.00010225313737696312	3.98207996593676e-05
0.0704382993526	0.0001110850606928977	3.646754883873051e-05
0.0708189388637	0.00014681514112841143	3.990725107349554e-05
0.0711995766274	0.00012918988317552779	4.0817787993503394e-05
0.0715802126343	0.00010537112375343128	3.618396683642011e-05
0.0719608468751	0.00014962912765584976	3.734399490630328e-05
0.0723414793402	0.00012578822746883966	3.800492360462986e-05
0.0727221100205	0.00010536978310610065	3.630469660872534e-05
0.0731027389064	0.00013611871657705563	3.5792923831379796e-05
0.0734833659885	0.00011590439344328512	3.6029187824666285e-05
0.0738639912575	8.520054476828552e-05	3.7414199187759946e-05
0.074244614704	9.254593885149122e-05	3.5643625436617783e-05
0.0746252363186	0.0001049622570328391	3.461241233725969e-05
0.0750058560919	0.00010913449218722724	3.7144661288179023e-05
0.0753864740145	0.0001195463952107876	3.670681223217487e-05
0.075767090077	0.00013476567076831572	3.664087053574765e-05
0.07614770427	0.00013601281913040107	3.719755581096848e-05
0.0765283165842	0.00014296085984345723	3.675782678499069e-05
0.0769089270101	0.00015871239232787666	3.848873935451688e-05
0.0772895355383	0.0001179104674309147	3.917067795585706e-05
0.0776701421595	0.00013082965848860677	3.7451570580064124e-05
0.0780507468643	0.00018449603126203891	3.7829771759574616e-05
0.0784313496432	0.0001487429903785211	3.7198625043202544e-05
0.078811950487	0.00011045649580676506	3.405884971067856e-05
0.0791925493861	0.00011404095307034152	3.347810705180441e-05
0.0795731463312	0.00010156972235504559	3.3707615708620123e-05
0.0799537413129	8.741308002470004e-05	3.264221503942098e-05
0.0803343343219	8.158432355328683e-05	3.18605734676578e-05
0.0807149253487	5.338743965644356e-05	2.8713126641414933e-05
0.0810955143839	5.341114945121536e-05	2.7507372354369996e-05
0.0814761014181	9.19492368548668e-05	3.0972255736757516e-05
0.0818566864421	9.220259189654795e-05	3.006607155659578e-05
0.0822372694463	5.670651671451602e-05	2.5693507177066244e-05
0.0826178504213	3.457176820076556e-05	2.35953663833043e-05
0.0829984293579	3.553470530396344e-05	2.4869716520239637e-05
0.0833790062465	4.228714715355135e-05	2.703522376177931e-05
0.0837595810779	4.798569632916095e-05	2.7608944497544066e-05
0.0841401538426	3.7627565030681623e-05	2.763025803706414e-05
0.0845207245312	4.2321500461499076e-05	2.7764512448303874e-05
0.0849012931343	5.467131443919005e-05	2.7330289695407346e-05
0.0852818596426	6.034022636338734e-05	2.5793392089277e-05
0.0856624240466	5.370224265916991e-05	2.5025466027411548e-05
0.086042986337	4.8335912586413424e-05	2.6330706748806045e-05
0.0864235465044	6.581522318948712e-05	2.588083410474805e-05
0.0868041045393	6.93462153770811e-05	2.6738805872444277e-05
0.0871846604325	7.880912338115532e-05	2.9039132979402088e-05
0.0875652141745	5.987876252331125e-05	2.7690933183772342e-05
0.0879457657558	5.147735500712388e-05	2.6599223188295665e-05
0.0883263151672	5.46693278209679e-05	2.6549794108692323e-05
0.0887068623992	3.972856096588838e-05	2.5172501897371617e-05
0.0890874074425	3.354427738114567e-05	2.487409822616063e-05
0.0894679502877	2.8996639235448586e-05	2.55182583617504e-05
0.0898484909253	2.6415819195556232e-05	2.4693793500308228e-05
0.0902290293459	2.597617374115631e-05	2.1912340053837478e-05
0.0906095655403	3.101360536060742e-05	2.0148820037055087e-05
0.090990099499	2.779125936390496e-05	1.9335569564046948e-05
0.0913706312125	3.350583579222041e-05	1.910739431695357e-05
0.0917511606716	3.2764852911003705e-05	2.0209734056754918e-05
0.0921316878669	1.9917538102852847e-05	1.9224009910263898e-05
0.0925122127888	2.521711667023504e-05	1.818064736097088e-05
0.0928927354281	4.326033003247696e-05	1.9579507953734267e-05
0.0932732557754	6.12855727333615e-05	2.009796602097054e-05
0.0936537738213	5.6458244407590995e-05	1.871734659579922e-05
0.0940342895563	4.441712907156981e-05	1.966224918001795e-05
0.0944148029712	4.683154631998292e-05	2.020233775075314e-05
0.0947953140564	4.839070997773159e-05	1.800385226113605e-05
0.0951758228027	4.6065025967490765e-05	1.7558009984873842e-05
0.0955563292006	4.6999279496042855e-05	1.9232684369241204e-05
0.0959368332407	4.798326354857449e-05	2.0331357748283944e-05
0.0963173349137	4.136919514033048e-05	1.9808822336639034e-05
0.0966978342102	3.49522775002009e-05	1.8898970315946977e-05
0.0970783311207	4.38094154191575e-05	1.8186944546562437e-05
0.0974588256359	5.4316242833413594e-05	1.9030781582189094e-05
0.0978393177464	3.784542814043364e-05	2.0016156065515575e-05
0.0982198074429	4.00022088494093e-05	1.973005855457585e-05
0.0986002947158	5.094986155270673e-05	1.9091898108528204e-05
0.0989807795559	3.833240409625853e-05	1.9470675021274792e-05
0.0993612619538	4.536344904694464e-05	2.066422958502127e-05
0.0997417419	5.553288262778069e-05	1.9616509677846372e-05
0.100122219385	4.078394077358617e-05	1.4871391813943304e-05
0.1005026944	2.2983462989272002e-05	1.1515883990290187e-05
0.100883166935	1.9321805102510193e-05	1.2984551609106797e-05
0.101263636981	2.5817356202228267e-05	1.5142877537058464e-05
0.101644104528	2.5123838629379262e-05	1.8018366066115943e-05
0.102024569567	2.3367688878749487e-05	1.8359434536154446e-05
0.102405032089	2.3814531819481885e-05	1.658058198863925e-05
0.102785492084	2.218813213581543e-05	1.4901171656066137e-05
0.103165949543	2.084619612137823e-05	1.3985411812961179e-05
0.103546404456	1.566720309354343e-05	1.4410705799750677e-05
0.103926856815	1.665053234470315e-05	1.5191509703543038e-05
0.104307306609	1.5668319653397698e-05	1.4427242781238355e-05
0.10468775383	2.0754202229536124e-05	1.3811849968460212e-05
0.105068198467	2.407398640573202e-05	1.3194311838661092e-05
0.105448640512	1.5404502649725953e-05	1.1640851009488661e-05
0.105829079956	6.267797244934815e-06	1.086981026227216e-05
0.107731237816	3.792400884932885e-06	1.055269463849787e-05
0.108111661451	1.3383159589693022e-05	9.964200196031012e-06
0.108492082418	4.062886166544954e-06	7.807634333288692e-06
0.110774551679	1.2019032997728594e-06	7.2416377605451724e-06
0.111915749537	3.2796350830548105e-06	5.755568455403244e-06
0.112296143313	2.2179139411798346e-07	5.826104293479137e-06
0.114958821636	2.2013064886979836e-07	5.210696027749399e-06
0.115339192982	3.1992844763598095e-06	5.773498470029127e-06
0.115719561483	3.7291905353405592e-06	5.642464652484408e-06
0.116099927128	1.8504953009337225e-06	4.763691478564892e-06
0.116860649816	2.979371332318061e-06	3.4395278257677323e-06
0.117241006839	2.8638619887054522e-06	3.2487185332305472e-06
0.118382060515	1.4068403806734075e-06	2.769224568941333e-06
0.118762405911	2.4885890013491843e-06	4.049744156360202e-06
0.119142748376	3.3574244038556193e-06	4.761812867273904e-06
0.119523087902	2.495085180694658e-06	3.002060727054534e-06
0.120664088747	5.473310836385256e-06	4.789669328172959e-06
0.12104441642	5.097387942742336e-06	4.997759820676471e-06
0.121424741106	4.702288933545358e-07	3.200619926215225e-06
0.122565697152	2.0635755206908326e-06	5.963154550884941e-06
0.122946009798	1.6152700517956472e-06	6.865898484686725e-06
0.123706625979	1.3862244377340311e-06	2.2005338986103256e-06
0.124086929496	3.4820359171169355e-06	3.4820359170895395e-06
0.124467229952	2.8365919968164875e-06	3.1376390151479826e-06
0.124847527336	5.29943070367742e-06	4.281459195914645e-06
0.125227821639	8.619242737944828e-06	5.45194311813473e-06
0.125608112853	4.6680298846624395e-06	4.443395372925132e-06
