#File generated by ModelExp v0.6.7
#Read datafile: 
#Started Fit at 2019-01-04 17:19:10.981812
#Finished Fit at 2019-01-04 17:19:11.019400
#[[Fit Statistics]]
#    # fitting method   = leastsq
#    # function evals   = 9
#    # data points      = 930
#    # variables        = 3
#    chi-square         = 1868.09078
#    reduced chi-square = 2.01520041
#    Akaike info crit   = 654.663493
#    Bayesian info crit = 669.169047
#[[Variables]]
#    Ms:            4.45771958 +/- 0.05668773 (1.27%) (init = 4.45)
#    mu:            6284.34389 +/- 122.907403 (1.96%) (init = 6270.791)
#    chi:           2.84452075 +/- 0.04298546 (1.51%) (init = 2.8427)
#    sigMu:         0 (fixed)
#    orderHermite:  50 (fixed)
#    T:             300 (fixed)
#[[Correlations]] (unreported correlations are < 0.100)
#    C(Ms, chi) = -0.923
#    C(Ms, mu)  = -0.855
#    C(mu, chi) =  0.729

#[[Data]] 0
#B / T	M / kAm-1	sM / kAm-1	Mmodel / kAm-1
2.29053759765625	9.970891410118961	0.47366608708918	10.83489173830326
2.279542578125	10.6270227477267	0.39042377577544	10.802949062481538
2.26852666015625	9.89861714277269	0.537533779686317	10.770939187476554
2.25778662109375	10.1018973440346	0.439446940770294	10.739724616759009
2.24829208984375	10.0228880610856	0.435192166294807	10.712124672217076
2.23853525390625	9.38606004682309	0.44089457746824	10.683756989386257
2.226801953125	10.6028444325238	0.41243022365974596	10.649635671649186
2.21603232421875	9.90657533938415	0.415249023814951	10.618309833555536
2.203528515625	9.19152831690491	0.49451120708649204	10.581931273378851
2.192264453125	10.0971286493953	0.514039852158556	10.549151705494259
2.18203974609375	9.872891396366429	0.436893373855834	10.519390164213696
2.17229169921875	9.1776234736085	0.521218346156467	10.491010124637953
2.16305009765625	10.0955446633355	0.49231717672563796	10.464099105326326
2.15304404296875	9.94467466674061	0.538808130218706	10.434956010848662
2.14281484375	9.33289167193767	0.43244024741320897	10.405156426595713
2.13232080078125	10.3203285797088	0.421424912110233	10.374578299352201
2.12132607421875	9.77480352371411	0.395657115497101	10.342533530150984
2.10835029296875	10.0270237665958	0.492053875774103	10.304704529677771
2.09786748046875	9.27204604401697	0.530570689636008	10.274135113408315
2.087346484375	9.61037216978389	0.529900998814438	10.243446765395875
2.0773701171875	9.314527476862429	0.482883827867507	10.214339906021142
2.06561044921875	9.50661820346802	0.489989906557263	10.180021081339355
2.05484140625	9.18278350223036	0.5266464166745131	10.148584530021765
2.04260302734375	9.70911823822568	0.524517529776089	10.112848464178498
2.0321328125	9.65828633114719	0.485849752189622	10.082266606088744
2.0211521484375	10.0953024164436	0.468805044882211	10.050184911121947
2.01138291015625	9.68558685626436	0.38333989956306297	10.021634808889974
2.00017607421875	9.17981827089694	0.553071835227935	9.988874241870295
1.988928515625	9.93656846085955	0.5208296631989989	9.95598463243585
1.9781818359375	9.72027566562555	0.49681280921763205	9.924550155541638
1.96866611328125	9.613913049267738	0.459863018440965	9.896708392079141
1.95718740234375	8.83391020425462	0.413577521991749	9.86311316441149
1.94693994140625	9.478171219080979	0.414674444259568	9.833112085818035
1.937469140625	9.61907783886245	0.45873687747395403	9.805376790323976
1.92522021484375	9.12591649583451	0.413738615466971	9.769494133738148
1.9212185546875	8.57841153256609	0.567880523459545	9.75776858221845
1.9074552734375	9.26186991572351	0.49988427510554007	9.717428825365959
1.89399453125	9.42843449698522	0.471512756858833	9.677959074916675
1.884012109375	8.4736355112068	0.433124807471716	9.648677604767549
1.8737822265625	9.05751844225841	0.49609556658346005	9.618660459622344
1.8649904296875	8.51433599359486	0.5317852286203171	9.592854986763744
1.8540001953125	9.443283144844669	0.45169083812274	9.560586081796771
1.846027734375	9.23967931063005	0.504924861056809	9.537170289233071
1.8352701171875	9.185273862296421	0.421886388922357	9.505564094603383
1.82548994140625	9.06205207251082	0.587949504504861	9.47681936249501
1.81477373046875	8.62226000799579	0.527600691780964	9.44531210217993
1.80303203125	8.98128507155684	0.48866372288499405	9.410775767480196
1.792791015625	8.670528311346668	0.525852304820518	9.380641296221793
1.78204365234375	8.76642900218027	0.427822195703027	9.349004477368482
1.772042578125	9.144999009674029	0.463489057160254	9.319552884328017
1.7612970703125	8.85665472249699	0.45713556670876604	9.287896353178581
1.75055595703125	9.236421456764969	0.432818775484739	9.25623938632658
1.7388056640625	9.34096780801706	0.527802322185388	9.221592476986014
1.72681025390625	9.577272648369561	0.538559958489225	9.186205647264345
1.71657802734375	7.5762697446509994	0.402996501259068	9.15600628392391
1.70557109375	8.848783887301071	0.405875220962756	9.123505803286013
1.6943146484375	8.82399586374567	0.49912717032161796	9.090252577461271
1.6825791015625	9.05821033860582	0.371530155300936	9.055566433387595
1.6716205078125	8.95936651384706	0.400113236305421	9.02316015618733
1.65910595703125	9.139765567189409	0.370366406907616	8.986132727548219
1.64837763671875	8.76526916765787	0.40834291859787697	8.954373028570377
1.63714169921875	9.5379432801007	0.460140092308377	8.921093137389986
1.6281169433593798	8.788355834604209	0.452241114359137	8.894349394043331
1.6191352050781298	9.07639887364835	0.47137394843053104	8.867721255939456
1.60863344726562	9.301489959804691	0.425488223478651	8.836571433590082
1.597140625	9.21628643160795	0.574234521261292	8.80246271146734
1.5844072265625	8.93937841239098	0.341512000911322	8.764648164576037
1.57340546875	8.975241191932481	0.320000232195679	8.731955316956547
1.56440893554687	8.797413854965098	0.338809380095232	8.70520658414226
1.55392373046875	8.86351766565627	0.43712022135926404	8.674014773389537
1.54367553710938	9.23459958414133	0.426566901272234	8.643510096760123
1.533668359375	8.68207199048883	0.392018735366367	8.61370536981201
1.5229376953125	8.487819602014351	0.459572265861905	8.581726305411188
1.51193603515625	8.454526929932578	0.41127501969726604	8.548918181087206
1.50245419921875	8.89858637207935	0.343462218482533	8.52062454909612
1.4904294433593799	8.29579606860461	0.44864216597134104	8.484718690033043
1.47922036132812	8.753098402285321	0.381892980361248	8.451223521036429
1.46844736328125	8.24400817920342	0.383921642072729	8.419008292061001
1.45796928710938	8.89545304040089	0.41438451948090305	8.387652713304288
1.44874086914062	8.216408946393821	0.45798128231563	8.360018154067458
1.4374827636718799	8.463541807113751	0.489618755121529	8.326281617301472
1.42674033203125	8.609771305458962	0.37955801717717097	8.294065172309875
1.41576689453125	8.10627831582739	0.442722971163434	8.261129943246917
1.405012109375	8.31170377791723	0.355971778066367	8.228824882958815
1.396281640625	8.768919157193022	0.45987538537751405	8.202581029670778
1.38429287109375	8.13733407816793	0.42401838486111	8.166513723030324
1.37204106445313	8.72627065552525	0.418936863313108	8.129619610690916
1.3588005371093799	8.04549629906044	0.407159046208858	8.089706710067285
1.34427578125	8.372774181356808	0.396944658245191	8.045871588704484
1.33353608398438	8.74029023013561	0.46198916024323	8.013424330680921
1.3222716308593798	8.29015654157563	0.424339339960407	7.979358528934155
1.3127787109375	8.512547406595921	0.343562651294401	7.9506232053891885
1.30154052734375	7.7170015790854105	0.428135037126552	7.916572252657117
1.29228642578125	8.48775142358724	0.36845186441498196	7.888505728601865
1.28053872070312	8.19320991527764	0.418397934654401	7.852840129006217
1.26831782226563	7.946722376964029	0.322070150685418	7.815693718212541
1.25806318359375	7.84798509675822	0.428931379648687	7.784488178012304
1.2470628417968799	8.46050926403106	0.326619830668124	7.750976188888478
1.23756884765625	7.6640835753215795	0.360129539402788	7.72202146458886
1.22609873046875	7.93093127549332	0.41849665667604097	7.686999714639377
1.21510385742187	7.54176725172226	0.34902076468774595	7.653386589086619
1.20361000976563	8.19118804385942	0.329302982998179	7.618202350295054
1.1893572265625	8.24918093602173	0.37102287065384904	7.57450579855662
1.17809526367188	8.060309590635269	0.37684588510517897	7.539924603205831
1.1676095703125	8.06773716748312	0.414935711034864	7.507682877752228
1.1576322265625	7.67954374393769	0.329067763879081	7.476963622277715
1.14660068359375	7.80911921525863	0.45106393238741505	7.442951216664403
1.1361274902343799	7.60542996766748	0.406175431887623	7.410612997792499
1.1268888671875	7.908885869929071	0.453026011374894	7.382047477186933
1.1144080078125	7.69728955551281	0.35812077297892897	7.343396876839538
1.10416279296875	7.74222139098695	0.418003565726135	7.311616402373044
1.09391904296875	7.25012509066192	0.342421770392078	7.279791074198851
1.0836814453125	7.084988428680569	0.30097272119359	7.247934111295882
1.07292138671875	7.08827666595507	0.443245558253492	7.214395098900615
1.06068515625	7.023415637327901	0.344206843932437	7.1761825876817085
1.04991987304688	7.50988520448174	0.334433290745934	7.142498042164425
1.038204296875	7.32785648773936	0.363323593045624	7.105767864868836
1.02821157226562	7.51730595470634	0.3082809396043	7.074377782111357
1.01818588867187	7.02662684178056	0.36072440665871097	7.042825667538441
1.0087053222656202	7.1070441308565195	0.33773812421167804	7.012933628417442
0.99895263671875	7.306841910893	0.360194960908382	6.9821256827775455
0.9877005859375	7.6785957829996905	0.315843489042573	6.946506131266274
0.9777380859375	7.245141948695689	0.423672522868525	6.914899382209933
0.964731787109375	7.263384013454299	0.342105222876827	6.873534377623791
0.953752490234375	7.19865533546546	0.31417111415783905	6.8385232781680845
0.94450126953125	7.55845651073903	0.42704968669423604	6.808954491851429
0.93550126953125	7.236930849743	0.309225289992967	6.780126907455198
0.92476494140625	6.96626142643283	0.35088252008914	6.745655596434238
0.914258935546875	6.66884827014662	0.29652084394906697	6.711834395932911
0.903523583984375	6.72357727609689	0.303088179865654	6.67718031108746
0.892004638671875	6.62598298717393	0.365837905872244	6.639886543698669
0.880464990234375	6.818757830867471	0.36806860844093203	6.602406953336299
0.870212890625	6.49625542921462	0.282126723531881	6.569005629594022
0.859971337890625	6.63666454420596	0.338440803525267	6.5355377531564365
0.849942529296875	6.37036782692996	0.284773294959767	6.502663841578055
0.83822587890625	6.29813161626804	0.366937244418589	6.464125529794295
0.827493505859375	6.06133638176206	0.36056070491828296	6.428695225603484
0.8157431396484379	6.6842348876922	0.29873105304196695	6.389756351446317
0.8037567138671871	6.10824562201672	0.284371794719449	6.349869078867634
0.7937685302734371	6.4517438676472905	0.30449347531618	6.316497758365364
0.78427861328125	6.38697678277199	0.412225884298141	6.284674153187641
0.7748153076171871	6.44026993823625	0.285752470097956	6.252821984813027
0.765040112304687	6.79421883787205	0.310509201740718	6.219791885165156
0.753544091796875	6.59876814550514	0.31884805237875496	6.180773732146487
0.7430421875	6.23017505208513	0.292493286914272	6.144958809971244
0.732060083007812	6.44888444830527	0.269906597320726	6.107323892395664
0.7200578125	6.50603937701439	0.240538554659389	6.06596980699609
0.711570263671875	6.12008180320067	0.328950483949388	6.036578887685721
0.700049145507812	6.2989271113503795	0.28350322708520503	5.996479636970829
0.689823852539063	5.915879518626061	0.30611310374618	5.960685501020627
0.6790636474609371	6.416399303691071	0.306785871234307	5.922800733679856
0.668613110351562	5.9653229550779105	0.25217019938612	5.8857820432402885
0.6586041259765629	6.1279001437202005	0.323909935078716	5.850110506680468
0.6458587890625	5.78438071607407	0.27026575783136003	5.804363702746084
0.6373579345703121	6.00697631261584	0.250858135772061	5.773640564961951
0.625850927734375	5.81176624082022	0.284206133570553	5.731769721447208
0.6166235107421879	5.90463279669352	0.285015186351554	5.697947268949643
0.605387915039063	5.57407022950078	0.28843114175402	5.656452234573519
0.5946307373046871	5.68519798686645	0.26959480177669903	5.616386465469813
0.5836259765625	5.64549273335853	0.29104191957770303	5.575037483932068
0.572636279296875	5.428195327236541	0.356155565742016	5.533359839273271
0.562647119140625	5.46871034946002	0.212351458227141	5.495123672538949
0.5531601806640629	5.44807137733821	0.331751681752685	5.458481542843417
0.540426489257812	5.61442435826882	0.20103793208646198	5.408766472632931
0.5296830810546871	5.38298199024511	0.30601558812832	5.366317485799152
0.5189400634765621	5.29474813843407	0.278765024278094	5.323378040573216
0.5091951904296871	5.22385924846125	0.31863003281631896	5.283976558611913
0.498702270507812	5.1733880567826205	0.2597152522969	5.24104043803178
0.4879458984375	4.89341173707087	0.28699509190053796	5.196442559047159
0.4764365234375	5.279025502957021	0.220255787899477	5.148023329583745
0.46846650390625	5.04515089492869	0.20377949688153998	5.114043136107394
0.45795712890625	4.9170463927932495	0.253550505688586	5.068635794500435
0.446469482421875	5.04323304842693	0.269038940249936	5.018168203187926
0.434180859375	4.96201437401655	0.213555746306116	4.963142746735651
0.4239271484375	4.931345112698979	0.214925571862599	4.916342038145241
0.414945166015625	4.8579440133031095	0.26465068726875296	4.87463317161803
0.405186987304687	4.5149647712220995	0.208995022808163	4.82851267823308
0.396449487304687	4.93028078636475	0.273065856288158	4.786454515474299
0.386185864257812	4.77468314563952	0.232791424237268	4.736064423004523
0.375433935546875	4.574595651090211	0.191077770107413	4.682046968296159
0.365933312988281	4.46329370747075	0.199054028706606	4.633184564220331
0.355199291992188	4.348075812183191	0.21656054616994302	4.5765949547533715
0.34471298828125	4.32948656176609	0.23752136696803502	4.519773930879864
0.332975854492188	4.43760888185207	0.22124767962411	4.454205854242354
0.32923641357421896	4.0948604486082605	0.203063473457828	4.432846973948065
0.31547994384765604	4.22576106633547	0.182549196724677	4.352157217126585
0.305238037109375	4.0372115132656505	0.232104154562288	4.289744616077038
0.295474584960937	3.97162433434816	0.189866884881388	4.228201493980568
0.28498236083984396	3.8373012678205103	0.21442665576762998	4.15963141582763
0.274243481445313	3.84263405009877	0.15601998729955402	4.086589152039563
0.26474931640625	3.8126004642657403	0.194209622858548	4.019372611081822
0.255250329589844	3.48074299074113	0.221873025859822	3.9494110922496297
0.246003955078125	3.8433706139651598	0.233542441831619	3.878474679322195
0.237495654296875	3.53135234876284	0.17171096279061002	3.81051795072035
0.22525931396484397	3.5491393235738298	0.202578300021717	3.7078504840626576
0.214494580078125	3.56749395483711	0.20381710204403	3.6122411836043633
0.203517822265625	3.1790777296683803	0.14678585209890002	3.5091139310238564
0.179277844238281	3.02388445736984	0.137992803081567	3.2583597507598734
0.169277734375	3.0416606870861203	0.121118196007714	3.1444656025258793
0.159528576660156	2.72691270716539	0.13925056514488698	3.0268606016642177
0.150279345703125	2.7176649943563302	0.13483000324564298	2.9088679690066264
0.13900175170898402	2.69169857119478	0.13803858882710202	2.755976240773745
0.128265246582031	2.5186974425215998	0.112555704712838	2.6006459733068144
0.117494287109375	2.3952059036017697	0.124800817659398	2.4347282009325903
0.10826450805664099	2.13325185169403	0.0910616586919389	2.2842062738147995
0.0987741943359375	2.05873507528752	0.0726976947388943	2.121214091066913
0.0890254150390625	1.96992557553271	0.0942461329931284	1.945025102624898
0.0780430023193359	1.75354898544058	0.0867878018476248	1.7359912130528146
0.0680219970703125	1.48657660093544	0.0721350946733174	1.5357841504094714
0.0592598937988281	1.4394587410737	0.0753078666861664	1.353702126277382
0.0485535232543945	1.0935900825076799	0.0546511927316015	1.1230264514533415
0.0385531280517578	1.01147682563271	0.0422788966440998	0.9003542396569363
0.027804043579101604	0.727451735118517	0.033225466692762294	0.6545722439759885
0.016301788330078098	0.555114838608753	0.0246045373937742	0.3860206257160999
0.00755855255126953	0.340326220222201	0.017275529511155397	0.1794164044464499
-0.00317159595489502	-0.111570999758042	0.009687725684199861	-0.075324921119618
-0.0136767520904541	-0.418528915399594	0.0291776596191936	-0.3241551986676304
-0.0246601898193359	-0.601142166756307	0.0391806879288871	-0.5816524405957387
-0.03614931640625	-0.787173565931864	0.049463697906112505	-0.8459174662307335
-0.0468731689453125	-1.13084308965842	0.0600556337666548	-1.0860679141639868
-0.0556016479492188	-1.153760310728	0.0611409251682003	-1.2758523423013457
-0.0658207763671875	-1.46718220130313	0.0678974689175646	-1.4906404995720353
-0.0750809265136719	-1.519775606786	0.08991213608811499	-1.6777351832197547
-0.0880358367919922	-1.76420537967373	0.0948771932475137	-1.9266452972301593
-0.097486083984375	-1.94373726590642	0.108629109646613	-2.098443295713192
-0.107971862792969	-2.1358293323827597	0.128261999012885	-2.279305440771878
-0.118443701171875	-2.3642953267521802	0.119066289821371	-2.4497703098932875
-0.129422888183594	-2.5427275084421503	0.137476846573006	-2.6178689600275824
-0.133156884765625	-2.55787788336944	0.112432697583985	-2.672632876474421
-0.146105487060547	-2.6977561460985497	0.13467304037971	-2.8534695354790207
-0.156319091796875	-2.75516784126262	0.141299062158377	-2.986645861752309
-0.166049584960938	-2.9529675128161097	0.152409328298519	-3.106265536432772
-0.17675822143554698	-2.97185991320357	0.134354396206986	-3.230279083308768
-0.187990533447266	-3.09095872574214	0.174657767637742	-3.352412870866115
-0.198700537109375	-3.25143504224547	0.14670993004966698	-3.4619157111873657
-0.20716806640625	-3.43937748049414	0.14384693163133802	-3.544073419170811
-0.216401000976562	-3.4773465289683303	0.189407362135503	-3.6295572479531244
-0.225876220703125	-3.52257023140454	0.170376704609632	-3.713174505957528
-0.23609705810546897	-3.60431498588315	0.219158147126537	-3.7990866247577286
-0.2460849609375	-3.62126495730789	0.17117861096741002	-3.8791089842936355
-0.256568212890625	-3.5649567350282596	0.237756827363866	-3.9592882845856425
-0.26732489013671895	-3.9081328126455497	0.164189328003987	-4.037865177348908
-0.276262646484375	-3.8953221449136	0.17930132842722799	-4.100556549942309
-0.2862978515625	-4.00200743812516	0.204867408774978	-4.168374625140532
-0.298499914550781	-4.11627785787664	0.170960446353286	-4.247495631114959
-0.3092166015625	-4.17862390657224	0.23491467762567	-4.314240147466875
-0.318457995605469	-4.2872252668103705	0.200347125970655	-4.369919111110456
-0.33078917236328104	-4.325331359851821	0.166503931416815	-4.441744579600345
-0.34048173828125	-4.44266711382043	0.240454687194179	-4.496386021307554
-0.350775476074219	-4.552913622022681	0.20620265523846298	-4.5528169416012485
-0.36077166748046896	-4.694941034482969	0.203114927574432	-4.606162777985034
-0.370552807617188	-4.5467599711935	0.198521276038436	-4.657080932738289
-0.37956285400390605	-4.59098487541068	0.22134117086088	-4.702945817153494
-0.39178818359375	-4.7199969581712296	0.223132228666058	-4.7637058694665395
-0.402835388183594	-4.55278782517183	0.209215952047347	-4.817266062312296
-0.4143171875	-4.76448525341454	0.251400998684878	-4.871691016148074
-0.42459177246093704	-4.96059201013695	0.268186212535522	-4.919401262804464
-0.435564038085937	-4.72429946869035	0.295383170399384	-4.969392649078793
-0.445349755859375	-5.00383507566801	0.231142352308481	-5.01320005847956
-0.45582353515625	-5.25300678576983	0.27517986305717	-5.05933011612162
-0.46710939941406293	-5.14050764847498	0.237138958803525	-5.108218734192402
-0.47860654296875	-5.37443580168506	0.22846596593093002	-5.157210078008658
-0.48904833984375	-4.8545319617787195	0.24593969050188103	-5.201041777875133
-0.5006432861328121	-5.39455753216644	0.253004238357502	-5.24902422853778
-0.51035703125	-5.27229150383614	0.29190874624615604	-5.288697641120381
-0.52008828125	-5.333926519767299	0.247915300641776	-5.3279918228635985
-0.529093408203125	-5.40833653969094	0.271064005355478	-5.363973619233386
-0.537815209960937	-5.40068266132356	0.292923175321807	-5.398492552076688
-0.549350830078125	-5.60978224615582	0.19256500846583	-5.443674575594098
-0.56004091796875	-5.55563986965795	0.243676137776483	-5.485090125645407
-0.571824536132812	-5.38307407976461	0.294515785042063	-5.530265483589767
-0.580812377929688	-5.5495396658373695	0.32115899762712996	-5.564404649254014
-0.590584545898438	-5.62652091579937	0.298990188731869	-5.601226932674672
-0.602046704101562	-5.70117553555289	0.264399412480539	-5.644043905379747
-0.614311962890625	-5.62317898828898	0.289644124110842	-5.68943881090005
-0.625322607421875	-5.86291031698811	0.239119456422069	-5.729839233296052
-0.636068579101562	-6.08895036281143	0.30113806043670704	-5.7689654025943575
-0.648799658203125	-5.95256217729045	0.30814133852889	-5.814952454555365
-0.659281396484375	-5.78166552460783	0.38895486553064995	-5.852531162583066
-0.669015185546875	-5.92960733363657	0.303833126832753	-5.887210518420165
-0.680000317382813	-5.99098654850327	0.365214087429742	-5.926107733022893
-0.690034692382813	-6.12610406351179	0.317078755760381	-5.961425563525798
-0.7000088623046871	-5.67265128207355	0.325955382039117	-5.996339008159758
-0.712042578125	-6.35871557838101	0.260260570383554	-6.038217718589295
-0.72326162109375	-6.54448746253655	0.31182719162142103	-6.077032022990872
-0.7342798828125	-6.57933840312763	0.28478720646511896	-6.114946421403511
-0.7390271484375	-6.010560106824499	0.316228929017797	-6.131221591788622
-0.754283129882813	-6.54687027471	0.357861749841544	-6.183287861667024
-0.764998388671875	-6.322693250097069	0.30758173948170003	-6.219650616071517
-0.774459716796875	-6.318946861779381	0.26171065298219304	-6.251622765293288
-0.78321474609375	-6.4318608084677	0.364878802287315	-6.281099272545019
-0.795216137695313	-6.40908644128525	0.29366002764047	-6.321342050688946
-0.8044535888671871	-6.40447713608623	0.365579613367313	-6.352192797769405
-0.816194921875	-6.50089842211152	0.33842914562117904	-6.391256422172768
-0.82671279296875	-6.0806418171971695	0.386408923896073	-6.426112927144186
-0.830967626953125	-6.5228691262590806	0.320870096782069	-6.440178046322334
-0.8444693359375	-6.40456601832814	0.313623874053305	-6.484679451925568
-0.8543884765625	-6.7662125627458805	0.34094125326381397	-6.517250016486863
-0.86644296875	-6.6756737612023995	0.272464569229064	-6.556698003917351
-0.876707373046875	-6.955642426608381	0.290726630600432	-6.590176152136084
-0.887228857421875	-6.47178363536134	0.314278175579085	-6.624389984125262
-0.896987353515625	-6.99454411842152	0.335790955433267	-6.656032866444297
-0.90898896484375	-6.484882064749041	0.41199771540058	-6.694834900957693
-0.919232861328125	-6.92141805049689	0.418678402859663	-6.727857800291642
-0.92973173828125	-7.02303392923264	0.310857876474545	-6.761613862360153
-0.940027099609375	-6.955507663067831	0.386569657394779	-6.794631158550622
-0.951235546875	-7.18164428226093	0.425818816789498	-6.830484880899643
-0.960742822265625	-7.12472535949568	0.345020670510057	-6.8608242442007334
-0.970748486328125	-7.16842567654574	0.367883352215973	-6.892684332296815
-0.9807123046875	-7.10507192168757	0.356066133814664	-6.924342258028055
-0.990995849609375	-6.92878013823781	0.36580285185336503	-6.956946130624614
-1.00245278320312	-7.00046311432019	0.394069659885488	-6.993189226427877
-1.01193315429688	-7.2356222963449595	0.426369395730395	-7.023117071382407
-1.0231748046875	-7.26486531794298	0.366670211338631	-7.058533859019376
-1.03395043945312	-7.21840052949928	0.315857484606044	-7.092412256418258
-1.04345625	-6.83984222345547	0.42583345289202895	-7.122243020709178
-1.05394638671875	-7.2190176039188705	0.286192683917494	-7.155104317688689
-1.0626712890625	-7.55693144591004	0.32178167570571903	-7.182390412758068
-1.07489208984375	-7.7493350218978305	0.29163333820972204	-7.220542154710264
-1.08641245117187	-7.43865382394912	0.330052535515222	-7.256437393182692
-1.0984182128906201	-7.23872712604721	0.355290251964166	-7.29377528692314
-1.108907421875	-6.88219869951951	0.401590060746895	-7.326340216344684
-1.1196306640625	-7.84474344758042	0.322359082873783	-7.35957888744913
-1.12987690429688	-7.583973817544551	0.319694980721063	-7.391290480618112
-1.1386079589843798	-7.50367526294027	0.352127575857906	-7.418276208772369
-1.14913349609375	-7.58261623918055	0.296973693205953	-7.45076484410418
-1.1598236328125	-7.44026233447363	0.34735589057993	-7.483714193541056
-1.17037836914062	-7.4484170556840406	0.36689327073557	-7.516200668248732
-1.1810937011718798	-7.369950993937469	0.375643016533534	-7.549136405079506
-1.19086845703125	-7.66254324268432	0.4025571251701	-7.579142546385535
-1.20183901367188	-8.10673777885356	0.43178854457632504	-7.612776855044399
-1.2115896484375	-7.3872329676163995	0.321408182022035	-7.642634128575385
-1.2230765625	-7.55824818715128	0.410496077528468	-7.677764641869954
-1.23477836914062	-7.60720509829103	0.457409837916075	-7.713505381831977
-1.24580888671875	-7.77755315445165	0.379789575109293	-7.747153587005943
-1.25605078125	-7.93780730183347	0.415120847545155	-7.778360403097959
-1.26903291015625	-8.09294888395439	0.342074668781659	-7.817868550440504
-1.28002041015625	-7.94191643445084	0.376023062264587	-7.851265606434831
-1.290539453125	-8.03382682431542	0.427732566850209	-7.883204575711172
-1.30024296875	-8.03153544494619	0.459623620788873	-7.912638416476847
-1.3100457519531299	-7.95193620023338	0.446252085049106	-7.9423458103138
-1.3210403808593798	-8.50304112891953	0.43023346513412697	-7.975632907438313
-1.33324262695313	-8.17333496381197	0.396290143630968	-8.01253729588332
-1.3447537109375	-7.620864770837589	0.443388917373775	-8.047314826882449
-1.355084765625	-8.113584704497681	0.416711581704464	-8.078497803718836
-1.3645986328125	-7.74860544000186	0.415022991430647	-8.107190150141994
-1.37502211914062	-7.90749368255127	0.478073777806643	-8.138599873278274
-1.38630849609375	-8.06515915815737	0.417317995726113	-8.17257995511669
-1.3975423828125	-8.19318530478235	0.49835842957421406	-8.206371918145495
-1.40705263671875	-8.39427892186872	0.49719432887318105	-8.234956200704222
-1.41899169921875	-8.40100469989008	0.419053320208101	-8.270811502754372
-1.42879677734375	-7.963183523905199	0.444910057404867	-8.300234362337207
-1.438248046875	-8.616213265334899	0.41364318965259395	-8.32857574812551
-1.4624416503906201	-8.63226529854236	0.358282520885554	-8.401038950753904
-1.47149453125	-8.45678910350512	0.42849400607578303	-8.42812277910225
-1.482484765625	-8.16924316823726	0.425778869385237	-8.46098078313692
-1.4919701660156202	-8.8542222604037	0.307334826121978	-8.489320811634885
-1.5024470703125	-8.24627638639515	0.378359687451406	-8.52060327028591
-1.51123403320313	-8.66870614020027	0.400273724028343	-8.546823988366837
-1.5211965332031299	-7.732113424273391	0.45482896620899305	-8.576535432592802
-1.53297817382812	-8.88982908049676	0.39516631101138	-8.611649121613935
-1.5459279785156201	-8.73291273382098	0.45159679915035	-8.650216231416927
-1.5581962890625	-8.39868970851982	0.439256282116009	-8.686727172928041
-1.56940830078125	-8.53906957525885	0.447358376424123	-8.72007246920391
-1.57893442382812	-8.70068603534895	0.40973466472141995	-8.748387607383524
-1.5901501953125	-8.97473271136041	0.48315605936149697	-8.781706297836834
-1.5993939941406201	-8.63862281591752	0.477666528674962	-8.809151929107015
-1.6108451171875	-9.20110781596901	0.42150374480426	-8.843132969808766
-1.62038515625	-8.996343239542231	0.38506146263159	-8.871427699966542
-1.63291870117188	-9.23629467538182	0.382681594543292	-8.908580283024921
-1.643141796875	-9.13835567263639	0.49256520599608505	-8.938867160780458
-1.6546376953125	-9.35341636547491	0.41301552976259404	-8.97290701895203
-1.66507978515625	-8.854928322524959	0.325070605910373	-9.00381047276961
-1.67514580078125	-8.55495691780324	0.571593682020455	-9.033586761331819
-1.68807109375	-8.930741548281219	0.45092416433966	-9.071801085684648
-1.6990771484375	-9.75676973858668	0.41126341977312203	-9.104323711470524
-1.7095798828125	-9.44927998156671	0.431433011518226	-9.135344442531935
-1.72030966796875	-9.43699735320374	0.428685448267645	-9.167021344122208
-1.73004296875	-9.47217183011499	0.415050744714045	-9.19574398329835
-1.7392888671875	-9.84880552245081	0.405633769797403	-9.223017575320991
-1.7500375	-9.81055212046737	0.347667185715913	-9.254711010444028
-1.7618439453125	-9.33312889820504	0.449959445747287	-9.289507781747814
-1.77352275390625	-9.13192832528271	0.47357470927413803	-9.323912483004769
-1.78183251953125	-9.11147546791188	0.435193711035232	-9.348382840767936
-1.79453408203125	-9.29258767373076	0.42962731644340296	-9.385771126223734
-1.80429326171875	-9.07371192783294	0.39242552524292196	-9.414486184959951
-1.81400654296875	-9.14393459209851	0.45418813632901	-9.443055991941915
-1.82478349609375	-9.49299702449108	0.444671156316077	-9.474742678366198
-1.83454306640625	-9.017184046071309	0.43055679822145604	-9.503427572491429
-1.84528251953125	-9.264009795335259	0.445994055929145	-9.534981204279443
-1.85774580078125	-9.549868648587669	0.546211348945461	-9.571585055164984
-1.86976259765625	-9.19566969495175	0.409568726644724	-9.606863070618367
-1.8799869140625	-9.28128719384463	0.411901982052553	-9.636867823720262
-1.8895498046875	-9.75291148119857	0.420550154269277	-9.664922500707473
-1.899981640625	-9.48964181637833	0.495033278127477	-9.695516614344278
-1.91043974609375	-9.65650971247399	0.451103493869573	-9.726177679212693
-1.92296015625	-9.761931208475389	0.455773867952352	-9.762871949226199
-1.9329486328125	-9.29048396381621	0.43910696846168396	-9.79213570868092
-1.9442255859375	-10.1433014759395	0.408575779179234	-9.825163872158761
-1.954459765625	-9.55390010602437	0.396232070828683	-9.85512844477946
-1.96542724609375	-9.41132264772806	0.6092528327547551	-9.887230179263668
-1.974966015625	-9.293477007345508	0.391542334115607	-9.91514191919351
-1.9861732421875	-9.89017742590093	0.451713373408787	-9.947926237765149
-1.996423046875	-9.93269377433294	0.398305494436218	-9.977900928574105
-2.008649609375	-9.8475112807414	0.480159856299987	-10.013645550513466
-2.01836943359375	-10.089488005402899	0.37308898703924603	-10.042053319086172
-2.02790263671875	-9.22353534843846	0.47497930904054403	-10.069908584590154
-2.03891865234375	-9.81720722449264	0.446089209116439	-10.10208791759991
-2.048648046875	-9.52560802897602	0.37763393647764804	-10.13050130031181
-2.05888671875	-9.37791463717708	0.46794831517226204	-10.160394427431948
-2.07133232421875	-9.273235266354309	0.536878466321319	-10.196720745495277
-2.08287626953125	-9.03460147513812	0.57642152522851	-10.230405414857909
-2.09388203125	-9.64996258288717	0.506165626918285	-10.262510987419889
-2.10386015625	-9.73250680377534	0.48590504790618	-10.291611549583704
-2.11386591796875	-9.575943855444391	0.416780373447075	-10.32078590989375
-2.1240875	-9.30402143872676	0.526660693317111	-10.35058261564983
-2.1340935546875	-10.120018219960201	0.402512582071182	-10.37974435078688
-2.14404345703125	-9.772782401301999	0.44916226085225197	-10.408735962688459
-2.15532353515625	-9.54697854906995	0.435505722441339	-10.441595692564903
-2.1675734375	-9.68728998890903	0.529619390433634	-10.477271478116418
-2.1783142578125	-10.026125604802699	0.45705958395915197	-10.508544628130316
-2.1890361328125	-9.830743412672058	0.45522547911254396	-10.539755563278328
-2.19953916015625	-10.0677653306765	0.478910890648976	-10.570322708382083
-2.20904951171875	-9.84120386356242	0.487514919281548	-10.597995182578707
-2.2197638671875	-9.30862744112043	0.6435435211071551	-10.629164607864848
-2.22980380859375	-10.0142495830875	0.577293876193545	-10.658366039309257
-2.2405287109375	-9.6681241957029	0.453248619558907	-10.689553335593331
-2.25254306640625	-9.45582305477923	0.615601508285334	-10.724482584150433
-2.26328662109375	-9.39095880756943	0.527943067158698	-10.755710461604643
-2.27452275390625	-9.88382126654065	0.5566068009087379	-10.78836334973857
-2.2852587890625	-9.912128441599581	0.507251654553026	-10.819556571093436
-2.297498828125	-10.274578917450201	0.5315408230376041	-10.855112169249121
-2.29456103515625	-10.1408968626627	0.503465083772519	-10.846579011012576
-2.28382529296875	-10.0714473024819	0.5053610730287571	-10.815391947970245
-2.27208896484375	-10.286462988431799	0.589012044045206	-10.781291190344309
-2.25959033203125	-10.3522777124921	0.5273163518552659	-10.74496731662708
-2.24883837890625	-9.86125415081039	0.5566265081327411	-10.713712832334968
-2.2376087890625	-10.1130480565905	0.551442538205781	-10.681063044581776
-2.228087890625	-10.4038787005046	0.5891925263590161	-10.653375657453626
-2.2173703125	-10.1773102884025	0.478471849254991	-10.622202032584603
-2.2083482421875	-10.4504109443711	0.45200621253258	-10.595954865952155
-2.19759521484375	-10.573164627906399	0.498716669399457	-10.564665708327498
-2.187846875	-9.90531337419911	0.472288341089477	-10.536294027181286
-2.178092578125	-10.2856845840659	0.531212642646167	-10.50789925372005
-2.16586123046875	-9.95573824730219	0.487841332116239	-10.472285527279048
-2.1543634765625	-9.993373762074889	0.434189802708229	-10.438799283774907
-2.1451357421875	-9.89164074795894	0.4816326849624	-10.411918228483
-2.1346421875	-9.74485619500994	0.45031217669164003	-10.381343101569206
-2.12412353515625	-9.996959748190038	0.513880420015107	-10.350687648651792
-2.11141845703125	-9.63567303453654	0.435212918622739	-10.3136503349571
-2.09915859375	-9.78983507807293	0.456388854052084	-10.27790059373026
-2.08968505859375	-9.46444015226461	0.513758213686668	-10.250268738213908
-2.07743583984375	-9.807404235290111	0.489945712233198	-10.214531680101539
-2.06666513671875	-10.198365976928201	0.412281006722162	-10.183099431731476
-2.05620390625	-9.66866019697943	0.44792940499100603	-10.152562349715215
-2.0457052734375	-9.49440216937336	0.5985329235303459	-10.121908068367613
-2.03321337890625	-9.17712889692435	0.490573651341255	-10.0854231522272
-2.02122099609375	-9.52700766784517	0.357707355203618	-10.05038608878278
-2.01122685546875	-9.564433042374041	0.538772242986436	-10.021178686984879
-2.0000103515625	-9.74202859936025	0.344118869312786	-9.988389716191257
-1.98847841796875	-9.55330886805353	0.49389680443053496	-9.954668266077894
-1.978735546875	-9.678509273045991	0.519018977709241	-9.926170012310827
-1.9674775390625	-9.861168024904591	0.581268820204669	-9.893230252878807
-1.95623974609375	-9.556728014390231	0.470355067452275	-9.860339123930101
-1.94377958984375	-9.988828634203681	0.472872135885846	-9.823857839468271
-1.93425888671875	-9.35560182265755	0.472966093238238	-9.795973775385253
-1.9222583984375	-9.48254977271162	0.526413768039909	-9.760815640222383
-1.91175693359375	-9.628284990520399	0.46301693655290005	-9.73003870032555
-1.90152880859375	-9.38038723047978	0.436317459712378	-9.700053232898938
-1.89029921875	-9.74559398841997	0.457591693765434	-9.667120694077337
-1.87931513671875	-9.99964706554481	0.376949971988164	-9.634896702518407
-1.8683046875	-9.62218038475774	0.447496889401328	-9.602583798266396
-1.85831953125	-9.62681746706676	0.38588178340350504	-9.573269692473474
-1.8463140625	-9.39313963051859	0.461045992345678	-9.538011369504687
-1.83783251953125	-9.43237842143897	0.437200648553973	-9.513093576247144
-1.82808115234375	-9.623536283095389	0.5308115859604889	-9.484436105772133
-1.8175849609375	-9.38395200807393	0.388138306121167	-9.453578708738515
-1.806566796875	-9.05741925029616	0.471546156850634	-9.421174271261368
-1.7941109375	-9.815512975812581	0.436752953379359	-9.384525846026293
-1.78384140625	-9.26010259740776	0.41369918499029396	-9.354297387393025
-1.77284375	-9.41021632916621	0.45200435814698403	-9.321912626782227
-1.76260302734375	-8.9801993092856	0.365492365616885	-9.29174444473432
-1.7513630859375	-9.21468312752615	0.505084907018727	-9.258618683986516
-1.74110546875	-8.9509203973121	0.39058351386852	-9.228374979425421
-1.72887822265625	-8.854664880153779	0.373662576492815	-9.192307471706322
-1.7186365234375	-8.89390101657608	0.494591029717776	-9.162082769560097
-1.70686689453125	-9.16936349302969	0.447770418096825	-9.127332748236816
-1.69536767578125	-9.3557020084709	0.464920004234604	-9.093364072772552
-1.6843984375	-9.02459216798686	0.40450040798623804	-9.060944940006415
-1.6729076171875	-8.90394259132516	0.44362139512933	-9.026967178229274
-1.66266904296875	-8.97436515086403	0.38104146809928396	-8.996677199749529
-1.65166103515625	-8.6216719520252	0.48394897122657704	-8.964094787055664
-1.6401736328125	-9.06814333531843	0.405898342645022	-8.93007524714517
-1.6296877441406201	-9.179713433272982	0.419939178279427	-8.899005121033424
-1.6174488769531299	-9.0453600681261	0.388857242236558	-8.862720466309783
-1.6074665527343799	-8.36301952343911	0.41500531213701997	-8.833109215372835
-1.59694736328125	-8.85539504617523	0.427633257458745	-8.801888969499887
-1.58770317382812	-8.55075981016663	0.406226423490998	-8.774438636798195
-1.57696352539062	-9.1802630594929	0.5193077009989849	-8.742530580198705
-1.56472387695313	-8.769874542137819	0.395124754608862	-8.70614320124367
-1.55499892578125	-8.58591566017667	0.470184988675406	-8.677214155673209
-1.54372431640625	-8.46031777056812	0.36845395016010696	-8.643655335323801
-1.53450659179687	-8.58041869029512	0.43629836835453495	-8.616202576929165
-1.523272265625	-8.29701858144653	0.42846966083057403	-8.582723687204908
-1.5127607421875	-8.9720905427769	0.405081543829412	-8.551378308785946
-1.5017716796875	-8.47833959814949	0.463082056248123	-8.518587278558524
-1.48926967773438	-8.37975751859597	0.378072787714005	-8.481254183276313
-1.477518359375	-8.85653935370888	0.442720096544311	-8.446135432788601
-1.46677724609375	-8.68946745088461	0.524937261348599	-8.414011960632354
-1.45677548828125	-9.010289841282741	0.467296019633322	-8.384078862280205
-1.4463145996093798	-8.60889357187416	0.430306009661179	-8.352749741324487
-1.4340654296875	-8.653876634672601	0.373774709960009	-8.316035763214666
-1.42207846679688	-8.43130317226662	0.40093693497795296	-8.280076484665614
-1.40931958007813	-8.48453715572062	0.44401142747957	-8.241766736435428
-1.39833154296875	-8.22447419339809	0.354500104348576	-8.208744632709362
-1.38832734375	-7.88896799370504	0.384171055731313	-8.17865491761937
-1.37759106445313	-7.936649823768301	0.42217126698777496	-8.146336941174111
-1.36760112304687	-8.02306716350065	0.377568148932248	-8.116240486752986
-1.3571033203125	-8.13579081172124	0.401266976964076	-8.084587361288284
-1.34688520507813	-7.7883322608676	0.456455856500272	-8.053750727233721
-1.333586328125	-8.04731309266405	0.277366972613642	-8.013576201719061
-1.32232353515625	-7.99075970263422	0.41038021600646	-7.97951557625758
-1.3118387207031201	-7.887991598039591	0.324036547006629	-7.947776465355457
-1.30159594726563	-8.19396057058973	0.365639537322018	-7.916740259637084
-1.29159052734375	-8.43444157304663	0.42479770426687996	-7.886394146563827
-1.2818314941406201	-8.23359917055936	0.461278164570739	-7.856766960113161
-1.27084375	-7.9788786058260595	0.404846807927464	-7.823375238937436
-1.2583391113281202	-8.03649825423816	0.411363513834385	-7.7853282787044975
-1.2488466796875	-8.08616616930421	0.445818123598519	-7.756413219827506
-1.23960703125	-7.8812793157361405	0.366004341352605	-7.7282400206772115
-1.22887265625	-7.31142063925752	0.402397333240576	-7.695473450553218
-1.2178982910156202	-7.6741899499169	0.36621018773042396	-7.661933630742907
-1.20838657226563	-7.7968996345143395	0.43738013944084003	-7.632829812692573
-1.19714848632812	-7.7131868198473	0.31023061225410803	-7.5984017509500035
-1.186646875	-7.784727509610479	0.372036186573705	-7.566187758206604
-1.1738937988281202	-7.79317234582235	0.35355710025057097	-7.527010992750993
-1.16367412109375	-8.11236582164436	0.37309765572140297	-7.495570807636133
-1.1539197265625	-7.64117912053721	0.298135482835884	-7.465522878522227
-1.1426556152343799	-7.64067252489182	0.410250536362935	-7.430775457684495
-1.1304353515625	-7.68684895357728	0.351698690494062	-7.39301750984933
-1.11868686523438	-7.382361608657409	0.402580529260318	-7.356655513796232
-1.107194140625	-7.794067637265511	0.317810031532166	-7.3210246739757485
-1.09596342773438	-7.966221427931949	0.374788636732447	-7.286146589508757
-1.08520708007813	-7.04066275172651	0.40505986858438303	-7.2526847960026615
-1.07471416015625	-6.9097779054577195	0.428235275795092	-7.219987234475722
-1.06471762695312	-7.50598112209659	0.275414063260977	-7.188784235564392
-1.05348486328125	-7.1582503863193505	0.4134050831162	-7.153659819621005
-1.042731640625	-7.2048578843184705	0.326834783444382	-7.119970871648116
-1.03249282226562	-7.00498302161512	0.42426629165322305	-7.08783347411404
-1.02072924804688	-6.84781108011618	0.33169659145416897	-7.05083558806284
-1.0077716796875	-7.1045286814070705	0.262772378229912	-7.009986895691358
-0.998009716796875	-6.79169664508448	0.299182068322529	-6.979143897867955
-0.987270849609375	-6.91961883403195	0.37202291025040396	-6.9451441230162505
-0.977265283203125	-6.66192514151824	0.369958414444637	-6.913397725263405
-0.9665208984375	-6.9501202181004	0.33183525529640595	-6.879231409717817
-0.95455263671875	-6.87145600418737	0.318222856495988	-6.841077746264349
-0.943297265625	-7.5182624686938295	0.328042011167081	-6.805101556903592
-0.93278330078125	-6.94358635826076	0.29130168714210697	-6.771408834884895
-0.923308447265625	-6.9817970040705	0.341620888034058	-6.740972162602301
-0.9125501953125	-6.8745946372773705	0.43413716653913803	-6.706325005800375
-0.903305224609375	-6.24806991294531	0.396790373588639	-6.676474424000106
-0.89250517578125	-6.62189534999772	0.44643866790737696	-6.641509512948698
-0.880265478515625	-6.81783948708796	0.28780266122522097	-6.601757886556278
-0.868279345703125	-6.41844532675872	0.265297503687192	-6.562694923342602
-0.8567494140625	-6.88226376687227	0.318708322067988	-6.524987549829865
-0.84676923828125	-6.468777575277731	0.318280795174271	-6.492240515211561
-0.836522998046875	-6.81752538475655	0.319494499845444	-6.458512280453982
-0.827011767578125	-6.6582516304265695	0.327016187076654	-6.4271019009998245
-0.816552783203125	-6.63216273289468	0.279105026776146	-6.3924444747201115
-0.804530712890625	-6.68238397966429	0.29094421947067	-6.352449930277982
-0.793030883789063	-6.56222910817888	0.338240554352243	-6.314028268401945
-0.783564135742188	-6.41091002260562	0.31147377374921104	-6.282273480292714
-0.773057568359375	-6.29108133454385	0.377782605261635	-6.2468923780050245
-0.763327075195313	-6.27940269710143	0.32495138605595697	-6.213989803837652
-0.7525547119140621	-6.57123876982356	0.275342700700565	-6.177406699730531
-0.7423045654296879	-6.42449059106588	0.33769911567571903	-6.142436958649595
-0.732074877929688	-6.34878313016849	0.29229159259055	-6.1073747226641135
-0.72082919921875	-6.06466586659806	0.314041683402613	-6.0686348599480215
-0.709097900390625	-6.03172728553666	0.34964084650982097	-6.027993892285838
-0.6978448486328129	-6.21403635666246	0.321668577560761	-5.988780009428448
-0.687822827148438	-6.43101868593305	0.264549885163178	-5.953657480209538
-0.6768589111328129	-6.35989205586489	0.302372198281731	-5.915009689087019
-0.666591137695313	-6.14122766804611	0.28873647041656897	-5.878593259705747
-0.655111279296875	-6.29017264846879	0.359180849696677	-5.837610381155367
-0.645368627929688	-6.223683444910661	0.338234899746726	-5.802596882109699
-0.6338699462890629	-6.259589679923479	0.300559988285524	-5.760983775333146
-0.624395703125	-6.450971684598	0.243866201153114	-5.726450566335174
-0.615639990234375	-5.826338942361191	0.276263038257406	-5.694328852936873
-0.604644384765625	-5.902251171484551	0.353989317898011	-5.653693745995996
-0.593638916015625	-5.55051998291426	0.22988685356143201	-5.6126750931061
-0.583144189453125	-5.79146601230948	0.24996825569826003	-5.573218568610294
-0.5738783935546871	-5.6274873668974505	0.220899007567681	-5.538090464651756
-0.563158618164063	-6.21384602528207	0.24255117995174902	-5.497090033277736
-0.552929833984375	-5.6217004441378595	0.332066154163761	-5.457587737874231
-0.54143896484375	-5.66648903646847	0.24294187119244298	-5.412742613816848
-0.530196630859375	-5.32947637826016	0.235477574171876	-5.368357566690584
-0.5204324462890629	-5.421849065710131	0.33070619651572397	-5.32937359326224
-0.508665234375	-5.34181033129143	0.276626908763592	-5.281820961611631
-0.497450537109375	-5.2628281131412	0.288751798327686	-5.235881622186865
-0.48493762207031293	-4.8957694853898	0.293709095216778	-5.183858678877276
-0.473942236328125	-5.468114997726571	0.264516277364611	-5.137429756010023
-0.463489306640625	-5.18609744176813	0.285038678358967	-5.092625917734002
-0.45143544921875	-5.16116447654841	0.241225761753994	-5.040095530537285
-0.44045046386718795	-5.00879491985523	0.239458095393033	-4.991355974120455
-0.42968718261718797	-5.16321926305573	0.27029450321278997	-4.942735553931638
-0.41867060546875	-4.91309666315061	0.247047569377376	-4.892016395017134
-0.407916040039063	-4.80191772412949	0.242201488208035	-4.841499052726544
-0.39694595947265604	-4.9777489297458795	0.19147625075584	-4.788864434403547
-0.386203686523438	-4.7174355829712304	0.223025434040429	-4.736152890042873
-0.37720577392578103	-4.54823774388033	0.23804098321210201	-4.6910395236773645
-0.36820068359375	-4.57194766920422	0.205370926252025	-4.644946781656145
-0.357217822265625	-4.58788655518722	0.212230125443025	-4.58735413614356
-0.346704418945313	-4.6341288034313095	0.209918143393154	-4.530687672632859
-0.336734106445313	-4.32629606609798	0.21670010150375	-4.47543884172604
-0.325231555175781	-4.14160228413085	0.189634415753476	-4.409706911111863
-0.31497862548828104	-4.0783422258602195	0.182816824244051	-4.349150598013875
-0.304723486328125	-4.0992602465788295	0.201843573299259	-4.286552595365425
-0.293994982910156	-4.24386895387788	0.16571611846066	-4.218689532021838
-0.28224466552734395	-4.06260709720665	0.221444011957472	-4.1412961614400565
-0.271977575683594	-3.9109804224873597	0.178726510227595	-4.0707809846983665
-0.259509692382813	-3.8247833539695804	0.169663682924647	-3.9811323306151865
-0.24847789306640602	-3.98297618361033	0.210102264594993	-3.8977419988858037
-0.238241577148438	-3.57880615215439	0.172281247516573	-3.8165839083301467
-0.228519970703125	-3.5855484732619303	0.14952908745793	-3.7358078734400078
-0.217248840332031	-3.1851022193126	0.203214444116463	-3.6372038692304667
-0.19325095825195301	-3.05152830056703	0.18462016890902602	-3.4070077397393166
-0.18222890014648402	-2.88713708912988	0.145675611010113	-3.290738239555498
-0.17148145141601598	-2.87017160737735	0.141221241914704	-3.1701334582711063
-0.160973559570313	-2.68611001910995	0.142238001522365	-3.0447192483481276
-0.150233337402344	-2.73037716645243	0.154782279707018	-2.9082647518005027
-0.140489288330078	-2.8021260545101603	0.109877885163843	-2.7767322435020985
-0.131000396728516	-2.62320269713262	0.11054196731627701	-2.6411515618735497
-0.120225909423828	-2.36563230556568	0.122982253779882	-2.4777870611050465
-0.10925104370117199	-2.29856203699849	0.106153664424434	-2.3006690314042926
-0.0979947479248047	-1.91086595912862	0.0978505687397782	-2.1074538303111705
-0.0864910217285156	-1.6995327523362298	0.06705526188669489	-1.8977713820934274
-0.07450150451660159	-1.63159682605122	0.0910385699700102	-1.6662479686661993
-0.06499670104980469	-1.5463134559332998	0.0706677120842711	-1.4736349718217088
-0.055256314086914095	-1.3267010660279501	0.0560924967015057	-1.268450057480162
-0.047241543579101604	-1.25058278167749	0.0571289197046331	-1.0941866861476683
-0.0372747344970703	-1.05303591858297	0.0533538285614519	-0.8714444909824918
-0.027495222473144502	-0.8405694147732821	0.0396076669868057	-0.6474278039999418
-0.0177327819824219	-0.597786924665631	0.0252633266334231	-0.4196702942275198
-0.00876325149536133	-0.429244741535504	0.0201167288869821	-0.2079647571272898
-0.0045199987411499	-0.0466106917072819	0.013419696876184599	-0.1073363521518705
0.00748840370178223	0.18520457333766602	0.0129546903821871	0.1777534668071278
0.016956282806396498	0.505698761495232	0.0221774381913841	0.4014180192547997
0.028953816223144503	0.818752103510366	0.0296424262349438	0.6811346043260467
0.0374246246337891	0.90025493189821	0.0446081900141963	0.8748389648404002
0.0478991577148438	1.1536926225775999	0.0540993512010452	1.1086570952225157
0.0596450653076172	1.3003258082726599	0.062716801061281	1.3618377659313954
0.0698719543457031	1.67167033951312	0.08870254785377191	1.5734045586660474
0.0805908477783203	1.72591871937022	0.08859018079176381	1.785468590024091
0.0908002166748047	1.85061734708642	0.0787594932705111	1.9777611689519319
0.101783514404297	1.9953986167278799	0.100600455104535	2.173807355263493
0.11228102416992199	2.30636845083401	0.0952999349882836	2.3506697317459104
0.12394064941406199	2.4813189929092196	0.113393470666574	2.5352682730435196
0.136660192871094	2.5900620315753	0.116356252856734	2.7229319283591207
0.147346325683594	2.8221118194533603	0.139861788381481	2.870082194111144
0.157094299316406	2.82714976707774	0.15176437054302602	2.996429076565218
0.167095581054687	2.92024857689747	0.140712732636958	3.1187222042390585
0.177547583007813	3.13637675797822	0.159524237007017	3.2391200587204176
0.188319219970703	3.1688131845236702	0.131768687675454	3.3558712640951414
0.200236669921875	3.27900304258579	0.173744351264912	3.477100031753227
0.21144354248046898	3.6033971161964002	0.127304371012503	3.5841706394553583
0.22064818115234397	3.5350334867084	0.146344228547627	3.667532507985628
0.23062901611328102	3.47914565007985	0.18530159401590302	3.7536545187410058
0.241344140625	3.77914296373291	0.21340817980127802	3.8415881958072764
0.251331164550781	3.85480768970257	0.17661713077307298	3.9196994939446252
0.26154285888671897	3.8264587533317798	0.19809124963900698	3.996071378887494
0.2717849609375	3.8997464354840496	0.183621462449415	4.069430580005974
0.28228521728515604	4.2232144943758	0.219494595086091	4.141569142261573
0.294292895507812	3.77919985513603	0.168921607495932	4.220608781997908
0.303268811035156	4.13527579735881	0.163601827260181	4.277498257714779
0.313022326660156	4.1738246301041695	0.210911282820531	4.3373713095252
0.3222685546875	4.49294641317377	0.212062983716141	4.392404816364605
0.332524768066406	4.6263217578249005	0.20039452094430898	4.451641772417408
0.345004309082031	4.62051814496571	0.23765224527988502	4.521374172060776
0.355766625976562	4.63320486243354	0.20441595981549202	4.579624610280321
0.365537646484375	4.57576213523964	0.206271143242103	4.631125349254431
0.375555969238281	4.8662137894176904	0.246866652362249	4.68266750328972
0.38656171875	4.66535116727521	0.258763129895684	4.737929377598617
0.396061242675781	4.96272642720797	0.252052013154252	4.784568213802342
0.40585654296875	4.8793157140753	0.293236106450524	4.831705262006978
0.41556833496093704	4.92360911985775	0.222739035286782	4.877549359716914
0.42457160644531294	5.11809632377692	0.288237461759162	4.919308493416528
0.43708806152343793	5.11057208738156	0.247355335378823	4.976262052402726
0.44935007324218795	4.893047928837571	0.24332235542964	5.030908454419421
0.46089060058593706	4.96468244637211	0.25078890298324696	5.081381330666782
0.469618334960937	4.844957269773871	0.278212115416801	5.1189776586788565
0.481125146484375	5.05505534461395	0.28038533943501004	5.167838510928758
0.49138142089843795	5.41102688143313	0.275176007712775	5.210753413113587
0.5018533447265621	5.13580699679483	0.24357922500353402	5.253991814308673
0.512893115234375	5.4725662500813	0.304731754456815	5.298980620618979
0.525607641601562	5.196438701829639	0.250832346435487	5.350087652470669
0.535610668945313	5.75927371146444	0.2782921298837	5.3897973234424335
0.546119213867188	5.67858236586767	0.266483078384936	5.431069844197949
0.557110107421875	6.0262777092883	0.248611135723499	5.4737775959639965
0.5673481689453129	5.9260595732772	0.27238467978468395	5.5131612649858805
0.5778117919921879	5.70192868843975	0.27822798986767405	5.553036960068663
0.5898492919921879	5.98352769775334	0.27332052644286503	5.598466841323333
0.599302416992188	6.08678943028747	0.295309859284665	5.633828166283562
0.6100663330078121	6.2226222392964905	0.301068187274836	5.673773127742945
0.6203778076171871	6.32278866454904	0.318323957539781	5.711735569853389
0.6273429931640621	6.04109332844312	0.262748928659041	5.737217855104754
0.639552099609375	6.25263896843215	0.31493805134575	5.781587199508073
0.650554931640625	5.37811651869351	0.293005901036666	5.821262828400211
0.6620471435546871	6.25777680754424	0.333967339506927	5.862405820566172
0.6728114990234371	6.34711324106175	0.32101658593091603	5.900681117763892
0.686063134765625	6.02485621589858	0.269126693277592	5.947470631143793
0.695037548828125	6.578103087394539	0.27646332145423097	5.978960960924427
0.705292919921875	5.94927188084565	0.336778117559801	6.014760275097585
0.715521801757812	5.81126132066671	0.38050468062791	6.05027787211613
0.72726044921875	6.39653119935835	0.382817253725449	6.090815217445929
0.73751474609375	6.4047877715885795	0.328672844190073	6.1260404574564005
0.748264306640625	6.5817865336824095	0.407462375683121	6.16278878955092
0.759559399414062	6.18665109031715	0.29048751509008	6.201213883457466
0.7702595703125	6.16266194697131	0.31070891745443296	6.237444780267979
0.781285546875	6.34950772131462	0.289388113479917	6.274612831200091
0.79173037109375	6.48271476730771	0.268963761919177	6.309672732253773
0.8039763671875	6.48443345964951	0.289296249135223	6.35060157334655
0.8139687255859379	6.45823336290336	0.28067465083444404	6.38386238380105
0.824724658203125	6.43418763145349	0.36757581892950303	6.419533849705483
0.834214599609375	6.31622149587985	0.291271671585293	6.450898033225229
0.84498876953125	6.375907648419	0.373653655092682	6.486387605105694
0.855942236328125	6.95241947069001	0.30108936402924	6.52234280914714
0.865212841796875	6.86631870677397	0.344235035288669	6.552679034009053
0.876211669921875	6.70903262602937	0.247878675166623	6.588561682926974
0.885231103515625	6.92990579678934	0.46115694304245997	6.617901509406837
0.896263232421875	6.870887399771751	0.32972110227720697	6.653687738292458
0.906987255859375	7.09500512555939	0.28713305208165696	6.68837181331641
0.91776650390625	7.03714864915369	0.36764937621502797	6.723136071172258
0.928281787109375	7.05807310647729	0.45894204057223303	6.7569572086306895
0.937190185546875	6.7016157127181	0.397650632447832	6.7855413390637835
0.948497705078125	7.14070550135059	0.323584278276467	6.821735700649066
0.95849384765625	7.40832765814556	0.33723243690390503	6.853653280198061
0.972470947265625	7.03842337566561	0.351594510171055	6.898161945166474
0.984496142578125	7.32204112597702	0.385605299140282	6.936347019919729
0.993453515625	7.16443101664469	0.390066872925912	6.964727860721167
1.00394560546875	7.33025365923947	0.329867592541871	6.997905509985777
1.01446298828125	7.3278281660839	0.367920872117272	7.031093953577354
1.02269970703125	6.79591142895502	0.376465317370251	7.057038595582657
1.0346767089843798	7.60870787940017	0.35141329022523804	7.094693216755956
1.0446514160156202	7.08309945460607	0.31633942224827105	7.125990049157912
1.05672543945312	7.15194355377415	0.308056403087162	7.163799897845379
1.06745073242187	7.5085170704274296	0.29117033184878	7.1973204506836135
1.078706640625	7.56766980472686	0.277282493680515	7.232434956485266
1.0889023925781298	7.34344800538573	0.311733974516281	7.264186882345621
1.10288916015625	7.37606428035594	0.269289625508809	7.3076621912234
1.1141435058593798	7.600251320811861	0.278238253069524	7.342577006523737
1.12537177734375	7.686485083223871	0.434729969115045	7.377353097094515
1.1361191894531202	7.46215754916497	0.318240296717334	7.410587348735638
1.1466106933593798	7.466630321797441	0.440989444061114	7.442982101695027
1.15710991210938	7.46412609167275	0.365252768835449	7.475354356843891
1.16635336914062	7.25201199504486	0.46640237093425496	7.503817360003975
1.17940986328125	8.027099368921201	0.376416078482666	7.543963744404861
1.19010576171875	7.66502096037036	0.328057731916318	7.5768025567177615
1.20060419921875	7.536589139272261	0.420475839034082	7.608993289948973
1.21181298828125	7.73090599808696	0.383176516784482	7.643317614253018
1.2223637207031202	7.57986120740353	0.398215717607455	7.675585895826821
1.23352485351562	8.11311801530952	0.484649411461061	7.70967900576785
1.2428142089843799	7.68310479960067	0.326129304314856	7.738022415822015
1.25479194335938	7.57577849924969	0.468744426306745	7.774526577658368
1.26385283203125	7.58405449327431	0.412690871710664	7.802110520168846
1.2763009765625	7.37490799771031	0.403794568086413	7.839964332808494
1.28832319335938	7.82300902648125	0.391525576137089	7.876478085554764
1.29997900390625	7.52831717175535	0.382407184718234	7.911838089250211
1.31030815429688	7.62446928998957	0.439613030972572	7.943140647322865
1.3203114746093798	7.87459170805295	0.409624458874852	7.973427124337821
1.3322810546875	7.43685004261108	0.494617237692624	8.009630582686949
1.343530859375	7.80146738539243	0.382644928281693	8.043621976457995
1.35303100585938	8.151356764228959	0.401282706436578	8.072300974925083
1.3642794921875	8.323802898074	0.357324620150062	8.10622804006167
1.374798046875	8.52144738888832	0.435044641891599	8.137924943411125
1.38652353515625	8.36845788180559	0.447884777482386	8.173227080323382
1.3965265136718799	8.47106283969504	0.39407054360925203	8.203317360127247
1.40751098632812	7.80777798594467	0.455114875972142	8.23633330599531
1.41752841796875	8.07355374594694	0.42094402476349796	8.266418703450206
1.43052978515625	7.93930662100476	0.39239571790382904	8.305432549378345
1.44023989257813	8.4025393775311	0.41927474089844	8.334546227361951
1.4507427246093798	7.66868201281764	0.450180890047521	8.366014219268997
1.46072109375	8.43653832232762	0.438089255681753	8.395889631608894
1.4699970214843798	8.38277901075884	0.420685200607622	8.42364375851051
1.48150283203125	8.73769171452231	0.41450807541914797	8.458046014912219
1.5042019042968702	7.44798780086721	0.557281455834887	8.525840923592964
1.51518627929687	8.40199427536905	0.451983887476283	8.558613043606037
1.52523447265625	8.444459792415289	0.427165971281082	8.588572785263061
1.5354963378906201	8.78928770998656	0.309328205398817	8.619151005039855
1.54494633789062	8.4229495261659	0.463572255022892	8.64729372575054
1.55618276367188	9.030488079523089	0.33805717520792	8.680736592644173
1.56641611328125	8.57371838049674	0.417079927509286	8.711175531288452
1.57693793945313	8.70567971000109	0.386521209743669	8.742454540940845
1.59066162109375	8.266119520845951	0.49356091297470794	8.783225114560418
1.60092553710938	8.64609445080348	0.373441262864582	8.813697927434067
1.61164833984375	8.41610175885688	0.503543217000417	8.845515770337958
1.62338681640625	8.51029236672625	0.359954842410059	8.880327486686028
1.634392578125	9.19146978481621	0.41559860414992	8.912947713020792
1.644908203125	8.97536795341915	0.517054435519551	8.944098784408634
1.6553912109375	8.7756160449668	0.349535412275922	8.975137561972295
1.66738515625	8.874514918185909	0.349150757012407	9.010631211497136
1.67690322265625	8.58641376912302	0.431812425933237	9.038783984944242
1.68709921875	9.39565147309825	0.45088794700923096	9.068928456387635
1.697846875	8.689573607269361	0.394683593577118	9.100689065596786
1.7078361328125	8.84955338223028	0.372777538112538	9.130195102028662
1.7190755859375	8.83813316546324	0.448710260742007	9.163378772003938
1.73030576171875	8.80113972181699	0.388944965513286	9.196519314798536
1.74054091796875	8.79365748280602	0.430392921173428	9.22671008517612
1.7525529296875	9.26174845811915	0.446762053447661	9.262126028788488
1.76283681640625	8.65819618987611	0.49361707457347903	9.29243329933037
1.77382607421875	8.774497526620591	0.483913404829569	9.324805829150026
1.78529091796875	9.275249342765282	0.461024351962334	9.358564747189739
1.79582626953125	8.60249463776905	0.449385036302069	9.38957380827522
1.80704462890625	8.87104214163219	0.450646770605556	9.422579844907844
1.81876572265625	9.33434162646572	0.40944414497332304	9.457050566675814
1.8292685546875	9.44128569161467	0.430506367654574	9.487926186543518
1.840041796875	8.672159795198759	0.620362718694498	9.519584880929052
1.849037109375	9.187786974996229	0.453481450164735	9.546009826016352
1.8577708984375	9.035980939387061	0.323984569190107	9.571658749766545
1.8698037109375	9.03675909289813	0.39324414496833304	9.606983743740138
1.88052392578125	8.94709879068909	0.492854113715304	9.638443486253951
1.890503125	9.0062316083409	0.5474797082361059	9.66771878604629
1.902527734375	9.23313244869414	0.360061410269011	9.702982174010282
1.9132130859375	9.40961478886781	0.32249961885335304	9.734306880653579
1.9245041015625	9.5606260954165	0.480256581158783	9.767395903549364
1.9352529296875	9.642255913172699	0.43856515507187505	9.798885479595096
1.94573427734375	10.485892081911	0.49035016899181094	9.82958172168302
1.95722587890625	10.210151476301801	0.471082415101773	9.863225793882192
1.9670169921875	9.82491505681506	0.469476705548927	9.891882517372991
1.97893369140625	10.0970016220187	0.5336259624928199	9.926749669248778
1.99272607421875	9.84936277962768	0.46088072168796695	9.967090414600783
2.00417958984375	9.680470476053841	0.55061640042859	10.000578717694498
2.01542587890625	10.7886277522171	0.457391945043212	10.033451074687953
2.02664423828125	9.90541920330749	0.441505650254068	10.066232041574573
2.039123828125	9.70979252834486	0.561898669991808	10.102687178441988
2.048159765625	9.934988903816999	0.524711674751182	10.129075507957602
2.06040078125	10.011577813490101	0.454113372597903	10.16481428011003
2.06966337890625	10.2700868014333	0.430126234541641	10.191850062098762
2.0798611328125	10.061235162192	0.50250651237504	10.221608300875463
2.09041298828125	8.88097339809947	0.399608159953345	10.25239214106827
2.10090400390625	10.2482558909581	0.5014337822008711	10.282990831262737
2.11488984375	10.636380132954299	0.508662071414538	10.323771047290766
2.12514873046875	10.0657682634408	0.433962560380361	10.353675787378364
2.1366072265625	9.68219858091367	0.461973203896193	10.387069189150864
2.14634482421875	10.3560078382139	0.49359311483144197	10.415440681232234
2.1563236328125	10.058336349999701	0.545237917496982	10.444508663029328
2.16708115234375	10.061976219703201	0.508267515350851	10.475837961302915
2.17754794921875	10.1689675049572	0.418255105548027	10.506313666875705
2.1903427734375	10.2176660827135	0.501798662507687	10.54355866342376
2.20130009765625	10.9412766961517	0.462507459838685	10.575446950236172
2.212854296875	10.2263432491683	0.503637483797498	10.609064554953875
2.2233255859375	10.326682903691399	0.477477155272434	10.63952462399237
2.234097265625	10.2366808415614	0.419861840006888	10.670851907994269
2.2448267578125	10.5478794408619	0.40340663146471	10.70204994350783
2.25655986328125	10.9839887650603	0.6015221851025531	10.736158797304517
2.2665705078125	10.605360297899699	0.5209891349530921	10.765254345989796
2.2793115234375	10.2755525495482	0.549016904111896	10.80227773451075
2.29130986328125	11.0454493554991	0.551608256939608	10.837135079901834
2.294336328125	9.29947410613833	0.5160066295125351	10.845926304931133
2.2813509765625	10.0801465855135	0.501913606044165	10.808203254426381
2.2708470703125	9.70055220395079	0.46302083714771997	10.777682341852946
2.26111640625	10.158353578576198	0.384459702924442	10.74940289287257
2.25284248046875	9.216516941955241	0.58841646752721	10.725352965753498
2.24010537109375	9.82871544705944	0.481011530575706	10.688322415188853
2.22985478515625	10.1680482041386	0.547912706844026	10.658514291205622
2.21983017578125	9.460719250724441	0.465568730990938	10.629357487207884
2.20760498046875	9.54934964271234	0.49309767125898096	10.593792343093536
2.19486240234375	9.760663030338439	0.525809098490036	10.55671267474371
2.183617578125	10.4561811335018	0.517120674339674	10.523983248772932
2.17311220703125	9.97419030761651	0.4993449533175521	10.493399140676054
2.16060615234375	9.23498002488842	0.49119220740110303	10.456981584075285
2.14962080078125	9.573999945214942	0.603879965146428	10.424984205748999
2.13886640625	9.49827025984697	0.44641227885380097	10.393652087165478
2.12988046875	9.8780894429535	0.5983440794674251	10.367466496354922
2.119892578125	9.507073774391221	0.438015591357864	10.338354933918884
2.1101560546875	9.34663485620329	0.449469674986952	10.309969642060848
2.098912109375	9.692979273803141	0.5071937531557239	10.277181740719527
2.086667578125	9.10068860952963	0.486953817887437	10.241466222423767
2.07765712890625	9.368900438718569	0.45834602876013003	10.215177383750767
2.0644171875	9.71953931675853	0.445877298332199	10.176538173483234
2.05467763671875	9.10289317206005	0.48599928563036	10.14810639564039
2.04443427734375	9.65910359778982	0.44049301752086	10.11819641770547
2.033447265625	9.21391040539044	0.448743904726512	10.086106369554992
2.02344814453125	9.30248215557346	0.491950869747409	10.056893776114944
2.0137166015625	9.84405412043051	0.38934595874273104	10.028455574897485
2.00222021484375	9.32583460245508	0.484046737557716	9.99485054611858
1.9912251953125	9.69942499688284	0.378847427524227	9.962701302938353
1.9797466796875	9.66394279277848	0.377793159257356	9.929127971785757
1.96974443359375	9.50888570685612	0.529555691210105	9.899863792429358
1.95874228515625	9.05728763075502	0.479658067866471	9.867664553266348
1.94773330078125	9.05312484239035	0.49608970662458796	9.835435092260482
1.9360142578125	9.60027624473591	0.477662540715523	9.80111546793892
1.92551396484375	9.847714276808649	0.475641322266186	9.770354815561465
1.91451259765625	9.56925077177829	0.5184882990807691	9.738115764021149
1.90377626953125	9.16649005189188	0.505667502411341	9.706642863406014
1.89153759765625	8.61997453794173	0.504106359282282	9.67075301155587
1.880305078125	9.34781618293447	0.41080560765427504	9.63780136196036
1.8693029296875	8.99603647023352	0.415231737190202	9.605513870898516
1.85906416015625	9.42758281483243	0.51685402886163	9.57545608818217
1.84732392578125	9.0420492127579	0.423614101127816	9.540977746715326
1.83582705078125	8.85230808145667	0.509771193025564	9.50720067119616
1.8245828125	9.05502885547848	0.5327142486155969	9.474152734417142
1.81558251953125	9.03724393586648	0.523024413155253	9.447690484846746
1.804836328125	8.68476751093253	0.528035403542789	9.416083780685863
1.79483916015625	9.5133348953305	0.403839928035923	9.386668934338655
1.78286123046875	8.97578945398339	0.36764818725334497	9.351411618840526
1.77286064453125	8.386850502519788	0.527208780637092	9.32196238653296
1.7606107421875	9.272325419918038	0.372306675969648	9.285873961245544
1.751105078125	8.66464393828025	0.406622467789111	9.257858123149374
1.73961533203125	9.219595034011961	0.40302669704021	9.223980393626825
1.73012021484375	8.46972575085	0.496165511104067	9.195971887265618
1.72062724609375	8.70452096709291	0.469510683626017	9.167958691343198
1.70964794921875	9.35717607130433	0.42771888036244204	9.135545436627599
1.69739619140625	9.08987293613262	0.433624285175862	9.09935754407036
1.68588193359375	8.686819037192379	0.49372288071179	9.06533027772208
1.673142578125	8.75599804066028	0.33071526851763	9.027662123288788
1.6629224609375	8.82204777936869	0.35125610914364	8.997427089249548
1.65143037109375	8.66694310301191	0.421063061599044	8.963411867379344
1.64167646484375	8.6057243199691	0.396898253715626	8.934526900482576
1.62968920898438	9.163348924115741	0.423026863356584	8.8990094625436
1.6189379394531298	8.63123053640335	0.526192709878194	8.867136288598672
1.60668779296875	8.09659745348735	0.464990935638028	8.83079849148395
1.59469853515625	8.62912241800728	0.44319730811691	8.795212377001754
1.58344155273438	8.4115997631045	0.420855256929807	8.761779343925078
1.57195649414062	8.1613840938767	0.37293100302148	8.727648082363423
1.56048701171875	7.74027120814393	0.590678154706666	8.693541636694574
1.5494992675781298	8.7173039799485	0.412536368369022	8.660847154688785
1.545755078125	8.52000414155123	0.396210583422492	8.649701490503029
1.53148696289062	8.57891370330129	0.529081298729695	8.607206117331916
1.52024541015625	8.37766736226814	0.401642245150091	8.573699648491607
1.51001279296875	8.114194334696629	0.47520856010942597	8.543180602768999
1.49751259765625	8.429334632968208	0.41034255110381096	8.505872259028443
1.48901884765625	8.282444891859669	0.400869647318937	8.480504857882684
1.47703623046875	8.44629141079792	0.44121010382755604	8.444694018279836
1.46603500976562	8.13678347094913	0.375042632909658	8.411791302858582
1.45577626953125	8.73286257936205	0.364127814176645	8.381087297117354
1.4455411621093799	8.69882699982652	0.426203193438395	8.350432483930717
1.43555400390625	8.600757154722	0.407481229800433	8.320499115249785
1.42481669921875	8.460256444175549	0.361335491361745	8.288293575277404
1.4150771484375	8.35930140078174	0.395964748819635	8.25905887575189
1.40332275390625	8.50424577110162	0.462975970986852	8.223748036796227
1.3903300292968799	8.08875715743751	0.381238445501957	8.184680292826247
1.3788314941406201	8.13681130431509	0.337201020311815	8.150072254749704
1.36610727539062	7.9981541622409695	0.320271371342766	8.11173789649066
1.35634194335938	7.959735920538989	0.416608881064013	8.082290567738495
1.34560473632812	7.75214402206554	0.348163840089493	8.049884581322672
1.33558134765625	8.14036240432611	0.31817854036985405	8.019605926553709
1.32310400390625	8.13282085223664	0.425282592093951	7.98187695899504
1.311353515625	7.997774391856879	0.381419678163591	7.946306935296089
1.29936328125	7.73196350003636	0.376619815992193	7.9099711731028295
1.2886212402343702	8.44837422994966	0.340869187495235	7.877382761423097
1.27736157226563	7.75170036948919	0.410911495775118	7.843187316696675
1.2655876464843798	8.199665614393789	0.497261858300511	7.807388836470571
1.25411572265625	7.98279636339512	0.449677612676407	7.772466919169492
1.24311220703125	7.0619216987156	0.46314398847483	7.738931183819334
1.2326303222656299	7.6345441770627	0.360677365211495	7.706948110892492
1.2218943359375	7.56772579050215	0.454507774188095	7.674151161211967
1.2124294433593799	7.84059731137632	0.347074975030441	7.645204056155604
1.20217856445313	8.209612402113649	0.342060026066406	7.613817166749108
1.19290185546875	7.726427061189749	0.294294703053069	7.585380055238861
1.18242114257813	7.8949154585175005	0.347177488631016	7.553213465822718
1.1709323730468701	7.01528255598036	0.39695919877339797	7.517904612948553
1.1596744628906202	7.955504744829299	0.39132409257560197	7.483254741371335
1.14944453125	7.34362760817276	0.362262464063227	7.451724190361876
1.1392037109375	6.78453481519152	0.508302107526892	7.420116343086886
1.1297091308593799	7.72404362916405	0.42005387874927097	7.390771605179777
1.11921118164062	7.43973138387607	0.35852468389681696	7.358279609560906
1.1082137207031202	7.463182011960511	0.370400010879994	7.324188137795177
1.09675810546875	7.488277929851909	0.35410089275916	7.288616513617632
1.08471918945312	7.39790594351633	0.386335790998604	7.2511656757316185
1.07398564453125	7.52606930233646	0.342364917987145	7.217714999470982
1.06072626953125	6.94451364211768	0.472589727319423	7.1763111118874106
1.04926376953125	7.0825459285147705	0.31837271040194803	7.140443064154276
1.03852177734375	6.99715533435034	0.28274061664223704	7.106764228871272
1.0280103515625	7.3711526619378605	0.28839992623911	7.0737450966227335
1.01826450195312	7.017895816290911	0.448328431951567	7.043073306022684
1.00578227539062	6.976091212378	0.36495858107114	7.003706199881327
0.99577802734375	6.98201970295551	0.28449583215512697	6.972084390926929
0.985541162109375	7.2628536870803	0.301043008380157	6.939660812393344
0.975055419921875	7.12168051623636	0.328952474604915	6.906377017887463
0.965782666015625	7.07857280914449	0.298804330764036	6.876880943625091
0.95356044921875	6.73453029253824	0.305056202467343	6.83791011758551
0.942311669921875	6.96444551917182	0.298564535523333	6.801946736074889
0.931591748046875	6.956255629203859	0.244634520687481	6.7675850317420885
0.92007216796875	6.5200456064227	0.279109377461229	6.73055961118138
0.90957783203125	6.56263209802121	0.320918669114937	6.696735581939497
0.89858466796875	6.76383198376688	0.325231706157646	6.661204279910086
0.8888044921875	7.20761787226233	0.393924396456603	6.62950490925543
0.879547412109375	6.58774075214201	0.306468290523986	6.599421511808258
0.868553076171875	6.63261052933613	0.315423656845857	6.563588544503512
0.855291162109375	6.77788465676072	0.299862940706165	6.520209066492628
0.844039892578125	6.78633031478077	0.28288654802011703	6.48326701656268
0.834315234375	6.8064834117192	0.31073808608374504	6.451230097674763
0.821835693359375	6.49306164014763	0.40582248866800397	6.409965805630682
0.813333349609375	6.4624539891173205	0.33718210055794	6.381750994304302
0.802819946289063	6.76623045275086	0.316373057537961	6.34674450790389
0.791816577148438	6.4968923340258105	0.308569018800287	6.3099615109334515
0.7803395751953129	6.363886616414081	0.416010014038628	6.2714304377016035
0.769362329101562	6.704463579698849	0.290666638118162	6.234412902096197
0.756884106445313	6.1992967562825	0.281376826569884	6.192129711891283
0.7446091552734371	5.9742959291629605	0.297058532675794	6.150313320355736
0.73487412109375	6.23529800560373	0.298672224181196	6.116985624030232
0.72513203125	6.40936839769272	0.29367953891161896	6.08348227504298
0.7138850830078121	5.92908717095812	0.267555294647322	6.044607083865145
0.703389794921875	5.88936885757518	0.293956845566139	6.008131475782173
0.6931459228515621	6.22741358593156	0.333030333544203	5.972336274606258
0.683403979492188	5.66164744040176	0.307158792560052	5.938109844814502
0.673898803710937	6.07988913984209	0.28944002239836	5.904533695539145
0.662658251953125	5.79916291288298	0.311438939745168	5.864585425190095
0.650928002929688	5.87616990973078	0.290981047245783	5.822603139384602
0.640673046875	5.90119323434361	0.269269406685144	5.785642440297198
0.62919970703125	5.7555753195194495	0.245004887040758	5.743989494350626
0.618178930664062	5.4314144670063795	0.21623755216819598	5.703664397687392
0.608682543945313	5.663341364319541	0.369280484190465	5.668656353816027
0.5971977783203121	5.434838419438011	0.32407340090766595	5.625978546182335
0.586939453125	5.45492432408337	0.238256878998088	5.58752707935138
0.577455395507812	5.73056838056237	0.25919622698453704	5.5516848001528345
0.566224462890625	5.5264187344223705	0.249861598979603	5.5088567291136
0.55647587890625	5.73683108990427	0.179464685102156	5.47132543580567
0.544971508789063	5.40285848153613	0.33044023582283805	5.426583551831651
0.533991015625	5.26048636321368	0.29501020009658496	5.383396279111699
0.520507690429687	5.525594578525361	0.28336021071967304	5.3296756161529375
0.51027314453125	5.2182877614254695	0.228723985959017	5.288356987449239
0.49949890136718794	5.34845048729129	0.290704252906783	5.244319455501522
0.49075458984375	4.8515801601493	0.246937554155108	5.2081470482990735
0.47950671386718796	5.1574920705236895	0.24849419422850397	5.161012945751511
0.46725358886718793	4.9444962827805	0.24495009552605704	5.10883810514399
0.45702956542968703	4.974818959575541	0.281486154900871	5.0645939268182865
0.445775390625	5.04038412009798	0.219142384220054	5.015089620967529
0.435225927734375	5.00689831852797	0.222184090846762	4.967866249203332
0.424499194335937	4.516887998922829	0.254369452025513	4.918975349588383
0.41499765625	4.81099241472251	0.253471387494267	4.874878937203242
0.404257397460937	4.90767717735739	0.18298664533262898	4.824073170870554
0.392025891113281	4.66341865040783	0.237661338656814	4.764871370929434
0.382517944335937	4.599184114965239	0.20404873455911998	4.717783292820095
0.371016821289063	4.4656351926254505	0.217354992703047	4.659466650171677
0.361999951171875	4.19481454512693	0.241404890308621	4.612624379361001
0.35052197265625	4.25299434162649	0.25729298932929	4.55144596743538
0.340014599609375	4.58418935017718	0.198609120850064	4.493787040915092
0.330028369140625	3.9413849340899505	0.254362325058835	4.437390144902
0.319040515136719	4.36253514689478	0.1928036826424	4.373373873655343
0.308056591796875	4.19575369333637	0.184640558045201	4.3071317185770255
0.29907064208984396	3.9846290824437602	0.218836096914491	4.251112483606769
0.28955308837890603	3.94277399463795	0.168830878211865	4.18982691072703
0.280548754882813	3.87748527250853	0.210964309038128	4.129841877897245
0.270297155761719	3.8496883143625	0.1489731885734	4.058964337471893
0.260062133789062	3.67978209176438	0.21249564241751798	3.985204269276138
0.24733475341796898	3.69738093380586	0.144641573800342	3.888865846824559
0.2345541015625	3.54021302405037	0.188079897241859	3.786387047128995
0.221101953125	3.47479880775868	0.164029299718488	3.6715416283008397
0.21207613525390603	3.4951622607878403	0.15765553779998298	3.5900273597348233
0.201322351074219	3.2457301446757296	0.137352719841663	3.4877557192602473
0.177107360839844	3.17631083551014	0.163983613489722	3.234194446233272
0.166315875244141	3.04047677359244	0.147986667135589	3.1094439950222963
0.155578845214844	2.67313225655462	0.120593324185958	2.9772619468117356
0.14508699340820302	2.74497685230184	0.137736418342393	2.8397421081096224
0.135314764404297	2.6031270235495803	0.135919296378475	2.703737508793357
0.125331420898438	2.2303366910097098	0.117210831363133	2.556473061797798
0.116846801757812	2.22681686121712	0.127364629852005	2.42442287829751
0.105864306640625	2.22107245910752	0.103031421874116	2.243776252952156
0.0955974548339844	2.0390619375504997	0.09700720133897141	2.064776183985429
0.0851004730224609	1.9220179300365599	0.0891702470516437	1.871592117730061
0.0740927703857422	1.61116331074274	0.09604636429858701	1.658126785655213
0.0638480041503906	1.53542572514562	0.0808025812842835	1.4498361477849742
0.0548565093994141	1.28470517760032	0.079582919297416	1.2598688709420047
0.0440820846557617	1.13284234467561	0.06309318709084459	1.02425884300041
0.0350946884155273	0.917875657577736	0.0454502334884663	0.8219326355486585
0.0233854972839355	0.747613594438964	0.036930999571907	0.5519734442607976
0.0116161170959473	0.430543074853242	0.0221269177039754	0.27548178486554226
-2.43580371141434e-05	-0.051533598528437904	0.00212029265947116	-0.0005785672767680757
