#Initialized App on 2019-01-08 14:06:42.012903
#Set wavelength to 1.54055 A
#Load data from ../txtfile/DD205_5.txt
#Reading mode set to 0.
#Select data above noise threshold of 0.1.
#Applying footprint correction for a equidistributed beam using a sample size of 10 and a beam size of 0.2.
#Rescaling data by setting mean value between 0.01 .. 0.015 (Imean = 2052880.6049801372) to 1.
#[[Data]]
#q / A-1	I / a.u.	sI / a.u.
0.00035591922069526524	46.01054487835829	0.10135686101744948
0.0007118384407129105	24.947581177553495	0.0527744466751853
0.0010677576593753158	16.377256562192382	0.034912778528463737
0.0014236768760048613	10.464163130905172	0.024168334328528433
0.0017795960899239269	6.493862177995143	0.017029072600150786
0.0021355153004548925	4.300996605039652	0.012651248635901606
0.0024914345069201385	2.6893064037205408	0.009261804087619617
0.002847353708642045	1.903262743192796	0.007288343754375435
0.003203272904942992	1.5265870595564819	0.0061540922645689404
0.0035591920951453587	1.367229975486893	0.00552516505625059
0.003915111278571526	1.2694863177125753	0.005076239940677587
0.004271030454543874	1.1954945289311005	0.004716367600153728
0.004626949622384784	1.1226324094001106	0.004391082404035582
0.004982868781416634	1.0789027504464428	0.004148122847871749
0.005338787930961804	1.0332633560087439	0.003921790261016965
0.005694707070342677	1.001687915398312	0.0037387868573003405
0.0060506261988816324	0.9902973848061206	0.0036064742788876323
0.006406545315901047	0.9828890382960779	0.003491728594527866
0.006762464420723303	0.9822538129443993	0.003397500661380158
0.007118383512670783	0.9894187489159083	0.003323529679864434
0.007474302591065864	0.9976024896733328	0.003256818895327199
0.007830221655230929	1.001743807760515	0.0031885372140097457
0.008186140704488356	1.002719456737628	0.0031199691756935047
0.008542059738160527	1.0056419263432836	0.0030587259551113
0.008897978755569821	0.9997477331003278	0.002988131574884574
0.009253897756038621	1.0156730799723181	0.0029533492474413904
0.009609816738889304	1.0103484195102614	0.0028905348858745154
0.009965735703444254	1.016807301513004	0.002847507196211327
0.010321654649025847	1.0097088434873354	0.002788197945735848
0.010677573574956467	1.0177009889707018	0.002752162017074863
0.011033492480558495	1.0105130859045315	0.0026978304620999646
0.01138941136515431	1.010961240891068	0.0026559310611534892
0.011745330228066293	1.00680162168716	0.002609994079440749
0.012101249068616827	1.0124089068097886	0.0025784758231764274
0.012457167886128283	1.004802974177166	0.002531809248950548
0.012813086679923057	1.002190625128064	0.0024931503569190342
0.01316900544932352	0.9965513288751037	0.00245229962922464
0.013524924193652052	0.9947871893333124	0.00241767465104547
0.013880842912231042	0.9891689131492143	0.002379728954605291
0.014236761604382864	0.9883418013337766	0.0023488114776174813
0.014592680269429899	0.9759444959855562	0.002305394278017924
0.014948598906694532	0.9801179842672227	0.0022826489137466504
0.015304517515499143	0.9647447232238271	0.0022381880332626933
0.015660436095166114	0.9616148219579287	0.002209015857129975
0.016016354645017824	0.9534141697690255	0.002174999430666596
0.01637227316437665	0.9532246792245183	0.002151014474058257
0.016728191652564985	0.936211765300593	0.002108932766004666
0.017084110108905197	0.9328021263951576	0.002083045554200248
0.01744002853271968	0.9285929718390109	0.0020570236527244004
0.01779594692333081	0.9238287586645367	0.0020311190188230317
0.018151865280060967	0.9105522256538364	0.0019966042221668742
0.018507783602232538	0.9079412633244501	0.001974475982559754
0.018863701889167896	0.8952295794637763	0.0019420210558028686
0.01921962014018943	0.8912417805433098	0.001919665472684019
0.01957553835461952	0.877461015034928	0.0018873708476535508
0.019931456531780547	0.8714050898590315	0.0018639777013442001
0.020287374670994885	0.8572062904877651	0.0018324407226006595
0.020643292771584935	0.8492484846046061	0.0018081234936454566
0.02099921083287307	0.8339272947140127	0.0017764901026201558
0.021355128854181664	0.8224995004925847	0.0017495119294760346
0.021711046834833114	0.8060437495769149	0.0017176675459795719
0.022066964774149787	0.7967632046584489	0.00169392243038645
0.02242288267145408	0.7713821627373921	0.0016534431174070323
0.022778800526068368	0.7489782336900346	0.0016164763591311772
0.023134718337315032	0.7208503719598417	0.0015735865690444442
0.02349063610451646	0.6825698786881502	0.0015195897514313607
0.02384655382699503	0.6411931001193822	0.001461779247290405
0.024202471504073127	0.6110710268506399	0.0014164986745489577
0.024558389135073126	0.5971992438140055	0.0013901442610143918
0.02491430671931743	0.5845913992214146	0.0013655323470221554
0.025270224256128404	0.5500170051002163	0.001315175455802272
0.025626141744828444	0.5484095632325353	0.0013041005635524587
0.02598205918473992	0.5565603674608279	0.001304726668880105
0.026337976575185225	0.5499957899562482	0.0012882159257639838
0.026693893915486735	0.5161874918967765	0.0012396467840691684
0.02704981120496684	0.49242629951893246	0.0012027868894057391
0.027405728442947926	0.5053550419582564	0.001210536284116682
0.027761645628752368	0.5243844610517102	0.0012251873065152873
0.028117562761702557	0.5137474534890111	0.001204997620623763
0.028473479841120874	0.4796919457922204	0.0011570739726833267
0.02882939686632971	0.4412922544798031	0.001102923928127659
0.029185313836651426	0.44210260021630027	0.0010971841764333193
0.029541230751408437	0.45312394991922145	0.0011040643862673806
0.02989714760992311	0.45324518949991077	0.0010976197394742032
0.03025306441151784	0.42018678844026314	0.0010505983040974955
0.030608981155515	0.3676799538475572	0.0009770363555037988
0.030964897841236978	0.316318573512349	0.0009010060472388617
0.03132081446800616	0.28787146545874537	0.0008546395185139311
0.031676731035144935	0.263774079391855	0.000813478472219785
0.032032647541975684	0.245151640913774	0.0007798681239995607
0.032388563987820786	0.21430475584109326	0.000725137296033242
0.03274448037200264	0.18196603253615282	0.0006645479099579875
0.033100396693843626	0.15381601628914346	0.000607693183914525
0.03345631295266612	0.1374004380202049	0.0005712881352067675
0.03381222914779252	0.13185047111696652	0.0005566780868787846
0.034168145278545205	0.13599856970924198	0.0005624146862634447
0.03452406134424657	0.1436244171132738	0.000574980855395449
0.034879977344218986	0.14355323282247162	0.0005718979982110286
0.03523589327778486	0.13408316347812776	0.0005499138601104825
0.03559180914426656	0.12040387372206843	0.0005184959670253959
0.03594772494298647	0.10877506952674504	0.0004903759524288633
0.03630364067326699	0.10495267511402773	0.0004793159170402105
0.03665955633443051	0.10699244707538533	0.00048159630126275404
0.037015471925799404	0.11328040437253147	0.0004931578321272524
0.037371387446696054	0.11455131038386272	0.000493549373295647
0.03772730289644286	0.11029627292389074	0.00048200631041896705
0.03808321827436221	0.10214554358638053	0.0004616821416178108
0.03843913357977649	0.0928370817539761	0.000438100884504669
0.03879504881200808	0.08731901661774846	0.0004229280126173848
0.03915096397037938	0.08801510258142128	0.0004226759668560344
0.03950687905421276	0.0907484011338602	0.00042725122292518603
0.039862794062830616	0.09210517021521608	0.0004285073954057807
0.04021870899555534	0.09078819971487626	0.0004235462336116589
0.04057462385170931	0.08681692702354166	0.00041235867778630504
0.04093053863061494	0.07995965097665733	0.0003940142236249058
0.04128645333159459	0.07547073140924118	0.00038114100594057224
0.041642367953970666	0.07261005828533938	0.00037224671073252954
0.041998282497065546	0.07322465927763518	0.00037223148027315696
0.04235419696020162	0.07385895198354411	0.00037226613422424294
0.042710111342701286	0.07364351060774717	0.00037017072939184544
0.043066025643886924	0.0721971286517834	0.0003649999040854936
0.04342193986308093	0.06937620882752289	0.00035632874300128685
0.043777853999605695	0.06463882934492517	0.00034254662413585937
0.044133768052783594	0.06146159439503627	0.00033267226252522693
0.04448968202193703	0.05948732296433591	0.00032597383858590375
0.0448455959063884	0.06007135903722549	0.00032626764928846223
0.04520150970546007	0.05990075687926129	0.00032451880623293397
0.045557423418474456	0.05994737926402114	0.0003233744542657375
0.04591333704475393	0.05811010513007467	0.0003171440631347058
0.04626925058362089	0.05584766491543157	0.0003097108797295141
0.046625164034397724	0.05261244546182438	0.00029945684370190454
0.04698107739640684	0.05005548987195355	0.00029098094959616763
0.047336990668970604	0.04882294747664471	0.0002862937449434686
0.047692903851411415	0.048801853818897234	0.0002851618750935394
0.048048816943051666	0.048458555992998184	0.00028310273802279015
0.048404729943213765	0.047867473971053114	0.0002803344938934664
0.04876064285122008	0.04693461658979427	0.00027657448397270753
0.049116555666393	0.04565285185974049	0.0002717816863743072
0.04947246838805494	0.043379143383903994	0.00026397261874026916
0.0498283810155283	0.0418205178388834	0.0002582596151988637
0.05018429354813544	0.039571401493309316	0.00025032659575799485
0.05054020598519876	0.03952387615425983	0.00024929378181292753
0.050896118326040664	0.03890085693744488	0.00024645488930343814
0.05125203056998355	0.03795622090210284	0.00024259739290329393
0.0516079427163498	0.03745115798983395	0.00024014554633597352
0.05196385476446181	0.03614859021887759	0.0002351230393369384
0.05231976671364196	0.03437769025772093	0.0002285102221761947
0.05267567856321269	0.03298223796948336	0.00022306692259638173
0.05303159031249633	0.03199513443670233	0.0002189650643082286
0.05338750196081532	0.031138786891036854	0.00021529365427676726
0.05374341350749203	0.03038545994998352	0.0002119680812908135
0.054099324951848875	0.02989029853373237	0.00020954118140621713
0.054455236293208246	0.028901051275289927	0.00020537008443868827
0.05481114753089252	0.027807211126820504	0.00020079109804222977
0.05516705866422412	0.02640624800320223	0.00019503547801658414
0.05552296969252541	0.02510769184209472	0.00018956896388096258
0.055878880615118816	0.024212508863645208	0.00018556507112720144
0.0562347914313267	0.023947626887370004	0.00018396232172900588
0.056590702140471495	0.022531754401920658	0.0001778791919948686
0.05694661274187557	0.021901109734723787	0.00017482329326275924
0.05730252323486134	0.020998157227133066	0.00017064906124147195
0.05765843361875119	0.020260719525719083	0.00016710759817356312
0.05801434389286749	0.019026864723478216	0.00016144184330370276
0.0583702540565327	0.018125279743505647	0.00015708935341895557
0.058726164109069175	0.017135837780738145	0.000152277956008954
0.05908207404979933	0.016660027455141686	0.0001496959928110664
0.05943798387804554	0.015750037433782706	0.00014511387694017243
0.05979389359313022	0.01528415297665099	0.00014252546140607552
0.06014980319437578	0.01440892737411413	0.00013797452439238
0.06050571268110459	0.01400763603347937	0.00013563894990043185
0.060861622052639064	0.013180143762368328	0.00013118630417645352
0.0612175313083016	0.012441460433503124	0.0001270860730460774
0.0615734404474146	0.011526754363512078	0.00012197111493453067
0.061929349469300454	0.01126674247179497	0.00012024059305963837
0.06228525837328156	0.010458515261144828	0.0001155161130058778
0.06264116715868033	0.009927156644627918	0.00011222321381275766
0.06299707582481916	0.00940558641830613	0.00010892634429152958
0.06335298437102045	0.008996499757507402	0.00010623152894582785
0.06370889279660659	0.008438555540475807	0.00010259689387414734
0.0640648011009	0.00798108514681443	9.949961856200945e-05
0.06442070928322306	0.00761008728139925	9.689073550366421e-05
0.06477661734289819	0.0069879869470893165	9.259064186783488e-05
0.06513252527924777	0.0066130489831334625	8.982600735062185e-05
0.06548843309159422	0.0061972872728188015	8.671988619124507e-05
0.06584434077925994	0.005800503353825498	8.367077641564496e-05
0.06620024834156733	0.005395981439305303	8.048326737757522e-05
0.0665561557778388	0.005210709744763092	7.887774951472708e-05
0.06691206308739671	0.004735242062680871	7.499271328565774e-05
0.0672679702695635	0.004392395435810824	7.203552718707549e-05
0.06762387732366158	0.004104865080766481	6.945437289678005e-05
0.06797978424901335	0.003730331194468922	6.603649129475363e-05
0.06833569104494118	0.0034899465416141696	6.370679792932173e-05
0.06869159771076752	0.003370056922983934	6.244058944699462e-05
0.06904750424581477	0.0032387429258539566	6.105404336910112e-05
0.06940341064940528	0.0028167912538432974	5.679199305083612e-05
0.06975931692086149	0.0026657167923396503	5.510691247130743e-05
0.07011522305950582	0.0024538383546404553	5.273719176486939e-05
0.07047112906466067	0.0022362062360952667	5.02169691347744e-05
0.07082703493564842	0.00208135050421374	4.832515610259368e-05
0.0711829406717915	0.001961535650891271	4.679617162586566e-05
0.07153884627241229	0.0017262728980861942	4.379090746953907e-05
0.07189475173683324	0.0016425628297865608	4.261010320197781e-05
0.0722506570643767	0.001488183089621904	4.045828477914272e-05
0.07260656225436511	0.0013517346697509418	3.846431247185553e-05
0.07296246730612088	0.0011991904934007065	3.6140530025193795e-05
0.07331837221896642	0.001230221795017014	3.651619235226185e-05
0.07367427699222413	0.0010894463819817683	3.428034421094624e-05
0.07403018162521639	0.0009586123366098057	3.207873872290001e-05
0.07438608611726563	0.0009689825324296329	3.217453690212668e-05
0.0747419904676943	0.0008665493862844791	3.035390109190154e-05
0.07509789467582473	0.0007957752877794026	2.9018938896544284e-05
0.07545379874097938	0.0006877529179601416	2.6913851451304076e-05
0.07580970266248063	0.000705489640128848	2.7194627133258983e-05
0.07616560643965092	0.0006093324575781657	2.5214356500412127e-05
0.07652151007181264	0.0005909205649053626	2.477267876928338e-05
0.07687741355828821	0.0005737128657374301	2.4352754892077647e-05
0.07723331689840003	0.0005247662056137312	2.3237038155995732e-05
0.07758922009147053	0.0004844624531847131	2.22756073298778e-05
0.07794512313682209	0.00047919169235882854	2.2103464541459795e-05
0.07830102603377714	0.000449610704967033	2.1361649251357948e-05
0.07865692878165807	0.0004304007146461549	2.0852982761838698e-05
0.07901283137978733	0.0004385198271167421	2.1001290850152533e-05
0.07936873382748728	0.00041752931468041663	2.0446498508082094e-05
0.0797246361240804	0.0003877550166782917	1.9659959763181835e-05
0.08008053826888904	0.0004128256911975508	2.0240444760853275e-05
0.08043644026123564	0.00042285483057761945	2.0439459714430337e-05
0.08079234210044262	0.00040820495142482365	2.0037992971650374e-05
0.08114824378583237	0.00039955945085098465	1.9781140426660584e-05
0.08150414531672732	0.0004095151400151481	1.9982292750715586e-05
0.08186004669244987	0.00042423824612341474	2.0294067482824053e-05
0.08221594791232245	0.0004311011288422755	2.0413230085696355e-05
0.0825718489756675	0.0004321302821195895	2.0393488890868956e-05
0.08292774988180737	0.0004456084738960486	2.0664598162592734e-05
0.08328365063006452	0.000479963930439025	2.140053391701605e-05
0.08363955121976134	0.00046081903956583645	2.0924714693463453e-05
0.08399545165022025	0.0005033339589096935	2.182229468853195e-05
0.0843513519207637	0.0005134578813451656	2.199411914374186e-05
0.08470725203071407	0.0004972280795368848	2.159820760732105e-05
0.08506315197939378	0.0005147667621668425	2.1929801360623326e-05
0.08541905176612526	0.0005423931279632886	2.2463628130496846e-05
0.08577495139023093	0.0005929524435120314	2.343850332075437e-05
0.08613085085103317	0.0005812757185968434	2.315857895927851e-05
0.08648675014785444	0.0005605064653785216	2.2694243428788747e-05
0.08684264928001716	0.0005929830939479374	2.329457593664256e-05
0.08719854824684371	0.0005759810477469051	2.2911295904110965e-05
0.08755444704765654	0.0005854393025821839	2.3051650027807504e-05
0.08791034568177805	0.0006129006413335299	2.3538307324897343e-05
0.08826624414853067	0.0006176320700155069	2.358130201104083e-05
0.08862214244723682	0.0006052877681331118	2.329753705792266e-05
0.08897804057721892	0.000643057826685645	2.3965350232206343e-05
0.08933393853779938	0.0006111398809822712	2.3316440780385995e-05
0.08968983632830065	0.0006113729631984777	2.3274570938310448e-05
0.0900457339480451	0.0006177820243442932	2.334996572658643e-05
0.09040163139635521	0.0006311731940625108	2.3555174395705028e-05
0.09075752867255334	0.0006435837163749777	2.373894300391015e-05
0.09111342577596197	0.0006602583058811805	2.399749630503745e-05
0.09146932270590347	0.0006377066800846516	2.353818307413125e-05
0.09182521946170033	0.0006508130238905403	2.373270904912818e-05
0.0921811160426749	0.0006879570082977861	2.4353414104163553e-05
0.09253701244814964	0.0006784408456206647	2.4137842053413717e-05
0.09289290867744696	0.0006450437235718042	2.349110688208613e-05
0.0932488047298893	0.0006553652894478816	2.363307678006537e-05
0.09360470060479908	0.0006579674565789706	2.3634888752530982e-05
0.09396059630149874	0.0006131865384298353	2.2773176323868812e-05
0.09431649181931064	0.0006369928048346839	2.3167204327755328e-05
0.09467238715755728	0.0006421529424670417	2.3217088633162087e-05
0.09502828231556104	0.0006330578084753649	2.3008877411224233e-05
0.09538417729264437	0.0005773740572821188	2.193262680023676e-05
0.09574007208812968	0.000620050727495287	2.2686469753196444e-05
0.09609596670133941	0.0006243701920696406	2.2723157856548365e-05
0.09645186113159597	0.0006047638420661357	2.232224073500075e-05
0.09680775537822184	0.0005951524500265454	2.2103407094916057e-05
0.09716364944053936	0.0005807041102721369	2.1793436913824242e-05
0.09751954331787104	0.0005777699443873397	2.1698605722964375e-05
0.09787543700953923	0.000569173502400593	2.1497386492612973e-05
0.0982313305148664	0.0005994715144521154	2.2022136349411132e-05
0.09858722383317503	0.000594889213337463	2.1898174558106996e-05
0.09894311696378745	0.0005710634737690649	2.141655349994536e-05
0.09929900990602618	0.0005450076062045525	2.0884736848163975e-05
0.09965490265921358	0.0005183403970879166	2.0330983072574765e-05
0.1000107952226721	0.0005236473424392532	2.039840435470496e-05
0.10036668759572422	0.0005431688978871272	2.0738284888216635e-05
0.10072257977769229	0.0004939100488959211	1.974061577516521e-05
0.10107847176789882	0.0004992469587020796	1.9812011220957153e-05
0.1014343635656662	0.0004559720746453706	1.890065058501362e-05
0.10179025517031683	0.0004754572337671592	1.926649938598975e-05
0.1021461465811732	0.0004496827419720518	1.8704336248882253e-05
0.10250203779755773	0.000414008375645762	1.7915894597327576e-05
0.10285792881879284	0.00047129456313330196	1.9082159088368033e-05
0.10321381964420098	0.0003980641464039118	1.7506841141533322e-05
0.10356971027310456	0.00040360203983370006	1.7597885208124694e-05
0.10392560070482604	0.000395337825666744	1.738693769261021e-05
0.10428149093868784	0.0004229471677667028	1.7953107423661823e-05
0.10463738097401237	0.0003660669721193598	1.6673893679925294e-05
0.10499327081012212	0.00037769344714065964	1.6907880792452143e-05
0.10534916044633952	0.00036434802651251155	1.6578409243677533e-05
0.10570504988198695	0.0003014734055009377	1.505486344267652e-05
0.1060609391163869	0.00033417946558954976	1.582385631722699e-05
0.10641682814886178	0.00030617795372029944	1.5121051336557404e-05
0.10677271697873404	0.0003140888551829979	1.5289606244884682e-05
0.10712860560532611	0.00032713989281600337	1.5578090134095397e-05
0.10748449402796044	0.00028465268379210116	1.4507244082982686e-05
0.10784038224595947	0.00027265952589332327	1.4174893780084579e-05
0.10819627025864563	0.00024238292358841562	1.334274080781185e-05
0.10855215806534134	0.00025769415697467424	1.373514471691392e-05
0.1089080456653691	0.00024079881469208983	1.3255538483068402e-05
0.10926393305805127	0.00025456083377685005	1.3606848915492635e-05
0.10961982024271036	0.00024503492237915915	1.332814271090944e-05
0.10997570721866878	0.00022617674194178055	1.2784265313341751e-05
0.11033159398524896	0.0002247269052875234	1.2722655690572524e-05
0.11068748054177335	0.0002153888027665555	1.2435478325770204e-05
0.11104336688756443	0.00019609129345421624	1.1846308268538313e-05
0.11139925302194457	0.00019189796577627705	1.170022547189621e-05
0.11175513894423629	0.00016782044557790717	1.0924180525052175e-05
0.11211102465376196	0.00017933810194427832	1.127488986808545e-05
0.1124669101498441	0.00019219607308727416	1.1653598678937694e-05
0.1128227954318051	0.000157075473170949	1.051855168121081e-05
0.11317868049896743	0.00017273122397457456	1.1012940602511654e-05
0.1135345653506535	0.0001511910277357772	1.0287246434434257e-05
0.11389044998618579	0.00016816286716007657	1.0832322519572602e-05
0.11424633440488673	0.00014677110042663375	1.0104139248581031e-05
0.1146022186060788	0.00014284813174515992	9.952700941673138e-06
0.11495810258908438	0.00011890201911391181	9.066193962265792e-06
0.115313986353226	0.00011371096055218112	8.85238627294656e-06
0.11566986989782603	0.00012641480690579325	9.319423208566876e-06
0.11602575322220694	0.0001047942379950326	8.472112004110487e-06
0.11638163632569123	0.0001140334809833829	8.824175687168137e-06
0.11673751920760128	0.0001007515242569022	8.28172427865293e-06
0.1170934018672596	0.00010519610122967398	8.449554183285807e-06
0.11744928430398857	9.405129836373067e-05	7.97732700941443e-06
0.11780516651711069	8.095007925370129e-05	7.389697406513859e-06
0.11816104850594841	9.012200227352692e-05	7.785355221427145e-06
0.11851693026982417	7.912286105683019e-05	7.2838497584413574e-06
0.1188728118080604	6.551547737302408e-05	6.6180626175913065e-06
0.1192286931199796	6.931910158794271e-05	6.797297147339239e-06
0.11958457420490416	7.376463316653817e-05	7.001429137376968e-06
0.11994045506215661	6.426972057565407e-05	6.525601432069961e-06
0.12029633569105934	6.60614301014293e-05	6.60614301014293e-06
0.12065221609093481	6.191457840923552e-05	6.386001162444149e-06
0.12100809626110551	6.632959032849423e-05	6.600040918824455e-06
0.12136397620089386	5.303903232728884e-05	5.893225814143204e-06
0.12171985590962232	5.223107051729436e-05	5.8396112107127644e-06
0.12207573538661338	5.338077478023729e-05	5.894920422039286e-06
0.12243161463118944	5.906744492460971e-05	6.1919506858375385e-06
0.122787493642673	5.824903630133249e-05	6.13998754073469e-06
0.12314337242038649	6.00167225278098e-05	6.223444213737807e-06
0.12349925096365237	5.019155476303638e-05	5.683074476619689e-06
0.12385512927179312	5.967182511654152e-05	6.187680018225528e-06
0.12421100734413118	5.374271120549219e-05	5.863810527412367e-06
0.12456688517998903	4.7209509096823124e-05	5.487993958760544e-06
0.12492276277868908	5.280035975674888e-05	5.795592415888969e-06
0.1252786401395538	5.328471229255703e-05	5.813838749156821e-06
0.12563451726190572	5.4398865889903456e-05	5.865980568030222e-06
0.1259903941450672	5.550672543380747e-05	5.917036812520968e-06
0.1263462707883608	5.535038091327397e-05	5.900370430632959e-06
0.12670214719110895	4.0768971135288884e-05	5.056768514240658e-06
0.12705802335263403	5.378940326110063e-05	5.8002605226025554e-06
0.1274138992722586	4.864947586833438e-05	5.5084684248886744e-06
0.12776977494930508	5.348976515286837e-05	5.767949714434438e-06
0.12812565038309592	6.264489138147684e-05	6.233399670123468e-06
0.12848152557295361	5.8141674922505224e-05	5.996855880814398e-06
0.12883740051820064	5.3663336170878384e-05	5.753313537001315e-06
0.12919327521815943	4.8594548648541525e-05	5.467313873543513e-06
0.12954914967215245	4.7847627202670644e-05	5.41767694198962e-06
0.12990502387950215	5.077530198247064e-05	5.573313447858948e-06
0.13026089783953104	5.6127297256791827e-05	5.851675250053603e-06
0.13061677155156157	4.684811809028247e-05	5.338838543617783e-06
0.13097264501491618	5.70358115052151e-05	5.88279477840906e-06
0.1313285182289174	5.869661545350665e-05	5.9597383407040695e-06
0.13168439119288758	4.465784779650663e-05	5.1913693577247685e-06
0.1320402639061493	4.453748671123141e-05	5.1773776657648804e-06
0.13239613636802505	5.2220894997809505e-05	5.598667610759987e-06
0.13275200857783714	5.088364272842926e-05	5.5191059562795465e-06
0.1331078805349082	6.507633698588913e-05	6.2331826110994014e-06
0.13346375223856063	5.4780358047385896e-05	5.711247130043714e-06
0.1338196236881169	5.64162442327787e-05	5.788184528877986e-06
0.1341754948828995	4.086732905488851e-05	4.919848271609595e-06
0.1345313658222309	5.2573492074483977e-05	5.572779014348417e-06
0.13488723650543358	4.7721548931193536e-05	5.30239432568817e-06
0.13524310693182995	5.1121605324220064e-05	5.480811386912689e-06
0.13559897710074256	5.2745627787648876e-05	5.559877347481285e-06
0.13595484701149388	4.3839635804090574e-05	5.06216510653337e-06
0.13631071666340633	4.780619966143906e-05	5.279311584451527e-06
0.1366665860558024	5.582249672739641e-05	5.697359714596043e-06
0.13702245518800463	5.33576202816135e-05	5.562916464250263e-06
0.1373783240593354	4.685621185993862e-05	5.206245762215402e-06
0.1377341926691172	5.942864478487412e-05	5.85567836681622e-06
0.1380900610166726	4.834117855471829e-05	5.274454997866013e-06
0.13844592910132397	5.510505149819903e-05	5.624135767515722e-06
0.13880179692239386	6.240678061257599e-05	5.977485484675504e-06
0.1391576644792047	3.48355822216989e-05	4.460239258312188e-06
0.13951353177107895	5.183527764263761e-05	5.433813556004766e-06
0.1398693987973392	4.8862548308909914e-05	5.268984089936736e-06
0.14022526555730777	4.307127131831713e-05	4.940613659114902e-06
0.1405811320503073	4.635399674027882e-05	5.118942599697454e-06
0.14093699827566017	4.6800818076319895e-05	5.137057163059377e-06
0.1412928642326889	4.6682943631598985e-05	5.12411876186289e-06
0.1416487299207159	4.4882565349713104e-05	5.018023356326756e-06
0.14200459533906373	4.197195847467875e-05	4.846504304754315e-06
0.14236046048705486	5.19151285996657e-05	5.383348058357131e-06
0.1427163253640118	4.176264322657305e-05	4.822334661786451e-06
0.14307218996925694	4.054786622471529e-05	4.7457687792959125e-06
0.14342805430211286	3.878504527769465e-05	4.6356995730230465e-06
0.14378391836190196	4.808496537135855e-05	5.1552494111874806e-06
0.14413978214794682	4.741491317544996e-05	5.11288157890902e-06
0.14449564565956985	4.3998269625015065e-05	4.919156088694894e-06
0.1448515088960936	4.114704102295672e-05	4.751251042192127e-06
0.14520737185684046	4.9802723937380774e-05	5.220744033100398e-06
0.14556323454113304	3.603235169831605e-05	4.435275894037416e-06
0.14591909694829372	4.8470582965098776e-05	5.137871518567708e-06
0.14627495907764507	3.205401206656177e-05	4.173076923511864e-06
0.1466308209285095	3.4686068520178565e-05	4.335758565022321e-06
0.14698668250020955	4.000866880616365e-05	4.650913278000023e-06
0.1473425437920677	4.099074376661484e-05	4.70196078155905e-06
0.14769840480340646	3.497340535592777e-05	4.3379170510033014e-06
0.14805426553354828	3.059527077826735e-05	4.052442611898172e-06
0.1484101259818157	3.052190889206189e-05	4.042725592692725e-06
0.14876598614753114	3.6325001169324845e-05	4.405053431523863e-06
0.1491218460300172	3.7304149112259026e-05	4.458698626584821e-06
0.14947770562859625	3.455710107330708e-05	4.286280859800094e-06
0.14983356494259084	3.341425683956374e-05	4.209800659120226e-06
0.15018942397132354	3.333508505322662e-05	4.19982595162019e-06
0.1505452827141167	3.431204278531053e-05	4.255885120089557e-06
0.15090114117029294	3.370449462775551e-05	4.213061828469439e-06
0.1512569993391747	2.994744285333196e-05	3.9666357070594485e-06
0.15161285722008444	2.620802785932935e-05	3.706374844171548e-06
0.15196871481234472	2.7715457291382883e-05	3.807010843640158e-06
0.152324572115278	3.130268949266625e-05	4.041159836553276e-06
0.15268042912820684	2.7065767164046542e-05	3.753346589220745e-06
0.1530362858504536	2.804140129824181e-05	3.815951380739456e-06
0.1533921422813409	2.279554255876026e-05	3.43655734363572e-06
0.15374799842019127	2.997912084030239e-05	3.9364514178106755e-06
0.15410385426632708	1.9596136927451237e-05	3.1789131810441537e-06
0.15445970981907092	2.2637988324913896e-05	3.4128051491902518e-06
0.1548155650777453	3.131234420977333e-05	4.0091348560042586e-06
0.1551714200416727	2.765555605260642e-05	3.763444493434704e-06
0.15552727471017558	2.6570342423806305e-05	3.684643539064222e-06
0.1558831290825765	2.294107520369605e-05	3.41985357549328e-06
0.1562389831581979	2.238018346556453e-05	3.3739396042996977e-06
0.1565948369363624	2.1821840966731718e-05	3.3277995494520506e-06
0.15695069041639234	2.2785032533360208e-05	3.396592107609178e-06
0.15730654359761037	1.9197168535949004e-05	3.1141919615884077e-06
0.15766239647933888	2.2178129887883194e-05	3.3434788813579737e-06
0.15801824906090053	1.9613618853437533e-05	3.1406925764376022e-06
0.15837410134161767	1.7562415613016898e-05	2.9685900557303528e-06
0.1587299533208129	2.002633480437362e-05	3.16644155834616e-06
0.15908580499780867	1.948200035201606e-05	3.1196167487983895e-06
0.1594416563719276	2.392433140260483e-05	3.4531797938689284e-06
0.15979750744249202	2.038985914454833e-05	3.184361006982908e-06
0.16015335820882456	2.5802849166000545e-05	3.5782113738876227e-06
0.16050920867024776	2.8221186693296862e-05	3.737987493004514e-06
0.160865058826084	2.6182705279469518e-05	3.5964711628902503e-06
0.16122090867565597	2.119568519931419e-05	3.232311690115363e-06
0.161576758218286	2.7542889913331768e-05	3.6805734820471176e-06
0.1619326074532967	3.091765951847061e-05	3.895258962192487e-06
0.16228845638001058	2.546338191555905e-05	3.531135736279639e-06
0.16264430499775015	3.0293761238859305e-05	3.84731152464858e-06
0.16300015330583792	2.6327287537411897e-05	3.5826900432329912e-06
0.16335600130359637	2.0946176750701022e-05	3.1942620084159485e-06
0.16371184899034805	2.386889908800814e-05	3.409842726858306e-06
0.16406769636541552	2.2407537919354582e-05	3.3038112234446734e-06
0.1644235434281212	2.0459056361149836e-05	3.156900933588666e-06
0.1647793901777877	2.0459056361149836e-05	3.156900933588666e-06
0.1651352366137375	1.704921363429153e-05	2.8818430885593845e-06
0.16549108273529306	2.2894658308905768e-05	3.339529139575741e-06
0.165846928541777	2.3381778698456955e-05	3.374869056421595e-06
0.16620277403251177	2.6304501035764074e-05	3.5795891931185326e-06
0.1665586192068199	2.0946176750701022e-05	3.1942620084159485e-06
0.166914464064024	2.7278741814866447e-05	3.645275207624794e-06
0.1672703086034464	2.4843139867110514e-05	3.4787353980637114e-06
0.1676261528244098	1.8997695192496276e-05	3.042065857726208e-06
0.16798199672623668	2.6304501035764074e-05	3.5795891931185326e-06
0.16833784030824953	2.2894658308905768e-05	3.339529139575741e-06
0.1686936835697709	3.1662825320827125e-05	3.927290135013262e-06
0.16904952651012328	2.8252982593968823e-05	3.7097983620618773e-06
0.16940536912862922	2.6304501035764074e-05	3.5795891931185326e-06
0.16976121142461126	3.068858454172475e-05	3.866398227904038e-06
0.17011705339739192	3.117570493127594e-05	3.896963116409493e-06
0.1704728950462937	2.9714343762622382e-05	3.804531864619678e-06
0.17082873637063914	3.068858454172475e-05	3.866398227904038e-06
0.17118457736975073	2.679162142531526e-05	3.61258149602296e-06
0.17154041804295117	3.5072668047685434e-05	4.133353568470519e-06
0.17189625838956277	3.117570493127594e-05	3.896963116409493e-06
0.17225209840890815	2.4356019477559328e-05	3.444461307058767e-06
0.1726079381003099	2.9714343762622382e-05	3.804531864619678e-06
0.17296377746309044	2.9227223373071196e-05	3.77321831265963e-06
0.1733196164965724	3.068858454172475e-05	3.866398227904038e-06
0.17367545520007827	2.4843139867110514e-05	3.4787353980637114e-06
0.17403129357293054	2.7765862204417636e-05	3.6776782911560502e-06
0.17438713161445182	3.1662825320827125e-05	3.927290135013262e-06
0.17474296932396458	3.117570493127594e-05	3.896963116409493e-06
0.17509880670079145	3.117570493127594e-05	3.896963116409493e-06
0.17545464374425482	2.6304501035764074e-05	3.5795891931185326e-06
0.17581048045367736	2.4843139867110514e-05	3.4787353980637114e-06
0.17616631682838158	2.5817380646212887e-05	3.5462899652417717e-06
0.17652215286768996	3.312418648948069e-05	4.016897637023128e-06
0.17687798857092504	3.799539038499255e-05	4.302130793628546e-06
0.17723382393740947	2.53302602566617e-05	3.512675083701592e-06
0.17758965896646564	3.361130687903187e-05	4.046325851959835e-06
0.17794549365741621	3.750826999544137e-05	4.27446407068424e-06
0.17830132800958368	3.26370660999295e-05	3.987252230848393e-06
0.1786571620222905	4.043099233274849e-05	4.437877954052982e-06
0.17901299569485943	3.5072668047685434e-05	4.133353568470519e-06
0.17936882902661275	3.604690882678781e-05	4.19036803512782e-06
0.1797246620168732	2.679162142531526e-05	3.61258149602296e-06
0.18008049466496323	3.604690882678781e-05	4.19036803512782e-06
0.18043632697020545	2.3381778698456955e-05	3.374869056421595e-06
0.18079215893192238	3.604690882678781e-05	4.19036803512782e-06
0.1811479905494365	3.312418648948069e-05	4.016897637023128e-06
0.18150382182207042	3.555978843723662e-05	4.161958432745873e-06
0.1818596527491467	3.1662825320827125e-05	3.927290135013262e-06
0.18221548332998788	3.4585547658134244e-05	4.10454935992631e-06
0.18257131356391645	2.9714343762622382e-05	3.804531864619678e-06
0.18292714345025501	2.9714343762622382e-05	3.804531864619678e-06
0.1832829729883262	2.9227223373071196e-05	3.77321831265963e-06
0.18363880217745235	3.068858454172475e-05	3.866398227904038e-06
0.18399463101695618	3.361130687903187e-05	4.046325851959835e-06
0.1843504595061602	3.068858454172475e-05	3.866398227904038e-06
0.18470628764438698	3.99438719431973e-05	4.411062736025524e-06
0.18506211543095905	2.5817380646212887e-05	3.5462899652417717e-06
0.18541794286519897	3.555978843723662e-05	4.161958432745873e-06
0.18577376994642925	3.8969631164094926e-05	4.356937217050526e-06
0.18612959667397255	3.2149945710378315e-05	3.95738475239507e-06
0.18648542304715132	3.555978843723662e-05	4.161958432745873e-06
0.1868412490652882	3.26370660999295e-05	3.987252230848393e-06
0.18719707472770566	3.750826999544137e-05	4.27446407068424e-06
0.18755290003372632	3.117570493127594e-05	3.896963116409493e-06
0.1879087249826728	2.9227223373071196e-05	3.77321831265963e-06
0.18826454957386754	2.7278741814866447e-05	3.645275207624794e-06
0.1886203738066331	3.2149945710378315e-05	3.95738475239507e-06
0.18897619768029214	2.9227223373071196e-05	3.77321831265963e-06
0.1893320211941672	3.020146415217357e-05	3.835589782917744e-06
0.18968784434758074	2.4356019477559328e-05	3.444461307058767e-06
0.19004366713985543	2.9227223373071196e-05	3.77321831265963e-06
0.19039948957031377	3.1662825320827125e-05	3.927290135013262e-06
0.19075531163827839	2.7278741814866447e-05	3.645275207624794e-06
0.19111113334307178	2.5817380646212887e-05	3.5462899652417717e-06
0.1914669546840166	2.7765862204417636e-05	3.6776782911560502e-06
0.1918227756604353	2.5817380646212887e-05	3.5462899652417717e-06
0.19217859627165051	2.4843139867110514e-05	3.4787353980637114e-06
0.19253441651698486	2.679162142531526e-05	3.61258149602296e-06
0.19289023639576078	2.386889908800814e-05	3.409842726858306e-06
0.19324605590730093	2.4356019477559328e-05	3.444461307058767e-06
0.19360187505092794	3.361130687903187e-05	4.046325851959835e-06
0.1939576938259642	2.874010298352001e-05	3.7416427089011967e-06
0.19431351223173238	2.53302602566617e-05	3.512675083701592e-06
0.19466933026755512	2.4843139867110514e-05	3.4787353980637114e-06
0.19502514793275494	2.4356019477559328e-05	3.444461307058767e-06
0.19538096522665432	2.4356019477559328e-05	3.444461307058767e-06
0.19573678214857593	2.386889908800814e-05	3.409842726858306e-06
0.19609259869784237	2.4843139867110514e-05	3.4787353980637114e-06
0.19644841487377615	2.1920417529803395e-05	3.2677029127878944e-06
0.1968042306756999	2.0946176750701022e-05	3.1942620084159485e-06
0.1971600461029362	2.143329714025221e-05	3.2311911197460896e-06
0.19751586115480751	2.2894658308905768e-05	3.339529139575741e-06
0.1978716758306365	2.7278741814866447e-05	3.645275207624794e-06
0.19822749012974586	2.7765862204417636e-05	3.6776782911560502e-06
0.19858330405145797	2.386889908800814e-05	3.409842726858306e-06
0.19893911759509547	2.53302602566617e-05	3.512675083701592e-06
0.199294930759981	2.6304501035764074e-05	3.5795891931185326e-06
0.19965074354543708	1.558785246563797e-05	2.7555690456470135e-06
0.20000655595078634	2.0946176750701022e-05	3.1942620084159485e-06
0.2003623679753514	1.8997695192496276e-05	3.042065857726208e-06
0.2007181796184547	2.3381778698456955e-05	3.374869056421595e-06
0.20107399087941896	1.997193597159865e-05	3.119092372882934e-06
0.2014298017575667	2.2894658308905768e-05	3.339529139575741e-06
0.20178561225222055	2.0459056361149836e-05	3.156900933588666e-06
0.20214142236270302	2.3381778698456955e-05	3.374869056421595e-06
0.20249723208833678	1.7536334023842717e-05	2.9227223373071193e-06
0.20285304142844443	1.558785246563797e-05	2.7555690456470135e-06
0.20320885038234845	2.4356019477559328e-05	3.444461307058767e-06
0.2035646589493715	1.704921363429153e-05	2.8818430885593845e-06
0.20392046712883624	1.8997695192496276e-05	3.042065857726208e-06
0.20427627492006512	1.704921363429153e-05	2.8818430885593845e-06
0.20463208232238078	2.0459056361149836e-05	3.156900933588666e-06
0.20498788933510592	1.997193597159865e-05	3.119092372882934e-06
0.205343695957563	1.3639370907433223e-05	2.577598818602692e-06
0.20569950218907465	2.0459056361149836e-05	3.156900933588666e-06
0.20605530802896346	1.851057480294509e-05	3.002811750481037e-06
0.20641111347655214	1.8023454413393903e-05	2.96303765330623e-06
0.2067669185311631	1.558785246563797e-05	2.7555690456470135e-06
0.20712272319211905	1.5100732076086784e-05	2.712171545350974e-06
0.2074785274587426	1.1203768959677291e-05	2.3361473198579522e-06
0.20783433133035628	1.7536334023842717e-05	2.9227223373071193e-06
0.2081901348062827	1.3639370907433223e-05	2.577598818602692e-06
0.20854593788584455	1.0229528180574918e-05	2.2322660576746882e-06
0.2089017405683643	1.2178009738779664e-05	2.435601947755933e-06
0.20925754285316464	1.4126491296984411e-05	2.6232235786487e-06
0.2096133447395682	2.0946176750701022e-05	3.1942620084159485e-06
0.20996914622689747	1.9484815582047463e-05	3.080819851380472e-06
0.21032494731447512	1.1203768959677291e-05	2.3361473198579522e-06
0.2106807480016238	1.6074972855189157e-05	2.7982935941827997e-06
0.21103654828766605	1.5100732076086784e-05	2.712171545350974e-06
0.21139234817192448	1.9484815582047463e-05	3.080819851380472e-06
0.21174814765372169	1.266513012833085e-05	2.483836371790419e-06
0.21210394673238034	1.1690889349228477e-05	2.3863927954123546e-06
0.21245974540722298	2.0459056361149836e-05	3.156900933588666e-06
0.21281554367757233	1.6562093244740344e-05	2.840375558471272e-06
0.21317134154275086	1.7536334023842717e-05	2.9227223373071193e-06
0.2135271390020812	1.4613611686535598e-05	2.668068255778887e-06
0.21388293605488604	1.1203768959677291e-05	2.3361473198579522e-06
0.214238732700488	1.3152250517882037e-05	2.5311517923161966e-06
0.2145945289382096	1.266513012833085e-05	2.483836371790419e-06
0.2149503247673735	1.0716648570126104e-05	2.284797152082214e-06
0.21530612018730236	1.558785246563797e-05	2.7555690456470135e-06
0.21566191519731867	8.768167011921358e-06	2.0666767842352597e-06
0.2160177097967452	1.2178009738779664e-05	2.435601947755933e-06
0.21637350398490446	1.4126491296984411e-05	2.6232235786487e-06
0.2167292977611191	1.6562093244740344e-05	2.840375558471272e-06
0.21708509112471175	1.5100732076086784e-05	2.712171545350974e-06
0.2174408840750051	1.3152250517882037e-05	2.5311517923161966e-06
0.21779667661132163	1.4613611686535598e-05	2.668068255778887e-06
0.218152468732984	6.819685453716612e-06	1.822637603812397e-06
0.21850826043931484	1.0229528180574918e-05	2.2322660576746882e-06
0.21886405172963688	9.255287401472545e-06	2.1233085513917886e-06
0.2192198426032726	1.6562093244740344e-05	2.840375558471272e-06
0.21957563305954464	9.742407791023731e-06	2.178468608525263e-06
0.21993142309777572	1.0716648570126104e-05	2.284797152082214e-06
0.2202872127172884	1.1203768959677291e-05	2.3361473198579522e-06
0.2206430019174053	1.3152250517882037e-05	2.5311517923161966e-06
0.22099879069744907	1.3152250517882037e-05	2.5311517923161966e-06
0.2213545790567423	1.2178009738779664e-05	2.435601947755933e-06
0.22171036699460772	1.266513012833085e-05	2.483836371790419e-06
0.22206615451036782	1.704921363429153e-05	2.8818430885593845e-06
0.22242194160334536	1.558785246563797e-05	2.7555690456470135e-06
0.22277772827286285	1.1203768959677291e-05	2.3361473198579522e-06
0.223133514518243	1.266513012833085e-05	2.483836371790419e-06
0.2234893003388085	1.3639370907433223e-05	2.577598818602692e-06
0.22384508573388184	1.1203768959677291e-05	2.3361473198579522e-06
0.22420087070278574	1.5100732076086784e-05	2.712171545350974e-06
0.22455665524484286	8.281046622370172e-06	2.008448818511564e-06
0.2249124393593758	1.3152250517882037e-05	2.5311517923161966e-06
0.22526822304570712	7.793926232818985e-06	1.9484815582047464e-06
0.2256240063031596	1.1690889349228477e-05	2.3863927954123546e-06
0.22597978913105576	1.1203768959677291e-05	2.3361473198579522e-06
0.2263355715287184	1.4613611686535598e-05	2.668068255778887e-06
0.22669135349546993	1.0229528180574918e-05	2.2322660576746882e-06
0.22704713503063317	8.281046622370172e-06	2.008448818511564e-06
0.22740291613353067	7.793926232818985e-06	1.9484815582047464e-06
0.2277586968034852	9.255287401472545e-06	2.1233085513917886e-06
0.22811447703981927	1.2178009738779664e-05	2.435601947755933e-06
0.22847025684185554	6.819685453716612e-06	1.822637603812397e-06
0.22882603620891667	1.2178009738779664e-05	2.435601947755933e-06
0.2291818151403254	1.4126491296984411e-05	2.6232235786487e-06
0.22953759363540424	1.3639370907433223e-05	2.577598818602692e-06
0.22989337169347587	9.742407791023731e-06	2.178468608525263e-06
0.230249149313863	7.306805843267799e-06	1.886609156329815e-06
0.2306049264958883	1.0716648570126104e-05	2.284797152082214e-06
0.23096070323887427	8.768167011921358e-06	2.0666767842352597e-06
0.2313164795421437	1.2178009738779664e-05	2.435601947755933e-06
0.23167225540501918	7.306805843267799e-06	1.886609156329815e-06
0.23202803082682338	1.0229528180574918e-05	2.2322660576746882e-06
0.232383805806879	5.845444674614239e-06	1.6874345282107975e-06
0.23273958034450865	6.332565064165425e-06	1.756337541850796e-06
0.23309535443903492	9.255287401472545e-06	2.1233085513917886e-06
0.23345112808978052	9.742407791023731e-06	2.178468608525263e-06
0.2338069012960682	1.0716648570126104e-05	2.284797152082214e-06
0.2341626740572205	6.332565064165425e-06	1.756337541850796e-06
0.2345184463725601	1.4613611686535598e-05	2.668068255778887e-06
0.2348742182414097	1.1690889349228477e-05	2.3863927954123546e-06
0.23522998966309197	1.266513012833085e-05	2.483836371790419e-06
0.23558576063692946	7.306805843267799e-06	1.886609156329815e-06
0.23594153116224495	8.281046622370172e-06	2.008448818511564e-06
0.23629730123836104	8.768167011921358e-06	2.0666767842352597e-06
0.23665307086460044	6.332565064165425e-06	1.756337541850796e-06
0.23700884004028577	5.358324285063052e-06	1.6155955598730448e-06
0.23736460876473972	1.1690889349228477e-05	2.3863927954123546e-06
0.23772037703728494	7.306805843267799e-06	1.886609156329815e-06
0.23807614485724413	8.768167011921358e-06	2.0666767842352597e-06
0.23843191222393997	1.0229528180574918e-05	2.2322660576746882e-06
0.23878767913669505	7.306805843267799e-06	1.886609156329815e-06
0.23914344559483208	9.742407791023731e-06	2.178468608525263e-06
0.23949921159767384	5.845444674614239e-06	1.6874345282107975e-06
0.2398549771445428	1.0229528180574918e-05	2.2322660576746882e-06
0.24021074223476171	9.255287401472545e-06	2.1233085513917886e-06
0.24056650686765332	7.793926232818985e-06	1.9484815582047464e-06
0.24092227104254024	7.306805843267799e-06	1.886609156329815e-06
0.24127803475874518	9.742407791023731e-06	2.178468608525263e-06
0.24163379801559073	9.255287401472545e-06	2.1233085513917886e-06
0.24198956081239972	5.358324285063052e-06	1.6155955598730448e-06
0.24234532314849466	8.768167011921358e-06	2.0666767842352597e-06
0.24270108502319837	7.793926232818985e-06	1.9484815582047464e-06
0.24305684643583347	7.793926232818985e-06	1.9484815582047464e-06
0.24341260738572257	6.819685453716612e-06	1.822637603812397e-06
0.24376836787218842	6.332565064165425e-06	1.756337541850796e-06
0.2441241278945538	4.871203895511866e-06	1.540409925690236e-06
0.24447988745214122	8.768167011921358e-06	2.0666767842352597e-06
0.2448356465442734	9.742407791023731e-06	2.178468608525263e-06
0.2451914051702731	6.332565064165425e-06	1.756337541850796e-06
0.245547163329463	7.306805843267799e-06	1.886609156329815e-06
0.24590292102116568	8.281046622370172e-06	2.008448818511564e-06
0.246258678244704	5.845444674614239e-06	1.6874345282107975e-06
0.24661443499940044	6.332565064165425e-06	1.756337541850796e-06
0.24697019128457787	5.358324285063052e-06	1.6155955598730448e-06
0.24732594709955888	6.819685453716612e-06	1.822637603812397e-06
0.24768170244366625	3.896963116409493e-06	1.3777845228235068e-06
0.24803745731622254	4.871203895511866e-06	1.540409925690236e-06
0.24839321171655052	6.819685453716612e-06	1.822637603812397e-06
0.24874896564397295	4.384083505960679e-06	1.4613611686535597e-06
0.24910471909781237	3.409842726858306e-06	1.288799409301346e-06
0.2494604720773916	5.845444674614239e-06	1.6874345282107975e-06
0.24981622458203329	6.332565064165425e-06	1.756337541850796e-06
0.25017197661106017	4.384083505960679e-06	1.4613611686535597e-06
0.25052772816379487	3.896963116409493e-06	1.3777845228235068e-06
0.25088347923956017	4.384083505960679e-06	1.4613611686535597e-06
0.2512392298376787	2.435601947755933e-06	1.0892343042626315e-06
0.2515949799574732	4.384083505960679e-06	1.4613611686535597e-06
0.25195072959826637	1.9484815582047464e-06	9.742407791023732e-07
0.25230647875938095	5.358324285063052e-06	1.6155955598730448e-06
0.25266222744013955	2.435601947755933e-06	1.0892343042626315e-06
0.25301797563986494	6.819685453716612e-06	1.822637603812397e-06
0.25337372335787983	5.358324285063052e-06	1.6155955598730448e-06
0.25372947059350687	3.896963116409493e-06	1.3777845228235068e-06
0.2540852173460688	2.435601947755933e-06	1.0892343042626315e-06
0.2544409636148884	5.845444674614239e-06	1.6874345282107975e-06
0.2547967093992882	3.896963116409493e-06	1.3777845228235068e-06
0.2551524546985911	3.409842726858306e-06	1.288799409301346e-06
0.2555081995121198	5.845444674614239e-06	1.6874345282107975e-06
0.2558639438391969	3.896963116409493e-06	1.3777845228235068e-06
0.2562196876791451	2.435601947755933e-06	1.0892343042626315e-06
0.2565754310312872	4.871203895511866e-06	1.540409925690236e-06
0.25693117389494585	3.896963116409493e-06	1.3777845228235068e-06
0.25728691626944394	3.409842726858306e-06	1.288799409301346e-06
0.2576426581541039	3.896963116409493e-06	1.3777845228235068e-06
0.2579983995482487	6.332565064165425e-06	1.756337541850796e-06
0.2583541404512009	5.358324285063052e-06	1.6155955598730448e-06
0.2587098808622833	2.435601947755933e-06	1.0892343042626315e-06
0.2590656207808187	2.9227223373071193e-06	1.1931963977061773e-06
0.25942136020612955	1.4613611686535597e-06	8.437172641053988e-07
0.25977709913753877	2.9227223373071193e-06	1.1931963977061773e-06
0.2601328375743691	5.358324285063052e-06	1.6155955598730448e-06
0.2604885755159433	3.409842726858306e-06	1.288799409301346e-06
0.2608443129615839	6.332565064165425e-06	1.756337541850796e-06
0.26120004991061374	2.9227223373071193e-06	1.1931963977061773e-06
0.2615557863623556	3.409842726858306e-06	1.288799409301346e-06
0.26191152231613213	3.409842726858306e-06	1.288799409301346e-06
0.2622672577712661	3.896963116409493e-06	1.3777845228235068e-06
0.26262299272708023	2.435601947755933e-06	1.0892343042626315e-06
0.26297872718289717	1.9484815582047464e-06	9.742407791023732e-07
0.26333446113803977	2.435601947755933e-06	1.0892343042626315e-06
0.2636901945918308	2.435601947755933e-06	1.0892343042626315e-06
0.26404592754359274	3.409842726858306e-06	1.288799409301346e-06
0.26440165999264864	3.409842726858306e-06	1.288799409301346e-06
0.26475739193832115	3.409842726858306e-06	1.288799409301346e-06
0.2651131233799328	3.409842726858306e-06	1.288799409301346e-06
0.26546885431680656	1.9484815582047464e-06	9.742407791023732e-07
0.26582458474826504	1.4613611686535597e-06	8.437172641053988e-07
0.266180314673631	1.9484815582047464e-06	9.742407791023732e-07
0.2665360440922273	2.435601947755933e-06	1.0892343042626315e-06
0.26689177300337646	4.871203895511866e-06	1.540409925690236e-06
0.26724750140640147	1.9484815582047464e-06	9.742407791023732e-07
0.2676032293006249	3.409842726858306e-06	1.288799409301346e-06
0.26795895668536956	2.435601947755933e-06	1.0892343042626315e-06
0.2683146835599582	9.742407791023732e-07	6.888922614117534e-07
0.2686704099237135	2.9227223373071193e-06	1.1931963977061773e-06
0.2690261357759583	2.9227223373071193e-06	1.1931963977061773e-06
0.26938186111601536	2.9227223373071193e-06	1.1931963977061773e-06
0.26973758594320724	1.4613611686535597e-06	8.437172641053988e-07
0.2700933102568569	9.742407791023732e-07	6.888922614117534e-07
0.27044903405628695	1.9484815582047464e-06	9.742407791023732e-07
0.2708047573408203	2.9227223373071193e-06	1.1931963977061773e-06
0.27116048010977956	2.9227223373071193e-06	1.1931963977061773e-06
0.2715162023624876	2.9227223373071193e-06	1.1931963977061773e-06
0.271871924098267	1.4613611686535597e-06	8.437172641053988e-07
0.27222764531644067	3.409842726858306e-06	1.288799409301346e-06
0.27258336601633126	3.896963116409493e-06	1.3777845228235068e-06
0.2729390861972617	2.435601947755933e-06	1.0892343042626315e-06
0.2732948058585546	2.9227223373071193e-06	1.1931963977061773e-06
0.2736505249995328	3.409842726858306e-06	1.288799409301346e-06
0.27400624361951903	3.409842726858306e-06	1.288799409301346e-06
0.2743619617178359	1.4613611686535597e-06	8.437172641053988e-07
0.2747176792938064	9.742407791023732e-07	6.888922614117534e-07
0.27507339634675326	3.409842726858306e-06	1.288799409301346e-06
0.27542911287599914	9.742407791023732e-07	6.888922614117534e-07
0.27578482888086686	4.871203895511866e-06	1.540409925690236e-06
0.27614054436067914	3.409842726858306e-06	1.288799409301346e-06
0.27649625931475885	4.871203895511866e-06	1.540409925690236e-06
0.2768519737424287	3.409842726858306e-06	1.288799409301346e-06
0.27720768764301146	2.9227223373071193e-06	1.1931963977061773e-06
0.27756340101582994	2.435601947755933e-06	1.0892343042626315e-06
0.2779191138602068	9.742407791023732e-07	6.888922614117534e-07
0.27827482617546495	2.9227223373071193e-06	1.1931963977061773e-06
0.27863053796092707	9.742407791023732e-07	6.888922614117534e-07
0.27898624921591597	4.384083505960679e-06	1.4613611686535597e-06
0.2793419599397544	9.742407791023732e-07	6.888922614117534e-07
0.2796976701317653	1.9484815582047464e-06	9.742407791023732e-07
0.28005337979127115	4.384083505960679e-06	1.4613611686535597e-06
0.2804090889175949	3.896963116409493e-06	1.3777845228235068e-06
0.2811205055679873	3.409842726858306e-06	1.288799409301346e-06
0.2814762130907014	9.742407791023732e-07	6.888922614117534e-07
0.2818319200775246	3.896963116409493e-06	1.3777845228235068e-06
0.28218762652777957	2.435601947755933e-06	1.0892343042626315e-06
0.2825433324407891	2.9227223373071193e-06	1.1931963977061773e-06
0.282899037815876	9.742407791023732e-07	6.888922614117534e-07
0.283254742652363	1.9484815582047464e-06	9.742407791023732e-07
0.28361044694957305	9.742407791023732e-07	6.888922614117534e-07
0.2839661507068288	9.742407791023732e-07	6.888922614117534e-07
0.2843218539234531	9.742407791023732e-07	6.888922614117534e-07
0.28467755659876864	2.9227223373071193e-06	1.1931963977061773e-06
0.2850332587320983	9.742407791023732e-07	6.888922614117534e-07
0.28538896032276495	1.4613611686535597e-06	8.437172641053988e-07
0.2857446613700912	3.896963116409493e-06	1.3777845228235068e-06
0.28610036187339993	1.9484815582047464e-06	9.742407791023732e-07
0.28645606183201405	2.9227223373071193e-06	1.1931963977061773e-06
0.28681176124525626	1.4613611686535597e-06	8.437172641053988e-07
0.2871674601124492	1.9484815582047464e-06	9.742407791023732e-07
0.28752315843291587	2.435601947755933e-06	1.0892343042626315e-06
0.2878788562059791	2.435601947755933e-06	1.0892343042626315e-06
0.2882345534309616	1.4613611686535597e-06	8.437172641053988e-07
0.28859025010718614	1.9484815582047464e-06	9.742407791023732e-07
0.2889459462339756	9.742407791023732e-07	6.888922614117534e-07
0.2893016418106528	1.4613611686535597e-06	8.437172641053988e-07
0.2896573368365405	1.9484815582047464e-06	9.742407791023732e-07
0.29001303131096146	2.435601947755933e-06	1.0892343042626315e-06
0.2903687252332385	2.435601947755933e-06	1.0892343042626315e-06
0.2907244186026945	2.435601947755933e-06	1.0892343042626315e-06
0.29108011141865225	1.9484815582047464e-06	9.742407791023732e-07
0.29143580368043454	1.4613611686535597e-06	8.437172641053988e-07
0.29179149538736415	4.871203895511866e-07	4.871203895511866e-07
0.29214718653876404	4.871203895511866e-07	4.871203895511866e-07
0.2925028771339569	1.9484815582047464e-06	9.742407791023732e-07
0.29285856717226544	2.9227223373071193e-06	1.1931963977061773e-06
0.29321425665301265	1.4613611686535597e-06	8.437172641053988e-07
0.2935699455755214	1.4613611686535597e-06	8.437172641053988e-07
0.29392563393911425	1.4613611686535597e-06	8.437172641053988e-07
0.2942813217431143	3.896963116409493e-06	1.3777845228235068e-06
0.2946370089868442	2.435601947755933e-06	1.0892343042626315e-06
0.29499269566962677	9.742407791023732e-07	6.888922614117534e-07
0.29534838179078493	1.9484815582047464e-06	9.742407791023732e-07
0.29570406734964144	9.742407791023732e-07	6.888922614117534e-07
0.2960597523455192	1.4613611686535597e-06	8.437172641053988e-07
0.29641543677774085	9.742407791023732e-07	6.888922614117534e-07
0.2967711206456294	2.435601947755933e-06	1.0892343042626315e-06
0.2971268039485076	1.4613611686535597e-06	8.437172641053988e-07
0.29748248668569827	1.4613611686535597e-06	8.437172641053988e-07
0.2978381688565243	1.9484815582047464e-06	9.742407791023732e-07
0.29819385046030866	1.4613611686535597e-06	8.437172641053988e-07
0.2985495314963738	1.9484815582047464e-06	9.742407791023732e-07
0.2989052119640428	2.435601947755933e-06	1.0892343042626315e-06
0.2992608918626385	2.9227223373071193e-06	1.1931963977061773e-06
0.2996165711914836	2.9227223373071193e-06	1.1931963977061773e-06
0.2999722499499011	1.4613611686535597e-06	8.437172641053988e-07
0.3003279281372138	1.4613611686535597e-06	8.437172641053988e-07
0.3006836057527445	3.409842726858306e-06	1.288799409301346e-06
0.30103928279581604	1.4613611686535597e-06	8.437172641053988e-07
0.30139495926575127	3.409842726858306e-06	1.288799409301346e-06
0.3024619852299676	2.435601947755933e-06	1.0892343042626315e-06
0.3028176594005859	1.4613611686535597e-06	8.437172641053988e-07
0.30317333299468224	9.742407791023732e-07	6.888922614117534e-07
0.3035290060115794	2.435601947755933e-06	1.0892343042626315e-06
0.3038846784506001	4.871203895511866e-07	4.871203895511866e-07
0.3042403503110673	1.4613611686535597e-06	8.437172641053988e-07
0.3045960215923037	1.9484815582047464e-06	9.742407791023732e-07
0.3049516922936324	2.9227223373071193e-06	1.1931963977061773e-06
0.305307362414376	1.4613611686535597e-06	8.437172641053988e-07
0.3056630319538575	3.409842726858306e-06	1.288799409301346e-06
0.3060187009113997	1.4613611686535597e-06	8.437172641053988e-07
0.3063743692863255	9.742407791023732e-07	6.888922614117534e-07
0.3070857042856194	4.871203895511866e-07	4.871203895511866e-07
0.3074413709086331	1.4613611686535597e-06	8.437172641053988e-07
0.3077970369463218	9.742407791023732e-07	6.888922614117534e-07
0.30815270239800835	3.896963116409493e-06	1.3777845228235068e-06
0.3088640315406667	2.9227223373071193e-06	1.1931963977061773e-06
0.3092196952302842	2.435601947755933e-06	1.0892343042626315e-06
0.30957535833119093	1.4613611686535597e-06	8.437172641053988e-07
0.3099310208427099	9.742407791023732e-07	6.888922614117534e-07
0.31028668276416393	1.4613611686535597e-06	8.437172641053988e-07
0.310642344094876	1.4613611686535597e-06	8.437172641053988e-07
0.3113536649813653	2.435601947755933e-06	1.0892343042626315e-06
0.3117093245357884	1.9484815582047464e-06	9.742407791023732e-07
0.3120649834967609	4.871203895511866e-07	4.871203895511866e-07
0.3124206418636057	9.742407791023732e-07	6.888922614117534e-07
0.3127762996356456	1.9484815582047464e-06	9.742407791023732e-07
0.31313195681220385	4.871203895511866e-07	4.871203895511866e-07
0.31348761339260284	1.4613611686535597e-06	8.437172641053988e-07
0.31384326937616563	1.4613611686535597e-06	8.437172641053988e-07
0.3141989247622152	2.9227223373071193e-06	1.1931963977061773e-06
0.3145545795500744	9.742407791023732e-07	6.888922614117534e-07
0.31491023373906596	9.742407791023732e-07	6.888922614117534e-07
0.31526588732851285	1.9484815582047464e-06	9.742407791023732e-07
0.3159771927060645	3.409842726858306e-06	1.288799409301346e-06
0.3166884956773121	1.4613611686535597e-06	8.437172641053988e-07
0.31704414625887917	4.871203895511866e-07	4.871203895511866e-07
0.31739979623683895	2.435601947755933e-06	1.0892343042626315e-06
0.3177554456105142	9.742407791023732e-07	6.888922614117534e-07
0.318111094379228	1.9484815582047464e-06	9.742407791023732e-07
0.3184667425423033	9.742407791023732e-07	6.888922614117534e-07
0.3188223900990627	1.9484815582047464e-06	9.742407791023732e-07
0.31917803704882936	9.742407791023732e-07	6.888922614117534e-07
0.31953368339092597	2.435601947755933e-06	1.0892343042626315e-06
0.31988932912467566	9.742407791023732e-07	6.888922614117534e-07
0.3202449742494011	2.435601947755933e-06	1.0892343042626315e-06
0.32060061876442536	2.435601947755933e-06	1.0892343042626315e-06
0.3209562626690713	9.742407791023732e-07	6.888922614117534e-07
0.32131190596266174	9.742407791023732e-07	6.888922614117534e-07
0.32166754864451974	3.409842726858306e-06	1.288799409301346e-06
0.3220231907139681	2.9227223373071193e-06	1.1931963977061773e-06
0.32237883217032987	1.9484815582047464e-06	9.742407791023732e-07
0.3227344730129276	1.9484815582047464e-06	9.742407791023732e-07
0.3230901132410846	2.435601947755933e-06	1.0892343042626315e-06
0.32344575285412364	1.4613611686535597e-06	8.437172641053988e-07
0.32380139185136747	1.4613611686535597e-06	8.437172641053988e-07
0.3241570302321392	2.435601947755933e-06	1.0892343042626315e-06
0.3245126679957617	4.871203895511866e-07	4.871203895511866e-07
0.324868305141558	2.435601947755933e-06	1.0892343042626315e-06
0.32522394166885077	1.4613611686535597e-06	8.437172641053988e-07
0.32557957757696304	9.742407791023732e-07	6.888922614117534e-07
0.3259352128652178	9.742407791023732e-07	6.888922614117534e-07
0.32629084753293786	2.435601947755933e-06	1.0892343042626315e-06
0.32664648157944626	3.409842726858306e-06	1.288799409301346e-06
0.32700211500406584	9.742407791023732e-07	6.888922614117534e-07
0.3273577478061195	2.9227223373071193e-06	1.1931963977061773e-06
0.3277133799849303	9.742407791023732e-07	6.888922614117534e-07
0.328069011539821	2.435601947755933e-06	1.0892343042626315e-06
0.3284246424701146	2.435601947755933e-06	1.0892343042626315e-06
0.328780272775134	1.9484815582047464e-06	9.742407791023732e-07
0.32913590245420227	1.9484815582047464e-06	9.742407791023732e-07
0.32949153150664207	2.9227223373071193e-06	1.1931963977061773e-06
0.3298471599317766	1.9484815582047464e-06	9.742407791023732e-07
0.3302027877289287	1.4613611686535597e-06	8.437172641053988e-07
0.33055841489742127	1.9484815582047464e-06	9.742407791023732e-07
0.33091404143657727	1.9484815582047464e-06	9.742407791023732e-07
0.3312696673457196	2.9227223373071193e-06	1.1931963977061773e-06
0.33162529262417134	1.9484815582047464e-06	9.742407791023732e-07
0.33198091727125517	3.896963116409493e-06	1.3777845228235068e-06
0.3323365412862943	4.871203895511866e-07	4.871203895511866e-07
0.33269216466861157	2.435601947755933e-06	1.0892343042626315e-06
0.3330477874175298	1.9484815582047464e-06	9.742407791023732e-07
0.3341146518571206	5.845444674614239e-06	1.6874345282107975e-06
0.3344702720656726	1.9484815582047464e-06	9.742407791023732e-07
0.3348258916374404	1.9484815582047464e-06	9.742407791023732e-07
0.33518151057174694	1.9484815582047464e-06	9.742407791023732e-07
0.3355371288679152	3.896963116409493e-06	1.3777845228235068e-06
0.33589274652526824	4.871203895511866e-07	4.871203895511866e-07
0.33624836354312876	1.9484815582047464e-06	9.742407791023732e-07
0.3366039799208199	1.4613611686535597e-06	8.437172641053988e-07
0.3369595956576646	1.9484815582047464e-06	9.742407791023732e-07
0.33731521075298576	3.409842726858306e-06	1.288799409301346e-06
0.3376708252061063	1.4613611686535597e-06	8.437172641053988e-07
0.33802643901634927	2.9227223373071193e-06	1.1931963977061773e-06
0.33838205218303774	1.9484815582047464e-06	9.742407791023732e-07
0.3387376647054943	3.896963116409493e-06	1.3777845228235068e-06
0.3394488878150046	2.435601947755933e-06	1.0892343042626315e-06
0.33980449840070404	9.742407791023732e-07	6.888922614117534e-07
0.3401601083394637	1.4613611686535597e-06	8.437172641053988e-07
0.34051571763060656	4.871203895511866e-07	4.871203895511866e-07
0.34087132627345545	9.742407791023732e-07	6.888922614117534e-07
0.34122693426733347	9.742407791023732e-07	6.888922614117534e-07
0.34158254161156354	3.409842726858306e-06	1.288799409301346e-06
0.3419381483054687	4.871203895511866e-07	4.871203895511866e-07
0.34229375434837184	2.435601947755933e-06	1.0892343042626315e-06
0.3426493597395961	1.4613611686535597e-06	8.437172641053988e-07
0.34300496447846435	1.4613611686535597e-06	8.437172641053988e-07
0.34336056856429936	9.742407791023732e-07	6.888922614117534e-07
0.34407177477416234	4.871203895511866e-07	4.871203895511866e-07
0.3444273768968362	3.896963116409493e-06	1.3777845228235068e-06
0.344782978363769	1.9484815582047464e-06	9.742407791023732e-07
0.34513857917428353	1.4613611686535597e-06	8.437172641053988e-07
0.34549417932770304	2.9227223373071193e-06	1.1931963977061773e-06
0.3458497788233503	2.9227223373071193e-06	1.1931963977061773e-06
0.3462053776605485	1.4613611686535597e-06	8.437172641053988e-07
0.34656097583862044	1.4613611686535597e-06	8.437172641053988e-07
0.3469165733568892	2.9227223373071193e-06	1.1931963977061773e-06
0.34727217021467777	1.4613611686535597e-06	8.437172641053988e-07
0.3476277664113091	2.435601947755933e-06	1.0892343042626315e-06
0.34798336194610624	4.871203895511866e-07	4.871203895511866e-07
0.3483389568183922	4.384083505960679e-06	1.4613611686535597e-06
0.34869455102749	4.871203895511866e-07	4.871203895511866e-07
0.3490501445727225	1.9484815582047464e-06	9.742407791023732e-07
0.34940573745341275	2.435601947755933e-06	1.0892343042626315e-06
0.34976132966888385	1.4613611686535597e-06	8.437172641053988e-07
0.3501169212184587	2.9227223373071193e-06	1.1931963977061773e-06
0.35047251210146035	4.871203895511866e-07	4.871203895511866e-07
0.35082810231721184	2.435601947755933e-06	1.0892343042626315e-06
0.351183691865036	4.871203895511866e-07	4.871203895511866e-07
0.3515392807442562	1.9484815582047464e-06	9.742407791023732e-07
0.35189486895419514	9.742407791023732e-07	6.888922614117534e-07
0.35225045649417586	1.4613611686535597e-06	8.437172641053988e-07
0.35260604336352147	1.9484815582047464e-06	9.742407791023732e-07
0.35296162956155486	2.9227223373071193e-06	1.1931963977061773e-06
0.3533172150875991	9.742407791023732e-07	6.888922614117534e-07
0.3536727999409773	1.4613611686535597e-06	8.437172641053988e-07
0.35402838412101245	1.4613611686535597e-06	8.437172641053988e-07
0.35438396762702745	2.435601947755933e-06	1.0892343042626315e-06
0.3547395504583454	1.9484815582047464e-06	9.742407791023732e-07
0.35509513261428927	2.9227223373071193e-06	1.1931963977061773e-06
0.35545071409418216	1.9484815582047464e-06	9.742407791023732e-07
0.3558062948973471	1.4613611686535597e-06	8.437172641053988e-07
0.3561618750231069	9.742407791023732e-07	6.888922614117534e-07
0.356517454470785	9.742407791023732e-07	6.888922614117534e-07
0.35687303323970404	1.9484815582047464e-06	9.742407791023732e-07
0.35722861132918715	1.9484815582047464e-06	9.742407791023732e-07
0.3575841887385575	1.4613611686535597e-06	8.437172641053988e-07
0.35793976546713796	9.742407791023732e-07	6.888922614117534e-07
0.35829534151425163	9.742407791023732e-07	6.888922614117534e-07
0.3586509168792215	9.742407791023732e-07	6.888922614117534e-07
0.35900649156137077	1.4613611686535597e-06	8.437172641053988e-07
0.3593620655600222	2.435601947755933e-06	1.0892343042626315e-06
0.359717638874499	9.742407791023732e-07	6.888922614117534e-07
0.3600732115041242	1.4613611686535597e-06	8.437172641053988e-07
0.3604287834482209	1.9484815582047464e-06	9.742407791023732e-07
0.3607843547061119	1.9484815582047464e-06	9.742407791023732e-07
0.3611399252771206	3.409842726858306e-06	1.288799409301346e-06
0.3614954951605697	1.4613611686535597e-06	8.437172641053988e-07
0.36185106435578246	1.4613611686535597e-06	8.437172641053988e-07
0.36220663286208177	1.9484815582047464e-06	9.742407791023732e-07
0.3625622006787909	2.435601947755933e-06	1.0892343042626315e-06
0.3629177678052326	2.9227223373071193e-06	1.1931963977061773e-06
0.36327333424073033	1.4613611686535597e-06	8.437172641053988e-07
0.3636288999846067	1.9484815582047464e-06	9.742407791023732e-07
0.36398446503618503	2.435601947755933e-06	1.0892343042626315e-06
0.3643400293947883	9.742407791023732e-07	6.888922614117534e-07
0.36469559305973953	1.9484815582047464e-06	9.742407791023732e-07
0.36505115603036187	9.742407791023732e-07	6.888922614117534e-07
0.3654067183059783	2.9227223373071193e-06	1.1931963977061773e-06
0.3657622798859119	2.9227223373071193e-06	1.1931963977061773e-06
0.3661178407694858	2.9227223373071193e-06	1.1931963977061773e-06
0.36647340095602304	1.9484815582047464e-06	9.742407791023732e-07
0.3668289604448465	1.9484815582047464e-06	9.742407791023732e-07
0.36718451923527945	1.9484815582047464e-06	9.742407791023732e-07
0.36754007732664495	2.435601947755933e-06	1.0892343042626315e-06
0.36789563471826586	9.742407791023732e-07	6.888922614117534e-07
0.3682511914094656	2.435601947755933e-06	1.0892343042626315e-06
0.3686067473995669	3.409842726858306e-06	1.288799409301346e-06
0.368962302687893	1.9484815582047464e-06	9.742407791023732e-07
0.36931785727376704	1.9484815582047464e-06	9.742407791023732e-07
0.3696734111565118	1.9484815582047464e-06	9.742407791023732e-07
0.37002896433545074	2.435601947755933e-06	1.0892343042626315e-06
0.37038451680990664	4.871203895511866e-07	4.871203895511866e-07
0.3707400685792028	2.435601947755933e-06	1.0892343042626315e-06
0.371095619642662	4.871203895511866e-07	4.871203895511866e-07
0.37145116999960776	1.4613611686535597e-06	8.437172641053988e-07
0.37180671964936285	2.9227223373071193e-06	1.1931963977061773e-06
0.3721622685912504	2.435601947755933e-06	1.0892343042626315e-06
0.37251781682459345	9.742407791023732e-07	6.888922614117534e-07
0.37287336434871515	3.409842726858306e-06	1.288799409301346e-06
0.3732289111629386	1.4613611686535597e-06	8.437172641053988e-07
0.37358445726658696	4.871203895511866e-07	4.871203895511866e-07
0.3739400026589831	9.742407791023732e-07	6.888922614117534e-07
0.3742955473394503	9.742407791023732e-07	6.888922614117534e-07
0.37465109130731167	1.4613611686535597e-06	8.437172641053988e-07
0.3750066345618901	9.742407791023732e-07	6.888922614117534e-07
0.375362177102509	1.9484815582047464e-06	9.742407791023732e-07
0.37571771892849115	9.742407791023732e-07	6.888922614117534e-07
0.3760732600391598	1.9484815582047464e-06	9.742407791023732e-07
0.37642880043383814	9.742407791023732e-07	6.888922614117534e-07
0.3767843401118491	9.742407791023732e-07	6.888922614117534e-07
0.3771398790725157	2.9227223373071193e-06	1.1931963977061773e-06
0.3774954173151614	2.435601947755933e-06	1.0892343042626315e-06
0.377850954839109	9.742407791023732e-07	6.888922614117534e-07
0.37820649164368186	3.409842726858306e-06	1.288799409301346e-06
0.3785620277282028	2.9227223373071193e-06	1.1931963977061773e-06
0.3789175630919951	2.9227223373071193e-06	1.1931963977061773e-06
0.3792730977343818	1.4613611686535597e-06	8.437172641053988e-07
0.379628631654686	1.9484815582047464e-06	9.742407791023732e-07
0.37998416485223097	1.9484815582047464e-06	9.742407791023732e-07
0.38033969732633965	1.4613611686535597e-06	8.437172641053988e-07
0.38069522907633524	1.9484815582047464e-06	9.742407791023732e-07
0.38105076010154093	9.742407791023732e-07	6.888922614117534e-07
0.38140629040127966	2.435601947755933e-06	1.0892343042626315e-06
0.38176181997487457	4.871203895511866e-07	4.871203895511866e-07
0.38211734882164894	9.742407791023732e-07	6.888922614117534e-07
0.3824728769409258	2.9227223373071193e-06	1.1931963977061773e-06
0.3828284043320283	3.896963116409493e-06	1.3777845228235068e-06
0.38318393099427944	9.742407791023732e-07	6.888922614117534e-07
0.3835394569270026	1.4613611686535597e-06	8.437172641053988e-07
0.3838949821295207	3.409842726858306e-06	1.288799409301346e-06
0.3842505066011569	4.871203895511866e-07	4.871203895511866e-07
0.38460603034123436	2.435601947755933e-06	1.0892343042626315e-06
0.38531707562400563	9.742407791023732e-07	6.888922614117534e-07
0.3856725971653458	4.871203895511866e-07	4.871203895511866e-07
0.38602811797241965	1.4613611686535597e-06	8.437172641053988e-07
0.38638363804455045	1.9484815582047464e-06	9.742407791023732e-07
0.3867391573810614	3.896963116409493e-06	1.3777845228235068e-06
0.3870946759812756	1.4613611686535597e-06	8.437172641053988e-07
0.387450193844516	2.435601947755933e-06	1.0892343042626315e-06
0.3878057109701061	9.742407791023732e-07	6.888922614117534e-07
0.38816122735736874	1.4613611686535597e-06	8.437172641053988e-07
0.3885167430056271	3.896963116409493e-06	1.3777845228235068e-06
0.3888722579142046	1.9484815582047464e-06	9.742407791023732e-07
0.3895832855096088	9.742407791023732e-07	6.888922614117534e-07
0.3899387981950821	1.4613611686535597e-06	8.437172641053988e-07
0.3902943101381668	1.4613611686535597e-06	8.437172641053988e-07
0.39064982133818626	2.9227223373071193e-06	1.1931963977061773e-06
0.39100533179446356	2.435601947755933e-06	1.0892343042626315e-06
0.3913608415063219	1.4613611686535597e-06	8.437172641053988e-07
0.3917163504730844	1.9484815582047464e-06	9.742407791023732e-07
0.39207185869407435	4.871203895511866e-07	4.871203895511866e-07
0.3924273661686148	9.742407791023732e-07	6.888922614117534e-07
0.39278287289602876	2.9227223373071193e-06	1.1931963977061773e-06
0.39313837887563985	1.4613611686535597e-06	8.437172641053988e-07
0.39349388410677066	1.4613611686535597e-06	8.437172641053988e-07
0.3938493885887448	1.9484815582047464e-06	9.742407791023732e-07
0.3942048923208853	9.742407791023732e-07	6.888922614117534e-07
0.3945603953025152	9.742407791023732e-07	6.888922614117534e-07
0.39491589753295786	4.871203895511866e-07	4.871203895511866e-07
0.39527139901153635	3.409842726858306e-06	1.288799409301346e-06
0.3956268997375739	1.4613611686535597e-06	8.437172641053988e-07
0.3959823997103938	1.9484815582047464e-06	9.742407791023732e-07
0.3966933973936727	1.9484815582047464e-06	9.742407791023732e-07
0.39704889510277824	1.4613611686535597e-06	8.437172641053988e-07
0.3974043920559587	9.742407791023732e-07	6.888922614117534e-07
0.3977598882525372	9.742407791023732e-07	6.888922614117534e-07
0.3981153836918371	1.4613611686535597e-06	8.437172641053988e-07
0.39847087837318146	3.409842726858306e-06	1.288799409301346e-06
0.39882637229589357	4.871203895511866e-07	4.871203895511866e-07
0.39918186545929646	9.742407791023732e-07	6.888922614117534e-07
0.3995373578627135	1.4613611686535597e-06	8.437172641053988e-07
0.39989284950546766	9.742407791023732e-07	6.888922614117534e-07
0.4002483403868824	1.4613611686535597e-06	8.437172641053988e-07
0.40060383050628073	1.9484815582047464e-06	9.742407791023732e-07
0.40095931986298583	9.742407791023732e-07	6.888922614117534e-07
0.4013148084563211	2.435601947755933e-06	1.0892343042626315e-06
0.4020257833501745	1.9484815582047464e-06	9.742407791023732e-07
0.4023812696493391	1.9484815582047464e-06	9.742407791023732e-07
0.4027367551824264	1.4613611686535597e-06	8.437172641053988e-07
0.40309223994875987	9.742407791023732e-07	6.888922614117534e-07
0.40344772394766265	9.742407791023732e-07	6.888922614117534e-07
0.40380320717845775	1.4613611686535597e-06	8.437172641053988e-07
0.4041586896404687	2.435601947755933e-06	1.0892343042626315e-06
0.4045141713330184	4.871203895511866e-07	4.871203895511866e-07
0.4048696522554303	1.4613611686535597e-06	8.437172641053988e-07
0.40522513240702757	9.742407791023732e-07	6.888922614117534e-07
0.4055806117871333	4.871203895511866e-07	4.871203895511866e-07
0.40629156823016316	1.4613611686535597e-06	8.437172641053988e-07
0.4066470452917338	1.4613611686535597e-06	8.437172641053988e-07
0.4070025215791058	1.9484815582047464e-06	9.742407791023732e-07
0.4073579970916025	4.871203895511866e-07	4.871203895511866e-07
0.4080689457892628	1.4613611686535597e-06	8.437172641053988e-07
0.4084244189730727	2.435601947755933e-06	1.0892343042626315e-06
0.40877989137930026	9.742407791023732e-07	6.888922614117534e-07
0.4091353630072685	4.871203895511866e-07	4.871203895511866e-07
0.4094908338563008	1.4613611686535597e-06	8.437172641053988e-07
0.40984630392572036	1.4613611686535597e-06	8.437172641053988e-07
0.4102017732148503	4.871203895511866e-07	4.871203895511866e-07
0.41055724172301405	4.871203895511866e-07	4.871203895511866e-07
0.4109127094495348	4.871203895511866e-07	4.871203895511866e-07
0.4112681763937356	2.435601947755933e-06	1.0892343042626315e-06
0.41162364255494	4.871203895511866e-07	4.871203895511866e-07
0.4119791079324709	9.742407791023732e-07	6.888922614117534e-07
0.41233457252565175	9.742407791023732e-07	6.888922614117534e-07
0.41269003633380585	4.871203895511866e-07	4.871203895511866e-07
0.4130454993562564	1.4613611686535597e-06	8.437172641053988e-07
0.4134009615923265	1.9484815582047464e-06	9.742407791023732e-07
0.4137564230413396	2.9227223373071193e-06	1.1931963977061773e-06
0.4141118837026187	1.9484815582047464e-06	9.742407791023732e-07
0.4144673435754874	1.4613611686535597e-06	8.437172641053988e-07
0.41482280265926874	9.742407791023732e-07	6.888922614117534e-07
0.41517826095328586	1.4613611686535597e-06	8.437172641053988e-07
0.4155337184568623	2.435601947755933e-06	1.0892343042626315e-06
0.41588917516932117	2.435601947755933e-06	1.0892343042626315e-06
0.4162446310899857	1.9484815582047464e-06	9.742407791023732e-07
0.41660008621817934	9.742407791023732e-07	6.888922614117534e-07
0.41695554055322503	3.409842726858306e-06	1.288799409301346e-06
0.4173109940944462	4.871203895511866e-07	4.871203895511866e-07
0.4176664468411663	1.9484815582047464e-06	9.742407791023732e-07
0.41802189879270835	1.9484815582047464e-06	9.742407791023732e-07
0.41837734994839554	1.9484815582047464e-06	9.742407791023732e-07
0.4187328003075515	2.435601947755933e-06	1.0892343042626315e-06
0.4190882498694993	4.871203895511866e-07	4.871203895511866e-07
0.41944369863356207	4.871203895511866e-07	4.871203895511866e-07
0.4197991465990634	2.435601947755933e-06	1.0892343042626315e-06
0.4201545937653263	9.742407791023732e-07	6.888922614117534e-07
0.42051004013167415	1.4613611686535597e-06	8.437172641053988e-07
0.4208654856974303	2.9227223373071193e-06	1.1931963977061773e-06
0.42122093046191794	2.9227223373071193e-06	1.1931963977061773e-06
0.4215763744244603	1.9484815582047464e-06	9.742407791023732e-07
0.4219318175843808	4.871203895511866e-07	4.871203895511866e-07
0.42228725994100264	1.9484815582047464e-06	9.742407791023732e-07
0.4226427014936492	1.9484815582047464e-06	9.742407791023732e-07
0.42299814224164367	3.409842726858306e-06	1.288799409301346e-06
0.42335358218430924	4.871203895511866e-07	4.871203895511866e-07
0.4237090213209695	2.435601947755933e-06	1.0892343042626315e-06
0.42406445965094747	1.4613611686535597e-06	8.437172641053988e-07
0.4244198971735666	1.9484815582047464e-06	9.742407791023732e-07
0.42477533388815014	4.871203895511866e-07	4.871203895511866e-07
0.4251307697940214	2.9227223373071193e-06	1.1931963977061773e-06
0.42548620489050376	1.4613611686535597e-06	8.437172641053988e-07
0.42584163917692036	9.742407791023732e-07	6.888922614117534e-07
0.42619707265259454	2.9227223373071193e-06	1.1931963977061773e-06
0.42655250531684963	1.4613611686535597e-06	8.437172641053988e-07
0.426907937169009	1.4613611686535597e-06	8.437172641053988e-07
