#File generated by ModelExp v0.5.9
#Read datafile: ../../experimental_data/AH11.xye
#Started Fit at 2018-12-10 18:44:45.231369
#Finished Fit at 2018-12-10 18:44:45.281328
#[[Fit Statistics]]
#    # fitting method   = leastsq
#    # function evals   = 13
#    # data points      = 193
#    # variables        = 3
#    chi-square         = 22794.8808
#    reduced chi-square = 119.973057
#    Akaike info crit   = 926.919007
#    Bayesian info crit = 936.707078
#[[Variables]]
#    r:           55.4335019 +/- 0.11464858 (0.21%) (init = 55.36)
#    sldCore:     4.067e-05 (fixed)
#    sldSolvent:  6.46e-06 (fixed)
#    sigR:        0.13544495 +/- 0.00192714 (1.42%) (init = 0.13525)
#    i0:          0.04202652 +/- 2.2289e-04 (0.53%) (init = 0.042)
#    bg:          0 (fixed)
#[[Correlations]] (unreported correlations are < 0.100)
#    C(r, i0)    = -0.900
#    C(r, sigR)  = -0.899
#    C(sigR, i0) =  0.678

#[[Data]] 0
#q / A-1	I / cm-1	sI / cm-1	Imodel / cm-1
0.01131194758754892	32.065006	0.04775426052844746	31.45721167402764
0.011905996123380665	31.679499	0.04620835677050425	31.111480513728377
0.012500044659212409	31.225212	0.044758782689056975	30.751833402666886
0.013094093195044156	30.740604	0.04337716756248974	30.3787943852917
0.013369647792895773	30.80652	0.07459181682169455	30.201360277540918
0.0136881417308759	30.275724	0.042100481593456314	29.99290346151834
0.014282190266707646	29.790823	0.04085979426900188	29.594715369425924
0.01487623880253939	29.395212	0.0397651914484678	29.184798343054737
0.01547028733837114	28.931253	0.0386945724921541	28.763732848984827
0.015798632898359533	29.312265	0.04716710840364552	28.526430928368345
0.016064335874202883	28.377964	0.037591321992339395	28.33211030541251
0.016658384410034626	27.997828	0.03665469347202488	27.890531787464088
0.017252432945866376	27.487005	0.0358536239802604	27.439606722495363
0.01784648148169812	27.038029	0.036141113281086434	26.979951579122062
0.01822761800382329	27.08825	0.03343871644179729	26.680731641385027
0.018440530017529867	26.517208	0.03591903512942968	26.512188553708523
0.019034578553361613	25.955112	0.03548631190400471	26.036944258012532
0.019628627089193357	25.46397	0.03500805944918652	25.554848411640716
0.020222675625025104	24.902328	0.03446620055951331	25.066532542914167
0.020656603109287047	24.979633	0.02939579153072692	24.706270779824347
0.02081672416085685	24.410368	0.03393904112793854	24.57262870167609
0.021410772696688594	23.907099	0.032699638517429	24.073768187494405
0.02200482123252034	23.318203	0.031157138377328912	23.570580296621802
0.022598869768352084	22.845955	0.030145269904724395	23.06369109097458
0.023085588214750808	22.72847	0.02652974470912255	22.646061354091845
0.02319291830418383	22.277191	0.02921335444197206	22.55372219228002
0.023786966840015578	21.784775	0.02837509665957635	22.04128960442124
0.02438101537584732	21.325294	0.027634348821425684	21.527002566877798
0.024975063911679068	20.783693	0.02687522579621678	21.01146244202193
0.02551457332021457	20.644352	0.024053346455213186	20.542665650148248
0.02556911244751081	20.249628	0.026485087443186707	20.495261638883573
0.02616316098334256	19.795397	0.026555097714845856	19.97898257584356
0.026757209519174305	19.272184	0.026270836268036616	19.46319668455442
0.02735125805500605	18.814495	0.025845782243252614	18.948463457221823
0.02794355842567833	18.524305	0.021768166702536968	18.436836718703514
0.0279453065908378	18.210041	0.02541594935372172	18.435329539209384
0.028539355126669542	17.722195	0.024998834933132975	17.92432786875366
0.029133403662501285	17.217077	0.02455336656823327	17.415976865398004
0.029727452198333032	16.649094	0.02405093347759036	16.910779668571912
0.030321500734164775	16.196934	0.023614680135697567	16.40922342755923
0.030372543531142084	16.416037	0.01965894189408485	16.366313153740375
0.030915549269996526	15.727462	0.02303720362576276	15.911778643913621
0.03150959780582827	15.263395	0.02183760882025677	15.418898567194327
0.03210364634166001	14.729432	0.020917135549473803	14.931018644709878
0.032697694877491766	14.275287	0.0202360907611803	14.448556025773314
0.03280152863660584	14.392772	0.01771449608370029	14.364812515827595
0.033291743413323506	13.780213	0.01961873683246169	13.971909120789585
0.03388579194915525	13.338884	0.01910124098759293	13.501457215315238
0.034479840484987	12.885727	0.018591167309414444	13.037560139053351
0.035073889020818746	12.44085	0.018070215245157346	12.580557989572156
0.035230513742069605	12.553432	0.015967333927033135	12.461255731550057
0.035667937556650486	12.021995	0.017556360074490546	12.130770910366502
0.03626198609248223	11.583774	0.017056715917860416	11.688498922715922
0.03685603462831398	11.160534	0.016562990479525422	11.254021810633581
0.03745008316414573	10.7484045	0.016095283772103328	10.827599058046138
0.03765949884753336	10.7857	0.014318442239226003	10.679240759919695
0.038044131699977474	10.31936	0.015575706659124448	10.409469837197218
0.03863818023580922	9.918255	0.015099812841215844	9.999853047125953
0.03923222877164096	9.424126	0.014963781634134856	9.598947400938544
0.03982627730747271	8.977169	0.014639887383868224	9.206931560464119
0.04008848395299712	9.133841	0.012776664318806875	9.03676970575335
0.040420325843304454	8.702566	0.013950500219342505	8.823964316768148
0.0410143743791362	8.426501	0.013511719935491977	8.450184814885738
0.04160842291496795	8.055609	0.013113148026121473	8.085712821035575
0.042202471450799695	7.6936173	0.012702218300462911	7.730649030481437
0.04251746905846088	7.6686535	0.011713129757059097	7.54622026543093
0.04279651998663144	7.344165	0.012328527851976053	7.3850754141237545
0.04339056852246318	7.0322685	0.011966503390574139	7.0490556018274155
0.04398461705829493	6.7284327	0.011629485141272867	6.722635300425282
0.044578665594126675	6.3705688	0.011223660205262947	6.405842744278765
0.04494645416392464	6.3076773	0.010712074793998628	6.214540678763587
0.04517271412995842	6.0823936	0.010881481634833606	6.098689176227648
0.04576676266579016	5.778699	0.010529731342875638	5.801169356721318
0.046360811201621915	5.5110188	0.010233477663817417	5.51326209889225
0.046954859737453655	5.216687	0.009887138463506789	5.234930827310122
0.04737543926938839	5.1127334	0.009598088651323198	5.043637831315461
0.0475489082732854	4.9540186	0.009567246536451626	4.966124158140893
0.04814295680911715	4.7009206	0.009260990312088352	4.7067764984300515
0.048737005344948896	4.445814	0.008961980028966799	4.456808662231662
0.049331053880780636	4.2117195	0.008668437085388945	4.2161285013159375
0.049804424374852156	4.09482	0.008523049416691313	4.030921206405368
0.04992510241661238	3.9743507	0.008371732010234324	3.984631548206461
0.05051915095244413	3.7705898	0.008105141037335803	3.762201669324357
0.051113199488275876	3.5290928	0.007804108688154728	3.548711726049684
0.05170724802410762	3.3306582	0.007540350120675935	3.344024241550502
0.05223340948031592	3.2144973	0.007481841150574757	3.169961217414705
0.05230129655993937	3.140898	0.007277164246485589	3.1479920712764904
0.052895345095771124	2.9592683	0.007039633262846549	2.9604590750665087
0.053489393631602856	2.7761118	0.006774741590427635	2.781260788877883
0.0540834421674346	2.593585	0.006522993128050488	2.610225094208731
0.05466239458577968	2.4901388	0.006523716762731881	2.4512190466000523
0.05467749070326636	2.4407163	0.006287442974669617	2.4471728833533297
0.05527153923909809	2.2801416	0.006058966322937938	2.2919187187033905
0.05586558777492984	2.127263	0.0058306630547897385	2.144271484385363
0.05645963631076159	1.9995018	0.005620617351669606	2.0040350286047204
0.05705368484659334	1.8565158	0.005408716452906639	1.8710087951520304
0.05709137969124343	1.8832152	0.005618731040414553	1.8628062799721106
0.05764773338242507	1.7326959	0.00520740550233646	1.7449884426125861
0.058241781918256824	1.6200303	0.005005909070139888	1.6257664499105076
0.05883583045408857	1.5042756	0.004818988435827506	1.5131327069093856
0.05942987898992032	1.3926954	0.004616358918362708	1.4068750888841353
0.05952036479670719	1.4018819	0.004614180356075586	1.3912360112990554
0.060023927525752065	1.2971334	0.004447832203399101	1.3067800137726666
0.060617976061583805	1.1969168	0.0042764284655135805	1.2126329812103556
0.06121202459741555	1.113667	0.004092345547327576	1.1242190924452187
0.0618060731332473	1.0356191	0.003949436069306146	1.0413235503264613
0.06194934990217095	1.0202427	0.003800173661666373	1.022132234034021
0.062400121669079045	0.9582177	0.0037843902858380376	0.9637321386534338
0.06299417020491078	0.9098254	0.0036784135564332772	0.8912316802656158
0.06358821874074254	0.86523914	0.0035947213348900397	0.8236104733467564
0.06418226727657428	0.7908253	0.0034501928802214052	0.7606587055073266
0.06437833500763471	0.73242575	0.003147080444348645	0.7408707248895231
0.06477631581240603	0.68844837	0.003249169245518132	0.7021688452987283
0.06537036434823777	0.6450369	0.0031292132599337703	0.6479360109000596
0.06596441288406951	0.59400344	0.003047292789716925	0.5977583158031403
0.06655846141990127	0.55126935	0.002969532426882977	0.5514371914040346
0.06680732011309846	0.523861	0.0026199752563886665	0.5331317035882674
0.067152509955733	0.50771326	0.0028726577347668457	0.5087776864889464
0.06923630521856224	0.37541083	0.002200294825303066	0.38535180764684773
0.07166529032402598	0.28076667	0.0018891522016883982	0.285069881983922
0.07409427542948975	0.22339673	0.0016783317710164156	0.22116736513022495
0.07652326053495351	0.18965119	0.001541869513857193	0.18400936898594245
0.07895224564041725	0.17703946	0.00146970638252562	0.1654967139846005
0.08138123074588102	0.17717189	0.0014439587652414307	0.15904211512862748
0.0838102158513448	0.18635158	0.001448973388358439	0.15948542857773543
0.08623920095680854	0.1962302	0.0014548536815961093	0.16296345324575728
0.0886681860622723	0.20577608	0.0014598572934422305	0.16674938672560366
0.09109717116773607	0.20811419	0.0014465168235611547	0.16907584897208108
0.09352615627319981	0.2094128	0.0014308747908436765	0.16895361964881303
0.09595514137866357	0.20954281	0.0014092919880233001	0.1659960970922627
0.09838412648412734	0.20387985	0.001375006116032081	0.16025717674270254
0.10081311158959111	0.19388093	0.0013278089849134227	0.1520879385306048
0.10324209669505485	0.18264593	0.0012787652701247373	0.14201536793594988
0.10567108180051861	0.16696179	0.0012190462952265146	0.1306444201270227
0.10810006690598238	0.15173386	0.0011576934524217648	0.11858314003460563
0.11052905201144612	0.13476315	0.001091541495879883	0.10638930833861049
0.11295803711690988	0.11944717	0.0010294911186683223	0.0945361989233596
0.11538702222237365	0.10372328	0.0009674533002630106	0.08339448767776468
0.11781600732783742	0.09041265	0.0009143524509511753	0.07322710764483639
0.12024499243330117	0.07893044	0.0008842456029766007	0.06419385165750999
0.12267397753876493	0.06886841	0.0008522260033206663	0.05636272496826572
0.12510296264422868	0.060590692	0.0008162754457376584	0.04972539037372574
0.12753194774969243	0.052318785	0.00075992044686591	0.04421447358745503
0.1299609328551562	0.04726763	0.0007203844166343876	0.039720959996575336
0.13238991796061997	0.043206222	0.0006932625594007604	0.03611037644745972
0.1348189030660837	0.038865823	0.00066712880266601	0.033236883350585396
0.13724788817154748	0.03559789	0.0006529602158735163	0.030954782231187274
0.13967687327701125	0.034009226	0.0006385365089628919	0.02912725936261066
0.142105858382475	0.03271865	0.0006275894354864756	0.02763243212227206
0.14453484348793874	0.030115176	0.0006106660456366261	0.02636694199734315
0.1469638285934025	0.030599607	0.0006062654534876547	0.025247452027303833
0.14939281369886626	0.030242965	0.0006135891626507635	0.024210465239521778
0.15182179880433003	0.028659483	0.0006111725761273652	0.023210894373245573
0.1542507839097938	0.02861063	0.0006110877591015729	0.022219792555482728
0.15667976901525757	0.026829451	0.0006052815473466144	0.02122160994866462
0.1591087541207213	0.025959747	0.0005994991877238927	0.020211282139523983
0.16153773922618508	0.024973974	0.0005936256441758623	0.01919139020581334
0.16396672433164883	0.023979453	0.0005857359421878594	0.018169566406138996
0.16639570943711257	0.0228665	0.0005647782481032523	0.017156258060797038
0.16882469454257634	0.021496953	0.0005504803042303175	0.01616290863064348
0.1712536796480401	0.020498784	0.0005369999063723926	0.015200571063470064
0.17368266475350386	0.020207532	0.0005263887831632203	0.014278934805065792
0.17611164985896763	0.018275099	0.000515182201152193	0.01340572419889665
0.1785406349644314	0.01710259	0.0005032453767407742	0.012586411406446323
0.18096962006989514	0.017033953	0.000498270766543666	0.011824180138433067
0.1833986051753589	0.015442975	0.0004888953310639009	0.011120075856495918
0.18582759028082266	0.014002629	0.00048088901135660475	0.010473282106192132
0.18825657538628643	0.014447985	0.0004767047397883592	0.009881469781155568
0.19068556049175017	0.012834389	0.0004629170163767201	0.009341175071930666
0.19311454559721394	0.012085749	0.00045638639525221163	0.008848171519268502
0.19554353070267771	0.011248222	0.00045137758074308306	0.00839781110975323
0.19797251580814146	0.010637423	0.00044286353080174267	0.007985318098989263
0.2004015009136052	0.010289783	0.00043718560219113564	0.007606026820440577
0.20283048601906897	0.009584371	0.00043372710111954857	0.007255560921371773
0.20525947112453272	0.009260798	0.00042963420195621507	0.00692995619970042
0.20768845622999646	0.008538581	0.0004241201370733723	0.006625732552409967
0.21011744133546026	0.007983014	0.0004184129492437542	0.006339922625102557
0.212546426440924	0.008527258	0.00041789511908562027	0.006070065761820454
0.21497541154638777	0.007060468	0.00040990449536703103	0.005814176007428601
0.21740439665185152	0.007053213	0.00040743518203562425	0.0055706924278804675
0.21983338175731526	0.006891271	0.00040352503164471914	0.005338419090144055
0.22226236686277906	0.0065816734	0.00040046352951223716	0.0051164608633549975
0.2246913519682428	0.0064078365	0.0003974856765087897	0.004904159915645953
0.22712033707370655	0.0058574323	0.0003925110537390714	0.004701036504012514
0.22954932217917035	0.006355852	0.0003911107787134161	0.0045067364720397084
0.2319783072846341	0.005286135	0.00038570228104366466	0.0043209868371553144
0.23440729239009783	0.0056980234	0.00038293678068924487	0.004143559994663738
0.2368362774955616	0.004807189	0.0003797189399383992	0.003974246399085007
0.23926526260102535	0.0046654474	0.0003756355196334519	0.0038128350979782454
0.2416942477064891	0.005034929	0.0003757879436848044	0.0036591011727876975
0.2441232328119529	0.004638491	0.000371780602582253	0.0035127989624356088
0.24655221791741663	0.004043814	0.0003686565521897383	0.0033736598826702856
0.24898120302288038	0.003687691	0.00037143038086750747	0.0032413936814585484
