#Data reduced with Dominiques SARed v. 1.0
#wavelength: 5.1386
#q/A-1 	 Icorr/a.u. 	 sIcorr /a.u. 	Ispec/a.u. 	 sIspec/a.u. 	 Ibg/a.u. 	 sIbg/a.u. 	 2th/°
0.0	0.0037804245021277228	0.00048189983203158267	0.005232172121101856	0.00018164546606189288	0.0014517476189741334	0.00044635453707924305	0.0
0.00034145415721603483	0.011349212107500388	0.0013231348860400847	0.016547561962893677	0.000322893740557001	0.005198349855393289	0.0012831311542338204	0.016000000000000014
0.000682908307775245	0.013936024906231432	0.0019564531463930855	0.021838484764482653	0.00037064717810113713	0.00790245985825122	0.0019210230564459833	0.03200000000000003
0.0010243624450208065	0.010452506420116615	0.0018150450294082778	0.017768025766425506	0.0003339862255166528	0.007315519346308892	0.001784052033979064	0.04800000000000004
0.0013658165622958943	0.007959976284739299	0.0012318665695183883	0.012855754971971953	0.00028375269032246636	0.004895778687232655	0.0011987408626687273	0.06400000000000006
0.0017072706529436851	0.009157469460729902	0.0007008615259563992	0.011792829290135181	0.0002714470053919014	0.002635359829405279	0.0006461605077917571	0.08000000000000007
0.002048724710307356	0.014293483905980335	0.000445531197077987	0.015604483701441407	0.0003119774147724661	0.0013109997954610713	0.0003180693953237764	0.09600000000000009
0.002390178727730083	0.022622884142621612	0.00041268637371092044	0.023287984401585877	0.0003808201081962532	0.0006651002589642648	0.00015901599994989023	0.1120000000000001
0.002731632698555046	0.03095774964512385	0.0004591696689349773	0.03148180367241686	0.0004423607951835786	0.0005240540272930125	0.0001231004132990977	0.1280000000000001
0.003073086616125423	0.03774123953847901	0.0005085462790474871	0.03837444992791758	0.0004878721967207946	0.0006332103894385716	0.00014352713192937032	0.14400000000000013
0.0034145404737843947	0.043259036149470624	0.000552734353728735	0.04408129112520233	0.000522296283884351	0.0008222549757317029	0.00018089183959626185	0.16000000000000014
0.0037559942648751404	0.04823948311311689	0.0005946367394214327	0.04924862234587871	0.0005513568344788448	0.00100913923276182	0.00022270719104514929	0.17600000000000016
0.004097447982740846	0.0528311102268808	0.0006378165173526769	0.054065340951766606	0.000576883012095268	0.0012342307248858096	0.00027205863368727793	0.19200000000000017
0.0044389016207246924	0.0570936168538699	0.0006853755301581541	0.05865029279838539	0.0005999871349810506	0.0015566759445154925	0.00033129300505262924	0.20800000000000018
0.004780355172169867	0.06083056504064417	0.000722473699645467	0.0626675659731648	0.0006193261495814381	0.0018370009325206207	0.0003720260301699849	0.2240000000000002
0.005121808630419555	0.06473957027556387	0.0007606333730367339	0.06684193524792706	0.0006387721808750669	0.002102364972363189	0.0004129566915759448	0.2400000000000002
0.005463261988816949	0.06889218268207183	0.0008170973854115074	0.07137010777768679	0.0006592829689774766	0.0024779250956149692	0.0004826946281683329	0.2560000000000002
0.005804715240705238	0.07242207052577103	0.0008596304064698353	0.07520934656133897	0.000676063844774983	0.002787276035567939	0.0005309445484375576	0.27200000000000024
0.006146168379427613	0.07596820671568144	0.0008987627233391204	0.07901070481299921	0.0006920878189977228	0.0030424980973177704	0.0005734011542183425	0.28800000000000026
0.006487621398327273	0.08016036878750635	0.0009376806367672076	0.08345547327835617	0.00071031070551848	0.0032951044908498214	0.0006121304421395779	0.30400000000000027
0.006829074290747414	0.08489437445850435	0.0009856900686878837	0.08848505529017062	0.0007304146192156601	0.0035906808316662642	0.000661875664718055	0.3200000000000003
0.007170527050031234	0.0887779519889159	0.0010519551953013448	0.09279339951767962	0.0007471034557091664	0.004015447528763715	0.0007405715086262177	0.3360000000000003
0.007511979669521937	0.0929342459438551	0.0010957021562191022	0.09720112917021684	0.0007638742693963968	0.004266883226361741	0.0007855312315225351	0.3520000000000003
0.00785343214256273	0.09713571147340282	0.0011302060712618492	0.1016348885703279	0.0007803134633423467	0.004499177096925082	0.0008176042211509283	0.3680000000000003
0.008194884462496822	0.09932094694485366	0.0011745059103348318	0.10414754615618749	0.0007889409635315864	0.004826599211333826	0.0008700783237578696	0.38400000000000034
0.00853633662266742	0.09997822503936248	0.0012297829730983623	0.10520301737165572	0.0007917107783259131	0.005224792332293239	0.0009410420842901895	0.40000000000000036
0.008877788616417743	0.09908333716760938	0.0013046934963954395	0.10483040987955822	0.0007890165855634169	0.0057470727119488425	0.0010390755252831258	0.41600000000000037
0.009219240437091004	0.09819883015374903	0.0013526634645258907	0.10426513836499081	0.0007855838436286864	0.0060663082112417735	0.0011011614199983421	0.4320000000000004
0.009560692078030425	0.09972798274157285	0.0013896489731566742	0.10605411945725757	0.0007910082802532274	0.0063261367156847185	0.0011425542302955386	0.4480000000000004
0.009902143532579236	0.1054421831407265	0.0014469490262531584	0.11204147715164801	0.0008117885100862599	0.006599294010921518	0.0011977733088806468	0.4640000000000004
0.010243594794080657	0.11542652223719656	0.0015009728545960896	0.12216966944157895	0.0008465062981167518	0.006743147204382387	0.0012394944927199179	0.4800000000000004
0.010585045855877929	0.12586190591159388	0.0015638578467688721	0.1328098779184742	0.000881519055231803	0.006947972006880321	0.001291733532956315	0.49600000000000044
0.010926496711314277	0.13576549656311662	0.001667504835371774	0.1431630450308466	0.0009142360123968529	0.0073975484677299575	0.0013945411035982225	0.5120000000000005
0.011267947353732948	0.143635198765477	0.0017719482815912364	0.15149622696881943	0.0009394959907439658	0.007861028203342406	0.0015023807759719737	0.5280000000000005
0.011609397776477185	0.14489700365326033	0.0018089952367924998	0.1529322342424954	0.0009430003994496494	0.008035230589235082	0.0015437661783365233	0.5440000000000005
0.011950847972890236	0.13914287484347448	0.0017919957700629964	0.14721916034470714	0.0009244030481927189	0.008076285501232669	0.0015351637842314029	0.5600000000000005
0.01229229793631535	0.12745983257129553	0.0017096238330577007	0.1353476234467828	0.0008856443366011216	0.007887790875487266	0.001462343242746129	0.5760000000000005
0.012633747660095791	0.10999614764214687	0.0015487085112950631	0.11726231081652669	0.0008236884706662627	0.007266163174379823	0.0013115011842347853	0.5920000000000005
0.012975197137574815	0.08911660966633203	0.001379608988039137	0.09563759530369209	0.0007432448118294488	0.006520985637360057	0.0011622857263026932	0.6080000000000005
0.01331664636209569	0.07124901325885576	0.0012537929794528226	0.07719575210689433	0.0006670796787417333	0.0059467388480385795	0.001061603286324516	0.6240000000000006
0.013658095327001692	0.060983766734066816	0.0011901032475434776	0.066628375601229	0.0006189194050403603	0.005644608867162182	0.001016506030418914	0.6400000000000006
0.013999544025636088	0.05944214774475302	0.0011822092740206714	0.0650219941944048	0.0006104172771805111	0.005579846449651781	0.0010124275358266458	0.6560000000000006
0.01434099245134217	0.06803606313438261	0.0012374190749661713	0.07375709113761816	0.0006489830087843039	0.005721028003235559	0.0010535781989958824	0.6720000000000006
0.01468244059746322	0.0875043206918755	0.001346088951921215	0.0934809706760999	0.0007294748812899626	0.005976649984224397	0.0011312921214484569	0.6880000000000006
0.015023888457342531	0.11613751922103369	0.0014887565892510149	0.1226025759058723	0.0008343895491346499	0.006465056684838609	0.0012329599597445129	0.7040000000000006
0.015365336024323401	0.1430823530058446	0.0016938484781680455	0.150468635848993	0.0009233868312811396	0.007386282843148395	0.0014200279669107857	0.7200000000000006
0.015706783291749137	0.15367170393374008	0.0019032024747758908	0.1621860693442097	0.0009576684546786188	0.008514365410469616	0.0016447038611575463	0.7360000000000007
0.016048230252963046	0.14425468998536614	0.0019163332955514888	0.15317533370374026	0.000929709262229891	0.008920643718374113	0.0016757010435525727	0.7520000000000007
0.016389676901308443	0.11620366753009825	0.0017255605289445753	0.1244991521258286	0.0008373530104678396	0.008295484595730348	0.0015087740304339577	0.7680000000000007
0.01673112323012865	0.08026309275915436	0.0014155860351631848	0.08720370822549667	0.0007001602971404001	0.006940615466342316	0.0012303086528417542	0.7840000000000007
0.017072569232766996	0.0500190232280614	0.0010708067048921027	0.055249780195431	0.000556766682321893	0.005230756967369602	0.0009146791025808751	0.8000000000000007
0.017414014902566815	0.029285218593784343	0.000798472512121511	0.03310927855341762	0.00043048808575239583	0.003824059959633282	0.000672486699228226	0.8160000000000007
0.017755460232871452	0.017883883754119024	0.0006024384312938658	0.02069200977669542	0.0003398181928145098	0.0028081260225763967	0.000497449152509173	0.8320000000000007
0.018096905217024246	0.011864243015441023	0.00047830099965327435	0.01406866363915264	0.0002797941014893154	0.002204420623711616	0.0003879266774032281	0.8480000000000008
0.01843834984836856	0.008615524926258307	0.00040369180387064444	0.010460823668690885	0.00024096636608027342	0.001845298742432578	0.00032388621911159254	0.8640000000000008
0.018779794120247748	0.00698718972097429	0.00035301782236060546	0.008574132202899019	0.00021787474442393936	0.0015869424819247285	0.0002777628100491985	0.8800000000000008
0.01912123802600518	0.006508898689892573	0.00033672760808459086	0.008017340384694713	0.00021038089081417416	0.0015084416948021404	0.00026291702650571027	0.8960000000000008
0.019462681558984233	0.007936232432322034	0.0003545785511229981	0.00948450808764316	0.00022850246163699098	0.001548275655321125	0.00027113202308528595	0.9120000000000008
0.019804124712528293	0.011847114815935107	0.0003987021621948342	0.01350511918963743	0.0002723673657992036	0.001658004373702324	0.00029116907834871253	0.9280000000000008
0.020145567479980742	0.017874738629008062	0.00045181308504218523	0.019642876753759756	0.00032821953606411485	0.0017681381247516956	0.0003104947663990395	0.9440000000000008
0.02048700985468498	0.02393443831491171	0.0004879947421942698	0.025722110330889773	0.00037533806810608806	0.0017876720159780625	0.0003118656810866522	0.9600000000000009
0.02082845182998442	0.026181977157244032	0.0005048478787334597	0.02799931576262253	0.0003913446142304167	0.0018173386053785003	0.0003189369429440879	0.9760000000000009
0.02116989339922247	0.02359347261732484	0.000473793678274731	0.025263219965929017	0.00037148949847867855	0.0016697473486041766	0.0002940680229014355	0.9920000000000009
0.021511334555742535	0.01814696830705496	0.00040126408396952797	0.019464105794837767	0.0003258445584155277	0.0013171374877828058	0.0002341755513175835	1.008000000000001
0.02185277529288807	0.012416045182035292	0.0003317682503205536	0.01348266094877173	0.0002709278019714324	0.0010666157667364384	0.00019148968128776495	1.024000000000001
0.022194215604002494	0.008220999624551821	0.00027624208263666227	0.009124389690668535	0.00022257250601315343	0.0009033900661167137	0.00016361897135254623	1.040000000000001
0.02253565548242926	0.005925059270241168	0.00023574369620179032	0.006682857356361736	0.00019017014390442798	0.0007577980861205677	0.000139321235517961	1.056000000000001
0.022877094921511826	0.004845362453831015	0.00020858067464689964	0.005495727951627854	0.00017215198822009305	0.0006503654977968397	0.0001177692268295277	1.072000000000001
0.023218533914593643	0.004293074095217191	0.0001982242313746162	0.004922106757935288	0.0001626783224228581	0.0006290326627180973	0.00011326345093516264	1.088000000000001
0.023559972455018188	0.004608671733465997	0.00020299321692327	0.005245894065309871	0.00016773245016430343	0.0006372223318438745	0.0001143331591391457	1.104000000000001
0.02390141053612894	0.005631115157495089	0.0002211297323116068	0.006287223411450504	0.00018337413612037645	0.000656108253955415	0.00012358108558476307	1.120000000000001
0.024242848151269387	0.007373043977616416	0.00025437409375851015	0.008139652862453571	0.00020838009013500797	0.0007666088848371555	0.00014589008743156356	1.136000000000001
0.024584285293783033	0.011178134277648018	0.00030234434690979805	0.012049527657539092	0.00025324662854583923	0.0008713933798910737	0.0001651612825043389	1.152000000000001
0.024925721957013376	0.0180259366160338	0.0003717626903009031	0.01903046531938571	0.0003179223747791551	0.00100452870335191	0.00019269888820267652	1.168000000000001
0.02526715813430394	0.027664523787174516	0.00045250951661119124	0.02886911573691428	0.0003911702061987042	0.0012045919497397652	0.00022748787309691303	1.184000000000001
0.025608593818998247	0.038448677236727485	0.0005196557946253927	0.039746766402123476	0.0004584932327345354	0.0012980891653959906	0.00024459374567716035	1.200000000000001
0.025950029004439837	0.04574708504773336	0.000552975829908237	0.04701115134073413	0.0004981440156787067	0.001264066293000773	0.00024007250593559415	1.216000000000001
0.026291463683972244	0.04586991719536267	0.0005424625734646269	0.04701221549500352	0.0004977128679477182	0.0011422982996408559	0.00021574879997145514	1.232000000000001
0.026632897850939034	0.0393868303787131	0.0004952923106287054	0.04035504928936856	0.000460736538940499	0.0009682189106554617	0.0001817589465557394	1.248000000000001
0.02697433149868377	0.02952679152128153	0.00042036395261696175	0.03023764786260838	0.00039845412040722983	0.0007108563413268519	0.00013394090708314642	1.2640000000000011
0.027315764620550024	0.01983939625646522	0.0003401896882642614	0.020337754417459507	0.0003264497868411549	0.0004983581609942876	9.570559373777408e-05	1.2800000000000011
0.02765719720988138	0.012605281213481699	0.0002710584432345405	0.012993962179188977	0.0002606278114780594	0.0003886809657072782	7.4470286241492e-05	1.2960000000000012
0.027998629260021446	0.008094196655668903	0.00021680212887961712	0.008388600799948343	0.00020914073756437768	0.0002944041442794414	5.7125431970027205e-05	1.3120000000000012
0.02834006076431381	0.005568630729604186	0.00018078782248897899	0.0058197928330151515	0.00017398430671765048	0.00025116210341096586	4.912939828946719e-05	1.3280000000000012
0.028681491716102115	0.004109965164729501	0.00015585512412955794	0.004332477255082331	0.0001499378805284621	0.00022251209035282978	4.253765038260271e-05	1.3440000000000012
0.02902292210872996	0.003068415740347925	0.00013570380923972575	0.003271769644398876	0.00013016531203351888	0.00020335390405095137	3.837336817883649e-05	1.3600000000000012
0.029364351935540996	0.002315163905152078	0.00012075041904668032	0.0025191914434428515	0.00011412525236092515	0.00020402753829077327	3.9447312627149236e-05	1.3760000000000012
0.02970578118987888	0.0018191349309055966	0.00011066673419110944	0.0020269148925748407	0.00010230062349092511	0.0002077799616692443	4.2210288910331474e-05	1.3920000000000012
0.03004720986508726	0.0015465503789212683	0.00010287438856485079	0.0017528358114307788	9.505483260971765e-05	0.00020628543250951036	3.9341055147650276e-05	1.4080000000000013
0.030388637954509818	0.0012861191516984392	9.498702492116755e-05	0.001485865670078359	8.743973694450957e-05	0.00019974651837991963	3.710562364991963e-05	1.4240000000000013
0.03073006545149023	0.0012201376630892728	9.126730302055656e-05	0.0013954082263642408	8.464623885299825e-05	0.00017527056327496814	3.412821191752156e-05	1.4400000000000013
0.0310714923493722	0.0012994967605101286	9.027359023059605e-05	0.0014422055216153455	8.595326691833174e-05	0.00014270876110521685	2.759269829479508e-05	1.4560000000000013
0.03141291864149943	0.0013482720803490783	9.125027678197724e-05	0.001489772778777228	8.726102683392045e-05	0.00014150069842814976	2.6685692958536204e-05	1.4720000000000013
0.03175434432121564	0.0013807364825187424	9.224310255674491e-05	0.0015245404838803022	8.817687199626567e-05	0.00014380400136155972	2.7085590527960403e-05	1.4880000000000013
0.03209576938186455	0.001365228308204211	9.046144370004921e-05	0.0014924799697065977	8.713374308825306e-05	0.00012725166150238655	2.4310154498223266e-05	1.5040000000000013
0.03243719381678992	0.0012600167688896565	8.794117768332856e-05	0.0013878099852724958	8.390376543603278e-05	0.00012779321638283931	2.6340252048641353e-05	1.5200000000000014
0.032778617619335496	0.0011072967027563117	8.423247409847356e-05	0.0012418082042252765	7.925071500931279e-05	0.00013451150146896482	2.8538287672225613e-05	1.5360000000000014
0.03312004078284504	0.0010624486209914283	8.064394779884697e-05	0.0011833439843937621	7.725314222288679e-05	0.00012089536340233374	2.313867613485225e-05	1.5520000000000014
0.033461463300662346	0.0010127639625692759	7.901392423357576e-05	0.001135600038027984	7.558122208620496e-05	0.0001228360754587081	2.3036473053508354e-05	1.5680000000000014
0.03380288516613119	0.0009908037793007341	7.940794635796357e-05	0.0011257099181170376	7.516449172652385e-05	0.0001349061388163034	2.561095719184558e-05	1.5840000000000014
0.03414430637259539	0.0011305641394266251	8.444643987793801e-05	0.001272729332976362	7.984795088650264e-05	0.00014216519354973687	2.7486468439667922e-05	1.6000000000000014
0.03448572691339876	0.0012410224975153452	8.778034325114496e-05	0.001386523204036766	8.326930846782702e-05	0.00014550070652142086	2.7777885603096226e-05	1.6160000000000014
0.03482714678188512	0.0014292839667498904	9.388208142886533e-05	0.0015871516270214822	8.899865061083871e-05	0.0001578676602715918	2.988453450977544e-05	1.6320000000000014
0.035168565971398336	0.0018217179701817184	0.00010508387507947577	0.00199404769065849	9.965626402752832e-05	0.0001723297204767716	3.333541422863125e-05	1.6480000000000015
0.035509984475282245	0.002550399155543195	0.00012376395086675246	0.002754787703250915	0.0001169909301082898	0.00020438854770771963	4.038115657760638e-05	1.6640000000000015
0.035851402286880725	0.0037939297359914984	0.00014940635084772884	0.0040355606364353425	0.00014141396292903413	0.00024163090044384433	4.8211500312066715e-05	1.6800000000000015
0.03619281939953766	0.005577317246076661	0.0001775398357082733	0.005844338103594768	0.00016997143982920693	0.0002670208575181073	5.128452891181674e-05	1.6960000000000015
0.036534235806596954	0.007993465508103455	0.0002103436639301294	0.008289394127724725	0.00020220734232528006	0.0002959286196212704	5.793658313447749e-05	1.7120000000000015
0.036875651501402505	0.010600317114279067	0.00024069520277649178	0.010928012088383496	0.00023194614804390132	0.0003276949741044283	6.430524898647936e-05	1.7280000000000015
0.03721706647729824	0.012550017588489273	0.0002598476382193606	0.012877883468704991	0.00025154618332848	0.0003278658802157181	6.515606449943437e-05	1.7440000000000015
0.037558480727628116	0.013248663269185898	0.00026520381693368876	0.013559610102777009	0.00025789269796490177	0.0003109468335911097	6.184190207764856e-05	1.7600000000000016
0.03789989424573607	0.01249836005403233	0.00025578992919079606	0.0127694716031422	0.0002500564702733526	0.0002711115491098692	5.3853965033824323e-05	1.7760000000000016
0.038241307024966066	0.010559293164948531	0.00023417203588373426	0.010782489316838	0.00022957234660244473	0.0002231961518894686	4.618527974777151e-05	1.7920000000000016
0.038582719058662104	0.008189022296308081	0.00020629723695601815	0.008388961649133577	0.0002022917829755067	0.00019993935282549674	4.04547218044817e-05	1.8080000000000016
0.03892413034016816	0.006047276887625688	0.0001778876463068388	0.0062299202548939305	0.00017414539176715795	0.00018264336726824275	3.629596719816211e-05	1.8240000000000016
0.03926554086282827	0.004356693895310242	0.00015087751196795167	0.004509929280091718	0.00014801905519302007	0.00015323538478147688	2.922982924009442e-05	1.8400000000000016
0.03960695061998643	0.003147648082071844	0.00012761332968515418	0.0032585301402093553	0.00012568813591785007	0.00011088205813751145	2.20828984245252e-05	1.8560000000000016
0.0399483596049867	0.0024125000998383656	0.00011208081166059157	0.0025109440597061196	0.00011022537968363305	9.844395986775384e-05	2.0309456322017406e-05	1.8720000000000017
0.04028976781117314	0.0018806486584200897	9.984391376183356e-05	0.0019812334306340386	9.783219359457243e-05	0.00010058477221394894	1.9941640147053043e-05	1.8880000000000017
0.04063117523188981	0.0014422023526193038	8.801042160212233e-05	0.001536139301786357	8.606417093742358e-05	9.393694916705309e-05	1.84063247672439e-05	1.9040000000000017
0.04097258186048079	0.0011980373072252568	8.044757319023365e-05	0.0012827327974557945	7.854834556140364e-05	8.469549023053763e-05	1.7377267960307267e-05	1.9200000000000017
0.04131398769029021	0.001001822049877635	7.479034652744283e-05	0.0010920599352160552	7.239118938666764e-05	9.023788533842023e-05	1.879126480252458e-05	1.9360000000000017
0.04165539271466216	0.0008511375864737234	6.996142282277277e-05	0.0009405995965354074	6.708847666899589e-05	8.9462010061684e-05	1.9842806797940248e-05	1.9520000000000017
0.041996796926940784	0.0008406224958788151	6.99887775123321e-05	0.0009361299178229955	6.682952110156734e-05	9.550742194418038e-05	2.0790480682415447e-05	1.9680000000000017
0.04233820032047024	0.0008663000153100705	7.011230797825883e-05	0.0009557911906886428	6.744814723270106e-05	8.94911753785724e-05	1.9143750022242158e-05	1.9840000000000018
0.04267960288859467	0.0008771206238577089	6.881791910094336e-05	0.0009475772057611755	6.709686305308532e-05	7.045658190346654e-05	1.529434398133827e-05	2.0000000000000018
0.04302100462465828	0.0009514996259639568	7.135906214925026e-05	0.0010211306789922059	6.959244441103088e-05	6.9631053028249e-05	1.5779969319302774e-05	2.016000000000002
0.043362405522005244	0.001023263605149902	7.347193836640968e-05	0.0010894342835720788	7.180938279381087e-05	6.617067842217691e-05	1.554150153908696e-05	2.032000000000002
0.04370380557397979	0.000980083263581031	7.099641124301895e-05	0.0010382595293555081	7.002792977198145e-05	5.8176265774477126e-05	1.1686721577855037e-05	2.048000000000002
0.04404520477392616	0.0009123144518590869	6.896178095966904e-05	0.0009745202297828587	6.777813980303732e-05	6.220577792377178e-05	1.2722067362237092e-05	2.064000000000002
0.04438660311518858	0.0008890944453086801	6.95732944394974e-05	0.0009680138140054405	6.749059404443923e-05	7.891936869676039e-05	1.689565076265794e-05	2.080000000000002
0.04472800059111132	0.0008536721418718109	6.908094093383873e-05	0.000936648087458411	6.634428418498406e-05	8.297594558659997e-05	1.9251294924928808e-05	2.096000000000002
0.04506939719503866	0.0008518753360357584	6.814131200946262e-05	0.0009278883645894183	6.599519851773148e-05	7.601302855365985e-05	1.69667962496208e-05	2.112000000000002
0.04541079292031489	0.0008527589967075915	6.744305862113945e-05	0.0009237888180997403	6.579054616746841e-05	7.102982139214884e-05	1.4838133007917793e-05	2.128000000000002
0.04575218776028434	0.0008771129319635593	6.840004895346584e-05	0.0009498860052201156	6.66513336786953e-05	7.27730732565564e-05	1.5367706910523184e-05	2.144000000000002
0.046093581708291344	0.0009590110917005785	7.208907642162831e-05	0.0010419488754856404	6.972887362335314e-05	8.293778378506186e-05	1.8295330621276416e-05	2.160000000000002
0.046434974757680235	0.0010556538463180251	7.559129081096244e-05	0.0011481466869817886	7.309854083135794e-05	9.249284066376342e-05	1.925218363702653e-05	2.176000000000002
0.04677636690179539	0.0012259387510322	7.990014244508148e-05	0.00130957497475991	7.797562465469037e-05	8.363622372770987e-05	1.7430855471122303e-05	2.192000000000002
0.04711775813398118	0.0014282500394623562	8.630989202389231e-05	0.0015204689683332106	8.393127355323587e-05	9.221892887085446e-05	2.0123090739442568e-05	2.208000000000002
0.04745914844758201	0.0017996899320060365	9.747150296021383e-05	0.0019190121627770955	9.419541029317125e-05	0.00011932223077105891	2.5058303394765206e-05	2.224000000000002
0.04780053783594233	0.0023193809113003293	0.00010907372920948864	0.002442937354681979	0.00010616627586810353	0.00012355644338165006	2.5016000319047674e-05	2.240000000000002
0.048141926292406545	0.0030194479678618594	0.00012322250452615266	0.0031495012242697086	0.00012042739313469852	0.000130053256407849	2.6096524758643334e-05	2.256000000000002
0.04848331381031912	0.0036530803868270855	0.00013418781790855362	0.003780480178434898	0.00013183334583225423	0.0001273997916078127	2.5026773698029926e-05	2.272000000000002
0.04882470038302454	0.003959685603540874	0.00013946662178864548	0.00408679938169451	0.00013696925813479766	0.0001271137781536357	2.627472015341449e-05	2.288000000000002
0.04916608600386728	0.0041624596084630875	0.00014260409009904856	0.004286606806646781	0.00014017822755540459	0.00012414719818369321	2.619143051463145e-05	2.304000000000002
0.04950747066619186	0.004076496490474046	0.00014039618569677305	0.0041874747573543945	0.0001384496574884049	0.00011097826688034899	2.329766725546034e-05	2.320000000000002
0.04984885436334282	0.003666900730844407	0.00013338455468468578	0.0037780894756945654	0.00013140279919905576	0.00011118874485015842	2.290728685559611e-05	2.336000000000002
0.05019023708866469	0.003203810625072485	0.00012449178754103164	0.003303119013640908	0.00012276861466460745	9.930838856842287e-05	2.064152170975997e-05	2.352000000000002
0.050531618835502064	0.002632586966380474	0.00011288284023928521	0.0027195559643287395	0.00011130991473275294	8.696899794826535e-05	1.8778671483234842e-05	2.368000000000002
0.0508729995971995	0.0020666018767341913	0.00010063929522997658	0.0021550863067362844	9.899498261151427e-05	8.848443000209299e-05	1.8117978974829743e-05	2.384000000000002
0.05121437936710162	0.001652937544761797	9.044866253197455e-05	0.0017369258538188722	8.878757183835752e-05	8.398830905707515e-05	1.7254786027984225e-05	2.400000000000002
0.05155575813855305	0.0013531999841907055	8.169661999219296e-05	0.0014237957552552542	8.031157589833648e-05	7.05957710645488e-05	1.4979602627390438e-05	2.416000000000002
0.05189713590489843	0.0011695767852287697	7.582533073262863e-05	0.001231474163954026	7.461741380990128e-05	6.189737872525627e-05	1.3480442761069403e-05	2.432000000000002
0.052238512659482414	0.001056210615086244	7.215198883868945e-05	0.0011165741173967021	7.100075275668784e-05	6.03635023104581e-05	1.2837546547609893e-05	2.448000000000002
0.05257988839564973	0.0010216634069372987	7.095187370476643e-05	0.0010809296491669199	6.981125393024398e-05	5.9266242229621186e-05	1.2671117034583848e-05	2.464000000000002
0.052921263106745026	0.0010243124919853896	7.075726045349087e-05	0.0010817602306392314	6.977425030729529e-05	5.7447738653841814e-05	1.175346335928467e-05	2.480000000000002
0.05326263678611306	0.001182161958563788	7.631703288751934e-05	0.0012528816845550127	7.4996832604653e-05	7.071972599122461e-05	1.413381081040651e-05	2.496000000000002
0.05360400942709858	0.0014293114919246123	8.388114726038689e-05	0.0015116299947380226	8.227051721085114e-05	8.231850281341025e-05	1.635875495194417e-05	2.5120000000000022
0.05394538102304632	0.0016597952929650846	9.032115115846844e-05	0.0017496403277871557	8.841074863057106e-05	8.984503482207105e-05	1.8478362296829305e-05	2.5280000000000022
0.0542867515673011	0.0018815582297877452	9.59003870882597e-05	0.001973174791720308	9.380886780698054e-05	9.16165619325628e-05	1.9919351506775947e-05	2.5440000000000023
0.054628121053207704	0.002077727314622869	9.957895146773823e-05	0.002158623245738034	9.803788224598414e-05	8.089593111516475e-05	1.7451109424237598e-05	2.5600000000000023
0.054969489474110955	0.002158471310622038	0.00010114032300144204	0.0022397247279418234	9.977813977237464e-05	8.125341731978538e-05	1.6543511126737734e-05	2.5760000000000023
0.05531085682335571	0.0021460337965731593	0.00010104116436247697	0.0022315364979123313	9.950370808495509e-05	8.550270133917214e-05	1.7559298763593264e-05	2.5920000000000023
0.05565222309428684	0.0020682681712100837	9.926487997871303e-05	0.0021566225564075827	9.77201683541748e-05	8.835438519749916e-05	1.7443769489993736e-05	2.6080000000000023
0.05599358828024923	0.0019713066374238693	9.66583981358892e-05	0.002052901238795854	9.525337646761818e-05	8.159460137198482e-05	1.6420724762149593e-05	2.6240000000000023
0.0563349523745878	0.0018902798888509001	9.410467905754441e-05	0.0019601457630617344	9.300939108579828e-05	6.986587421083421e-05	1.4315858003363466e-05	2.6400000000000023
0.05667631537064744	0.0016887299596169312	8.943536200282187e-05	0.0017639922421775933	8.815538169703278e-05	7.526228256066214e-05	1.5076891404604962e-05	2.6560000000000024
0.05701767726177316	0.0014573184392194447	8.384497240984654e-05	0.0015393698008746204	8.226378391626961e-05	8.205136165517566e-05	1.6206457175620745e-05	2.6720000000000024
0.0573590380413099	0.0012508214488624796	7.729548387337931e-05	0.0013196995113916618	7.608330539949066e-05	6.887806252918222e-05	1.3635338892292952e-05	2.6880000000000024
0.057700397702602664	0.0011592142580316507	7.386980955665973e-05	0.0012158888543046596	7.295049351025837e-05	5.667459627300891e-05	1.1617842336119345e-05	2.7040000000000024
0.05804175623899646	0.0011545548854821415	7.401990432735955e-05	0.0012187894370481222	7.296003546339366e-05	6.423455156598068e-05	1.2481164281099767e-05	2.7200000000000024
0.05838311364383634	0.0011159603590419804	7.308072362739014e-05	0.0011848961962877321	7.186496422947707e-05	6.89358372457517e-05	1.327475356452846e-05	2.7360000000000024
0.05872446991046737	0.0010190330088690825	7.014894554160907e-05	0.0010858634849636344	6.873132994260707e-05	6.683047609455184e-05	1.4031352212816878e-05	2.7520000000000024
0.05906582503223463	0.0009419784732820257	6.71719970103556e-05	0.0010017015374578638	6.595285442937034e-05	5.9723064175838164e-05	1.273963009578802e-05	2.7680000000000025
0.05940717900248321	0.0009776955824373084	6.886621260737746e-05	0.0010429545748781121	6.723354766869033e-05	6.525899244080367e-05	1.4906552477567048e-05	2.7840000000000025
0.05974853181455825	0.0010023071826995647	7.035291990637443e-05	0.001082135264261905	6.840809473298024e-05	7.982808156234043e-05	1.6427596122267472e-05	2.8000000000000025
0.060089883461804904	0.0009843847360382514	6.965818108431047e-05	0.001065631912606719	6.781581608872077e-05	8.12471765684675e-05	1.5914687561978418e-05	2.8160000000000025
0.06043123393756834	0.0009848765171903934	6.958320057893329e-05	0.0010638544204467774	6.77003076932757e-05	7.897790325638398e-05	1.607762858893865e-05	2.8320000000000025
0.06077258323519376	0.0009772622436175025	6.855840295515968e-05	0.0010463735203133317	6.708269236930926e-05	6.911127669582915e-05	1.4148038742054167e-05	2.8480000000000025
0.061113931348026396	0.0010339751032683664	6.999764807709768e-05	0.0010981402052571364	6.866704156756636e-05	6.416510198876997e-05	1.3583377292975793e-05	2.8640000000000025
0.06145527826941146	0.0010443284873022638	7.06449116374958e-05	0.0011107710766658295	6.90133764225947e-05	6.644258936356568e-05	1.5094946671745446e-05	2.8800000000000026
0.061796623992694234	0.0009552237065348531	6.750339803049919e-05	0.0010174012387131378	6.600577386914965e-05	6.217753217828471e-05	1.4140246164713122e-05	2.8960000000000026
0.06213796851122002	0.0008547539126615008	6.426832379561492e-05	0.0009228823677119732	6.282196532356163e-05	6.812845505047227e-05	1.35579539895672e-05	2.9120000000000026
0.062479311818334105	0.0007201957915249077	6.020069845390158e-05	0.0007967417032221089	5.832092642320353e-05	7.654591169720123e-05	1.4926273328492575e-05	2.9280000000000026
0.06282065390738184	0.0006745685963115904	5.805568345346292e-05	0.0007435225482868377	5.628267935722502e-05	6.895395197524728e-05	1.4238061160863336e-05	2.9440000000000026
0.0631619947717086	0.000671693274030987	5.795613737820409e-05	0.0007386382535057904	5.6029733999917936e-05	6.694497947480339e-05	1.4818325401330104e-05	2.9600000000000026
0.06350333440465976	0.0006405562909195672	5.672342497818608e-05	0.0007060404215127138	5.472117533319171e-05	6.548413059314663e-05	1.4937868369014219e-05	2.9760000000000026
0.0638446727995807	0.000676680824122475	5.8054656679161986e-05	0.0007437549547277182	5.610433388910447e-05	6.707413060524313e-05	1.4921356540048609e-05	2.9920000000000027
0.0641860099498169	0.000767218810080297	6.170545111850523e-05	0.000841233033243987	5.9602527270940596e-05	7.401422316369012e-05	1.5971895336966798e-05	3.0080000000000027
0.06452734584871375	0.0008638289360203735	6.441572749899579e-05	0.0009358954715746254	6.280557321611399e-05	7.206653555425192e-05	1.4312439422412516e-05	3.0240000000000027
0.0648686804896168	0.001059296795585952	7.113357600718991e-05	0.001140208172265877	6.925645759157297e-05	8.09113766799251e-05	1.623356761273748e-05	3.0400000000000027
0.06521001386587152	0.0013600905623734581	8.014073211698925e-05	0.0014474011774029344	7.795946726592772e-05	8.731061502947628e-05	1.85703636975633e-05	3.0560000000000027
0.06555134597082346	0.001653592771761377	8.746291480588401e-05	0.0017413983845802326	8.545040517757006e-05	8.780561281885567e-05	1.865448260688117e-05	3.0720000000000027
0.06589267679781816	0.001872592649083197	9.256083076569142e-05	0.001963184034370363	9.068174829756873e-05	9.059138528716604e-05	1.8556074954886302e-05	3.0880000000000027
0.06623400634020118	0.0019580507421861786	9.430101052769917e-05	0.0020454357762309913	9.25087334315714e-05	8.73850340448127e-05	1.8297945934768006e-05	3.1040000000000028
0.06657533459131816	0.001916306629718644	9.273922464915476e-05	0.001994684676861058	9.128894950237336e-05	7.837804714241424e-05	1.633681386560799e-05	3.1200000000000028
0.06691666154451471	0.0018165593523410853	8.964437892711576e-05	0.0018819890242767205	8.859759356209122e-05	6.542967193563518e-05	1.365946881232238e-05	3.136000000000003
0.06725798719313651	0.00163341299361217	8.526088709451764e-05	0.0016955196312523255	8.401172239608843e-05	6.210663764015542e-05	1.4541298710454274e-05	3.152000000000003
0.0675993115305292	0.001428217370857736	7.963401620508087e-05	0.0014879795683773612	7.861836874247721e-05	5.976219751962518e-05	1.2677879681672506e-05	3.168000000000003
0.06794063455003851	0.001241625025073137	7.419939071029913e-05	0.001295747252146106	7.328938624329846e-05	5.412222707296884e-05	1.1585139009102926e-05	3.184000000000003
0.06828195624501021	0.0010884811148411271	6.977788355704324e-05	0.0011426754679855725	6.876220884898891e-05	5.4194353144445425e-05	1.1862194902644126e-05	3.200000000000003
0.06862327660878999	0.0009880566320371574	6.630794776574273e-05	0.0010376201542250034	6.548259550987174e-05	4.9563522187845915e-05	1.0429459343369235e-05	3.216000000000003
0.06896459563472367	0.0008539725893940576	6.151405366240742e-05	0.0008953708321034037	6.079130832416981e-05	4.139824270934614e-05	9.401895033303772e-06	3.232000000000003
0.06930591331615704	0.0007203267019376241	5.652549224767759e-05	0.0007552223891203778	5.578958788067045e-05	3.4895687182753724e-05	9.091378220446446e-06	3.248000000000003
0.06964722964643595	0.000644911654861581	5.336165907486327e-05	0.0006786091169375052	5.2834372651302986e-05	3.369746207592411e-05	7.4830291837721e-06	3.264000000000003
0.06998854461890629	0.0006039552742546288	5.16506382301562e-05	0.0006371170204315702	5.114627141644766e-05	3.316174617694142e-05	7.200510383128567e-06	3.280000000000003
0.07032985822691389	0.0005873289599022863	5.0665451312105767e-05	0.0006151441395653649	5.021112572711519e-05	2.7815179663078635e-05	6.769845631562846e-06	3.296000000000003
0.07067117046380471	0.0006030621740282837	5.1437176614961326e-05	0.0006333916370126109	5.091133574585232e-05	3.0329462984327224e-05	7.336145492820042e-06	3.312000000000003
0.07101248132292466	0.0005782389324969264	5.050792120747729e-05	0.0006109605639046153	4.995397302373352e-05	3.2721631407688945e-05	7.459938595245787e-06	3.328000000000003
0.07135379079761973	0.0005781129845550467	5.038777244411082e-05	0.0006093325201872309	4.982536275355307e-05	3.121953563218417e-05	7.507385587296045e-06	3.344000000000003
0.07169509888123593	0.0006516979230016686	5.315367628499518e-05	0.0006810565463494284	5.262547451113489e-05	2.9358623347759734e-05	7.474806692346692e-06	3.360000000000003
0.07203640556711927	0.0007002056566277506	5.476890035814939e-05	0.0007265935221394131	5.431071842846452e-05	2.6387865511662418e-05	7.069533946798839e-06	3.376000000000003
0.07237771084861576	0.0006977259800388471	5.4397175259529e-05	0.0007224212589943591	5.4102884851059325e-05	2.4695278955511942e-05	5.650710310122903e-06	3.392000000000003
0.07271901471907155	0.0006237003589152288	5.172959633651957e-05	0.0006518028426951061	5.134250682802188e-05	2.8102483779877252e-05	6.316496636093928e-06	3.408000000000003
0.0730603171718327	0.0005382602378412439	4.866769042528933e-05	0.0005717444854106725	4.8053190744641045e-05	3.3484247569428574e-05	7.709406630275948e-06	3.424000000000003
0.07340161820024535	0.0004875112316361488	4.6501792550833875e-05	0.0005216095330516039	4.58660438068525e-05	3.409830141545508e-05	7.663076141385815e-06	3.440000000000003
0.07374291779765567	0.00043516407369278135	4.435497247446176e-05	0.0004721554315967537	4.359585471156217e-05	3.6991357903972374e-05	8.170987405364362e-06	3.456000000000003
0.07408421595740983	0.0003814890044895774	4.1005012806794536e-05	0.00040890947914523645	4.0539502229181026e-05	2.7420474655659058e-05	6.161155272804796e-06	3.472000000000003
0.07442551267285406	0.0003241635722565805	3.727276346496349e-05	0.00034139713542849655	3.701708542745662e-05	1.7233563171916093e-05	4.358243083112265e-06	3.488000000000003
0.07476680793733462	0.00028456888048389523	3.5115841932843116e-05	0.000302600946047641	3.482401550932894e-05	1.8032065563745757e-05	4.517775830919531e-06	3.504000000000003
0.07510810174419776	0.0002949602896041075	3.570009485707361e-05	0.00031293236734155066	3.537694811867468e-05	1.7972077737443165e-05	4.792526954817675e-06	3.520000000000003
0.07544939408678977	0.00030797640843232145	3.6276485698835077e-05	0.00032470251869426046	3.600170189402971e-05	1.6726110261939006e-05	4.456554206020994e-06	3.536000000000003
0.07579068495845702	0.0002572256424506774	3.338299967771735e-05	0.0002744421441663518	3.306920338393467e-05	1.7216501715674403e-05	4.566448842858136e-06	3.552000000000003
0.07613197435254583	0.0002291497711832981	3.164334024356431e-05	0.0002461883563729665	3.1292676255970647e-05	1.703858518966842e-05	4.697807415059411e-06	3.568000000000003
0.07647326226240261	0.00023470755631761767	3.16262123513259e-05	0.00024801554306496423	3.138145169868372e-05	1.3307986747346557e-05	3.92705958375214e-06	3.584000000000003
0.07681454868137379	0.00020548298912808133	2.96899366544354e-05	0.0002189197619599043	2.9460696322531366e-05	1.3436772831822976e-05	3.6823512510315414e-06	3.600000000000003
0.07715583360280578	0.0001688018986405179	2.7543279118071457e-05	0.0001850041358614621	2.7063457163686642e-05	1.62022372209442e-05	5.1187411465407575e-06	3.616000000000003
0.07749711702004507	0.0001579982883978272	2.666448758321908e-05	0.00017377853571197668	2.620786872841237e-05	1.5780247314149487e-05	4.913503311278977e-06	3.6320000000000032
0.07783839892643818	0.00016970390857001246	2.6823570002584202e-05	0.00017997509540495566	2.665346798812789e-05	1.0271186834943194e-05	3.016049052879758e-06	3.6480000000000032
0.07817967931533162	0.00016444376724726096	2.623669473102152e-05	0.00017278749489276396	2.6102238270465612e-05	8.343727645503004e-06	2.652792430751546e-06	3.6640000000000033
0.07852095818007195	0.000130028427926819	2.350558181575252e-05	0.0001382991902666173	2.3335129176402403e-05	8.270762339798298e-06	2.8256190149503484e-06	3.6800000000000033
0.07886223551400579	0.00012003079653896296	2.2548810032627913e-05	0.00012770123156247734	2.239645970630992e-05	7.67043502351437e-06	2.616758779707706e-06	3.6960000000000033
0.07920351131047974	0.00012370292161387737	2.2625816176576e-05	0.0001293145082468733	2.252296511162671e-05	5.61158663299594e-06	2.1549014447659317e-06	3.7120000000000033
0.07954478556284046	0.00010389286423920494	2.048529898502925e-05	0.00010657323955685585	2.0438327756392505e-05	2.6803753176509083e-06	1.3864461865922546e-06	3.7280000000000033
0.07988605826443464	0.00011630704159075349	2.1532993704831256e-05	0.00011808576057095426	2.149841133524964e-05	1.7787189802007716e-06	1.219888500114799e-06	3.7440000000000033
0.080227329408609	0.00011083859473271385	2.169501758051309e-05	0.00011852466726486126	2.151408466213332e-05	7.686072532147413e-06	2.796059543237942e-06	3.7600000000000033
0.08056859898871023	7.753544431779769e-05	1.9293056384578562e-05	9.132831403201524e-05	1.8866303142722457e-05	1.3792869714217554e-05	4.035421958783044e-06	3.7760000000000034
0.08090986699808517	8.288826431477196e-05	1.9813220037966097e-05	9.725277862049345e-05	1.9457552062778752e-05	1.4364514305721493e-05	3.7372926025554417e-06	3.7920000000000034
0.08125113343008059	9.32475254303714e-05	2.03221066133717e-05	0.00010399381740428752	2.009781339927624e-05	1.0746291973916117e-05	3.0109655881657226e-06	3.8080000000000034
0.08159239827804332	8.219935961692274e-05	1.9347838469712738e-05	9.329641994853929e-05	1.9019589842154142e-05	1.1097060331616548e-05	3.548810460749225e-06	3.8240000000000034
0.08193366153532027	7.583418914922794e-05	1.8728902280495636e-05	8.686623687207337e-05	1.8341756713902716e-05	1.1032047722845419e-05	3.7883692111988425e-06	3.8400000000000034
0.08227492319525828	6.615709797687618e-05	1.7224827698256894e-05	7.433786658312793e-05	1.6962968261014032e-05	8.18076860625176e-06	2.992055649627611e-06	3.8560000000000034
0.08261618325120433	6.774225407772422e-05	1.7450754624700537e-05	7.625872248319718e-05	1.7165780699760785e-05	8.516468405472955e-06	3.140829498592262e-06	3.8720000000000034
0.08295744169650533	8.911304870604919e-05	1.9603612467697935e-05	9.762306868148456e-05	1.940288524328313e-05	8.510019975435373e-06	2.7981540378735055e-06	3.8880000000000035
0.08329869852450832	8.67310288304058e-05	1.9903077750595088e-05	9.923480659178679e-05	1.954249486573152e-05	1.2503777761380988e-05	3.7713920996218978e-06	3.9040000000000035
0.08363995372856027	6.680937023623723e-05	1.831292832189746e-05	8.218879965096353e-05	1.7768306216565813e-05	1.5379429414726294e-05	4.43290400497267e-06	3.9200000000000035
0.08398120730200825	6.307231398041804e-05	1.7824561087399836e-05	7.757451818939223e-05	1.7244351960991445e-05	1.4502204208974203e-05	4.510798532843044e-06	3.9360000000000035
0.0843224592381994	7.983882397961016e-05	1.9024711634516888e-05	9.035736411150286e-05	1.8593346925226017e-05	1.0518540131892695e-05	4.028287836626183e-06	3.9520000000000035
0.08466370953048077	8.465511231639561e-05	1.9153584387292017e-05	9.364225098155301e-05	1.8911209205199407e-05	8.987138665157396e-06	3.037426752746104e-06	3.9680000000000035
0.08500495817219954	7.238892239248815e-05	1.7939680838070663e-05	8.236172204624954e-05	1.7717820859675717e-05	9.972799653761378e-06	2.8126451173725827e-06	3.9840000000000035
0.08534620515670287	5.789463477175222e-05	1.692206620919976e-05	7.052272603706139e-05	1.6382474414722683e-05	1.262809126530917e-05	4.2392047413986765e-06	4.0000000000000036
0.08568745047733803	4.3334269286777856e-05	1.4771692305045918e-05	5.3506237022332295e-05	1.4266058750967673e-05	1.017196773555444e-05	3.831769991647652e-06	4.016000000000004
0.08602869412745219	4.45843126049523e-05	1.4080267356381545e-05	5.0663261882090055e-05	1.3879276554870237e-05	6.078949277137755e-06	2.370571901591069e-06	4.032000000000004
0.08636993610039269	4.810085210022349e-05	1.4803341213296345e-05	5.6011975938283586e-05	1.4579928130899622e-05	7.9111238380601e-06	2.5621488588838746e-06	4.048000000000004
0.0867111763895068	6.143892325776568e-05	1.637698972989469e-05	6.91365339353556e-05	1.618611452857368e-05	7.697610677589923e-06	2.493088261769352e-06	4.064000000000004
0.08705241498814191	7.728485531854105e-05	1.78013588910178e-05	8.272523438118944e-05	1.768314903040994e-05	5.440379062648397e-06	2.0480768381900043e-06	4.080000000000004
0.08739365188964536	6.751868424945862e-05	1.688112787364604e-05	7.370184547250623e-05	1.6668910584907454e-05	6.183161223047609e-06	2.6683137369412723e-06	4.096000000000004
0.08773488708736457	6.835700475583956e-05	1.6897214812896652e-05	7.412986267756931e-05	1.6710728580913195e-05	5.772857921729745e-06	2.5034813217247965e-06	4.112000000000004
0.08807612057464699	7.655524858369454e-05	1.755137565790404e-05	8.098587603310765e-05	1.7455256547375145e-05	4.4306274494131136e-06	1.83434084896554e-06	4.128000000000004
0.08841735234484009	6.835145517397617e-05	1.688119369660281e-05	7.453882740727209e-05	1.672646474659177e-05	6.187372233295916e-06	2.2803678876981956e-06	4.144000000000004
0.08875858239129139	5.561845158934991e-05	1.568952455690036e-05	6.344585147486734e-05	1.541483684694777e-05	7.827399885517431e-06	2.9230097166381016e-06	4.160000000000004
0.08909981070734843	5.281932716406302e-05	1.497077519022171e-05	5.8759807527042126e-05	1.4822616290393353e-05	5.940480362979103e-06	2.1009893155186317e-06	4.176000000000004
0.08944103728635878	4.910202843418341e-05	1.4376938877965256e-05	5.417234723072189e-05	1.422133162536911e-05	5.070318796538485e-06	2.1095256106587763e-06	4.192000000000004
0.08978226212167006	4.235775871352168e-05	1.3953295757629108e-05	4.954973647041644e-05	1.3591219868418306e-05	7.19197775689476e-06	3.158038154959805e-06	4.208000000000004
0.09012348520662994	3.885559112001278e-05	1.3644289827227171e-05	4.732543100153315e-05	1.3271998539782027e-05	8.469839881520366e-06	3.1655488701643172e-06	4.224000000000004
0.09046470653458605	3.2082902157560023e-05	1.3015214308181808e-05	4.2309156931325374e-05	1.2540872599508728e-05	1.0226254773765348e-05	3.4817119253022125e-06	4.240000000000004
0.09080592609888616	3.264201699762269e-05	1.286879214374293e-05	4.1819022510085064e-05	1.2457248649343924e-05	9.177005512462378e-06	3.228431093778954e-06	4.256000000000004
0.09114714389287798	5.123909222211721e-05	1.489452051426794e-05	5.823029015247708e-05	1.4681665594253762e-05	6.991197930359867e-06	2.509070889483568e-06	4.272000000000004
0.0914883599099093	5.241404474394718e-05	1.5045964083729764e-05	5.941827972176498e-05	1.4815749039659552e-05	7.004234977817804e-06	2.62194881771424e-06	4.288000000000004
0.09182957414332793	5.016105229074197e-05	1.499561163370373e-05	5.8705560217928465e-05	1.4731989446327873e-05	8.544507927186493e-06	2.7994383762024143e-06	4.304000000000004
0.09217078658648177	5.220256928333074e-05	1.5299941755166144e-05	6.12136837932248e-05	1.5028729942075018e-05	9.011114509894057e-06	2.8680122105134603e-06	4.320000000000004
0.09251199723271863	4.991934379146296e-05	1.4651589303859047e-05	5.6704172523392495e-05	1.4437104484272699e-05	6.784828731929541e-06	2.4978156935910923e-06	4.336000000000004
0.09285320607538651	7.893735677738148e-05	1.783668504581175e-05	8.521811545561383e-05	1.7689236931324366e-05	6.280758678232359e-06	2.2887180278388786e-06	4.352000000000004
0.0931944131078333	7.588794240957902e-05	1.8039687539724373e-05	8.605507800700255e-05	1.7764966349252417e-05	1.016713559742354e-05	3.136287158538908e-06	4.368000000000004
0.09353561832340705	4.252624428224967e-05	1.4337963198226936e-05	5.220728121449915e-05	1.3833870914647196e-05	9.681036932249484e-06	3.768448512397161e-06	4.384000000000004
0.09387682171545576	3.833985384921616e-05	1.2853575985148425e-05	4.40024212112185e-05	1.2691499328976774e-05	5.662567362002348e-06	2.034762980930804e-06	4.400000000000004
0.0942180232773275	4.051619895969429e-05	1.324206193392496e-05	4.646822919829465e-05	1.3029573883306221e-05	5.95203023860036e-06	2.3627121452620726e-06	4.416000000000004
0.09455922300237037	3.7176366115403894e-05	1.3231408215508933e-05	4.605770558851578e-05	1.2957611098572532e-05	8.881339473111885e-06	2.67777481943259e-06	4.432000000000004
0.09490042088393251	4.411663071180123e-05	1.4348618818379228e-05	5.41462068069147e-05	1.403780102839094e-05	1.002957609511347e-05	2.970354235180175e-06	4.448000000000004
0.09524161691536208	4.43926558514949e-05	1.4019326711483465e-05	5.2301869982112554e-05	1.37878033975728e-05	7.909214130617651e-06	2.537321208123588e-06	4.464000000000004
0.0955828110900073	2.86913854594381e-05	1.1226777548748116e-05	3.3769758418151416e-05	1.1072233984685702e-05	5.078372958713315e-06	1.8563859290152178e-06	4.480000000000004
0.0959240034012164	2.0868643567088094e-05	1.0302091125341846e-05	2.756178799677037e-05	9.994626484667126e-06	6.693144429682277e-06	2.498103878312041e-06	4.496000000000004
0.09626519384233766	2.022225030072225e-05	1.0961100070006418e-05	2.963786460698669e-05	1.036059769913258e-05	9.41561430626444e-06	3.5782300179590707e-06	4.512000000000004
0.09660638240671944	2.3945633681733455e-05	1.1130879900152631e-05	3.204420234272891e-05	1.0765302906187477e-05	8.098568660995455e-06	2.8292650440800505e-06	4.528000000000004
0.09694756908771003	2.5536707156413973e-05	1.1536890941696776e-05	3.4652465677614884e-05	1.119573949066826e-05	9.115758521200911e-06	2.7848285149531762e-06	4.544000000000004
0.09728875387865786	3.132212801109914e-05	1.3035203150144965e-05	4.3273724619710844e-05	1.2501123952962069e-05	1.1951596608611707e-05	3.693023297818097e-06	4.560000000000004
0.09762993677291136	4.2994901654623443e-05	1.4978055360548432e-05	5.72744118739804e-05	1.4362841342434615e-05	1.4279510219356951e-05	4.248638717954805e-06	4.576000000000004
0.09797111776381892	5.223742877449409e-05	1.5720044513632653e-05	6.491549021810066e-05	1.5284202841149247e-05	1.2678061443606572e-05	3.6759955143059327e-06	4.592000000000004
0.09831229684472916	4.993461555797745e-05	1.4717428772366816e-05	5.7993544082850685e-05	1.4441599457034473e-05	8.05892852487324e-06	2.836003313163118e-06	4.608000000000004
0.09865347400899055	3.2159728971681706e-05	1.2792525902669893e-05	4.18638160451186e-05	1.2251609549814149e-05	9.704087073436896e-06	3.680595387893501e-06	4.624000000000004
0.09899464924995166	2.4073749263096474e-05	1.1935445529655091e-05	3.5965432781194933e-05	1.133999333748391e-05	1.189168351809846e-05	3.7228230010550085e-06	4.640000000000004
0.09933582256096112	2.632953015220918e-05	1.2062922683427866e-05	3.773954393132306e-05	1.1608191365614372e-05	1.141001377911388e-05	3.2808530728507864e-06	4.656000000000004
0.09967699393536757	2.837192857217425e-05	1.282049358084211e-05	4.2390472712579386e-05	1.2292780139640968e-05	1.4018544140405135e-05	3.6404137257820452e-06	4.672000000000004
0.10001816336651974	3.06044983785817e-05	1.2867251630522223e-05	4.348669148128525e-05	1.2444863558325842e-05	1.2882193102703559e-05	3.2697913599846535e-06	4.688000000000004
0.10035933084776628	3.7894129661949885e-05	1.3110387855948564e-05	4.643194868986542e-05	1.2841893489812518e-05	8.537819027915531e-06	2.639704780787888e-06	4.704000000000004
0.10070049637245602	5.7235987744018017e-05	1.5625808431769214e-05	6.65702191403135e-05	1.53580452030034e-05	9.334231396295484e-06	2.880336211079203e-06	4.720000000000004
0.10104165993393774	4.966706236090173e-05	1.5219640114870943e-05	6.251938512727171e-05	1.4875336995789378e-05	1.2852322766369977e-05	3.2189741359459015e-06	4.736000000000004
0.10138282152556025	4.5223829500061735e-05	1.4504756859773585e-05	5.660904758123734e-05	1.4151714174482035e-05	1.1385218081175606e-05	3.1807165049581404e-06	4.752000000000004
0.10172398114067249	6.320046318464857e-05	1.6122870365623597e-05	7.147766606789395e-05	1.589408649382824e-05	8.27720288324538e-06	2.7064669503635567e-06	4.768000000000004
0.10206513877262335	4.962213847866325e-05	1.4737730422791932e-05	5.8908887869126134e-05	1.44170845348213e-05	9.286749390462884e-06	3.057510675484771e-06	4.784000000000004
0.10240629441476176	3.7148869967703614e-05	1.2832934034270557e-05	4.465421326204434e-05	1.2543325145770739e-05	7.505343294340725e-06	2.710938991459431e-06	4.800000000000004
0.10274744806043674	4.6227728858076984e-05	1.3727757520007402e-05	5.230367068733991e-05	1.3563609493823015e-05	6.075941829262927e-06	2.116559478775397e-06	4.816000000000004
0.10308859970299734	4.599346449065453e-05	1.4046791252730482e-05	5.40016776422733e-05	1.3771572541766444e-05	8.008213151618773e-06	2.7669720317795183e-06	4.832000000000004
0.1034297493357926	3.393584066455385e-05	1.2812231585047734e-05	4.4267494573212315e-05	1.2456004329354382e-05	1.0331653908658463e-05	3.000205715613456e-06	4.848000000000004
0.10377089695217166	3.293856442758769e-05	1.2746223549782452e-05	4.319209018723907e-05	1.2290884938663424e-05	1.0253525759651376e-05	3.376442240815821e-06	4.864000000000004
0.10411204254548366	3.440056895933382e-05	1.2517162105144065e-05	4.2601911987594114e-05	1.2198227049834826e-05	8.201343028260297e-06	2.807597550777636e-06	4.880000000000004
0.10445318610907776	2.4951154673120722e-05	1.1845775688155868e-05	3.591360326633527e-05	1.1194426386899324e-05	1.0962448593214547e-05	3.873915270420452e-06	4.896000000000004
0.10479432763630327	2.3129880371877255e-05	1.203814119105971e-05	3.70744298842868e-05	1.1366892715229592e-05	1.394454951240955e-05	3.963659084274145e-06	4.912000000000004
0.10513546712050939	3.373844913017953e-05	1.3449999378293992e-05	4.7822754634398675e-05	1.2903878098360192e-05	1.4084305504219146e-05	3.7937334248427274e-06	4.928000000000004
0.10547660455504543	5.2056268170613406e-05	1.4705127400539351e-05	6.004495561985157e-05	1.4449693877097898e-05	7.988687449238162e-06	2.7289409528703125e-06	4.944000000000004
0.10581773993326077	4.4424053892315754e-05	1.3157405439553647e-05	4.908001534083213e-05	1.3054237948623313e-05	4.65596144851638e-06	1.6444419970065527e-06	4.960000000000004
0.1061588732485048	2.551170714897248e-05	1.106839382333944e-05	3.319465929356654e-05	1.0730388174639046e-05	7.68295214459406e-06	2.714426541666798e-06	4.976000000000004
0.10650000449412694	3.3982223305064395e-05	1.2086393379847186e-05	4.079874955393248e-05	1.1888729427339343e-05	6.816526248868091e-06	2.1769284636683466e-06	4.992000000000004
0.10684113366347668	3.510116464940355e-05	1.249860740417531e-05	4.307157676713318e-05	1.2204944865581521e-05	7.97041211772963e-06	2.693419364269351e-06	5.0080000000000044
0.10718226074990349	2.4899146107727e-05	1.1155629579990443e-05	3.374358051479016e-05	1.0798711378763082e-05	8.84443440706316e-06	2.799268455173687e-06	5.0240000000000045
0.10752338574675696	1.804315993264421e-05	1.0103524947506313e-05	2.73815102162555e-05	9.725206718143878e-06	9.338350283611291e-06	2.7388995334352115e-06	5.0400000000000045
0.10786450864738666	1.8518391219368622e-05	1.0461509340657598e-05	2.8993015873276945e-05	9.992730898200553e-06	1.0474624653908323e-05	3.0965314273900317e-06	5.0560000000000045
0.10820562944514223	2.4605022160218212e-05	1.190091570124282e-05	3.627276578709699e-05	1.1161607403768254e-05	1.1667743626878779e-05	4.129202670278317e-06	5.0720000000000045
0.10854674813337334	2.2965151105823107e-05	1.2041778775362368e-05	3.6471742229263426e-05	1.1175216767492467e-05	1.350659112344032e-05	4.485417068046494e-06	5.0880000000000045
0.10888786470542973	2.607826031383539e-05	1.2214642035252286e-05	3.973095083611757e-05	1.1662882044088448e-05	1.365269052228218e-05	3.629691787883842e-06	5.1040000000000045
0.10922897915466113	2.825619029171483e-05	1.2672462824962256e-05	4.244122194944805e-05	1.204960159767758e-05	1.4185031657733215e-05	3.92408147052228e-06	5.1200000000000045
0.10957009147441733	2.2469127824930102e-05	1.1492609139283942e-05	3.5066408165706636e-05	1.093954809375328e-05	1.2597280340776533e-05	3.5222652274937735e-06	5.136000000000005
0.1099112016580482	2.248536567437179e-05	1.0741898844912635e-05	3.1790437221559635e-05	1.0416139122679299e-05	9.305071547187845e-06	2.6253450385282946e-06	5.152000000000005
0.1102523096989036	2.603755372333336e-05	1.0763224895208142e-05	3.240776692340837e-05	1.0511047992956997e-05	6.370213200075006e-06	2.3162211109008992e-06	5.168000000000005
0.11059341559033346	2.317082577470453e-05	1.0112957045843343e-05	2.8245982065017823e-05	9.804590719263166e-06	5.0751562903132935e-06	2.4782859073987224e-06	5.184000000000005
0.11093451932568776	2.5839730382839435e-05	1.1074516097229002e-05	3.3908298453236966e-05	1.0728347720460062e-05	8.068568070397532e-06	2.7472644533578626e-06	5.200000000000005
0.11127562089831648	2.9967205105042643e-05	1.2501402544557223e-05	4.2136481166163965e-05	1.1949640889814197e-05	1.2169276061121323e-05	3.67302983727908e-06	5.216000000000005
0.11161672030156972	2.056106860581237e-05	1.1144454718628577e-05	3.306142355372008e-05	1.0578801675000004e-05	1.250035494790771e-05	3.5053995630426915e-06	5.232000000000005
0.11195781752879749	1.9861587403081754e-05	1.0725337441185173e-05	3.095270806489013e-05	1.0229218958772688e-05	1.1091120661808378e-05	3.2242739835153437e-06	5.248000000000005
0.11229891257335	3.2102103720514435e-05	1.2321050999235567e-05	4.2562783396799135e-05	1.1992216973564495e-05	1.0460679676284704e-05	2.827548370004547e-06	5.264000000000005
0.11264000542857737	3.978660662838194e-05	1.2924228895308124e-05	4.726625044287398e-05	1.2632478466183219e-05	7.479643814492032e-06	2.7306007287288823e-06	5.280000000000005
0.11298109608782982	3.4078184815976435e-05	1.1622268894951717e-05	3.902518089493089e-05	1.1470950263202899e-05	4.946996078954457e-06	1.8693406125389651e-06	5.296000000000005
0.11332218454445767	3.184475435932486e-05	1.1774349837576618e-05	3.9431192081123775e-05	1.1520955704812594e-05	7.586437721798913e-06	2.429587155338683e-06	5.312000000000005
0.11366327079181117	3.8142861226965253e-05	1.2719671057473324e-05	4.58118733735676e-05	1.2408518653138374e-05	7.669012146602345e-06	2.7961932417201736e-06	5.328000000000005
0.11400435482324071	2.9367963422172503e-05	1.1368590435076551e-05	3.6943836102850666e-05	1.1136805843180113e-05	7.575872680678164e-06	2.283944853060894e-06	5.344000000000005
0.11434543663209665	1.6746196781847492e-05	1.0413566422650455e-05	2.8640247744243323e-05	9.801648767941067e-06	1.1894050962395831e-05	3.517107770437575e-06	5.360000000000005
0.11468651621172946	2.1020866870138242e-05	1.1638204404615192e-05	3.563138693110884e-05	1.0921955178022991e-05	1.46105200609706e-05	4.019788160197155e-06	5.376000000000005
0.11502759355548954	3.336704616454802e-05	1.2492568633561973e-05	4.392781392676888e-05	1.211776195044169e-05	1.0560767762220862e-05	3.037123042730419e-06	5.392000000000005
0.11536866865672751	3.2790620714078325e-05	1.1672022572592307e-05	3.934286055208272e-05	1.1466097809378159e-05	6.552239838004397e-06	2.1828220176820977e-06	5.408000000000005
0.11570974150879386	2.6741928021424996e-05	1.094584955421532e-05	3.366595941393008e-05	1.059978940738717e-05	6.9240313925050845e-06	2.7305836340530673e-06	5.424000000000005
0.11605081210503923	2.4129303801713145e-05	1.0870643914757016e-05	3.300040483788514e-05	1.0486786025717561e-05	8.871101036171996e-06	2.8632530402076943e-06	5.440000000000005
0.11639188043881428	1.8329637902185766e-05	1.0701224062942694e-05	3.0080049492571272e-05	1.0003734568016066e-05	1.1750411590385505e-05	3.8001961973014177e-06	5.456000000000005
0.11673294650346969	2.7060699445333322e-05	1.1560850069043209e-05	3.723970751884996e-05	1.1119970895869962e-05	1.0179008073516636e-05	3.1621988542628634e-06	5.472000000000005
0.11707401029235621	2.9608545834470425e-05	1.1471104051356763e-05	3.750266339129969e-05	1.1153805411225099e-05	7.894117556829267e-06	2.6793381655885183e-06	5.488000000000005
0.11741507179882463	2.5689800429597316e-05	1.1608914772933258e-05	3.656118716528153e-05	1.1006436755941786e-05	1.0871386735684214e-05	3.6912399194148437e-06	5.504000000000005
0.11775613101622578	2.5915078045581318e-05	1.1756296654511818e-05	3.7375982840882946e-05	1.1119272962699608e-05	1.1460904795301628e-05	3.817365558845949e-06	5.520000000000005
0.11809718793791055	2.6772150820813656e-05	1.0822716589085115e-05	3.381922504391521e-05	1.0561573337403313e-05	7.0470742231015525e-06	2.3631256856776803e-06	5.536000000000005
0.1184382425572298	2.7755897742771433e-05	1.0790513772185852e-05	3.389151630658847e-05	1.0564571187335293e-05	6.135618563817036e-06	2.196593520762888e-06	5.552000000000005
0.11877929486753457	1.8905454646740546e-05	1.0045703870527704e-05	2.7360725283941035e-05	9.485970572969274e-06	8.455270637200489e-06	3.306437439767505e-06	5.568000000000005
0.11912034486217582	2.456342419676585e-05	1.086773820728289e-05	3.339980048684929e-05	1.0475304092847017e-05	8.836376290083436e-06	2.8940867133551575e-06	5.584000000000005
0.11946139253450458	3.129831186482763e-05	1.1799913533013572e-05	4.016456367735165e-05	1.1488840330703005e-05	8.866251812524025e-06	2.6915622307888255e-06	5.600000000000005
0.11980243787787204	2.8341396627308347e-05	1.1890384503969994e-05	3.8924628290178356e-05	1.129809855301289e-05	1.058323166287001e-05	3.705969878271784e-06	5.616000000000005
0.12014348088562929	2.522084260676618e-05	1.1149620512385963e-05	3.467654784152453e-05	1.0651244987483142e-05	9.455705234758353e-06	3.296212642842244e-06	5.632000000000005
0.12048452155112753	2.4622330783710375e-05	1.0639368150165288e-05	3.277510373288031e-05	1.0345486325975344e-05	8.152772949169933e-06	2.4833580720082867e-06	5.648000000000005
0.12082555986771797	2.449174302594158e-05	1.0747094571762174e-05	3.29968160814921e-05	1.0376455803514883e-05	8.505073055550518e-06	2.7980719597791394e-06	5.664000000000005
0.12116659582875193	1.930413892186288e-05	1.0332387674775528e-05	2.9917535458132794e-05	9.87222686264732e-06	1.0613396536269913e-05	3.049159201202507e-06	5.680000000000005
0.12150762942758071	1.5743460368314618e-05	9.847655128990383e-06	2.6785578938395604e-05	9.328668615574071e-06	1.1042118570080986e-05	3.154719226862187e-06	5.696000000000005
0.12184866065755572	1.7924109032344026e-05	1.0028533127909508e-05	2.743348673493058e-05	9.429731705702319e-06	9.509377702586555e-06	3.413449377982759e-06	5.712000000000005
0.12218968951202835	1.5539415797304758e-05	9.125626318918195e-06	2.3493013413453874e-05	8.721919558133406e-06	7.953597616149118e-06	2.6842456918066188e-06	5.728000000000005
0.12253071598435004	1.4504173582548853e-05	8.57558629475671e-06	2.0876440659420128e-05	8.222913385262658e-06	6.372267076871275e-06	2.4340040586012464e-06	5.744000000000005
0.12287174006787238	2.2308473878019128e-05	1.016668265925573e-05	2.9857886439186488e-05	9.824549220589797e-06	7.5494125611673595e-06	2.615276066922877e-06	5.760000000000005
0.12321276175594688	2.6328690287089597e-05	1.0775173177631665e-05	3.378382640120963e-05	1.0443301638062248e-05	7.455136114120031e-06	2.6536405002183726e-06	5.776000000000005
0.12355378104192517	2.6473631938028302e-05	1.0823582354951682e-05	3.41270611275269e-05	1.0492212034795594e-05	7.653429189498598e-06	2.6577098433259965e-06	5.792000000000005
0.12389479791915886	2.3876275520824342e-05	1.1076306363442463e-05	3.396972086284991e-05	1.046257913485333e-05	1.0093445342025565e-05	3.635794342886815e-06	5.808000000000005
0.1242358123809997	2.514204781589438e-05	1.0902918681733756e-05	3.400100087001783e-05	1.0463748660607513e-05	8.858953054123453e-06	3.063266189565212e-06	5.824000000000005
0.12457682442079943	3.125896740608144e-05	1.1035012966550934e-05	3.637299631630227e-05	1.0816078373710472e-05	5.1140289102208254e-06	2.1872265053486975e-06	5.840000000000005
0.1249178340319098	3.392674874869522e-05	1.1015902510787909e-05	3.682096537503098e-05	1.0874456397914903e-05	2.8942166263357615e-06	1.7596323982670272e-06	5.856000000000005
0.12525884120768271	3.2013126062115784e-05	1.0752585592407106e-05	3.533017665154791e-05	1.0647519340806632e-05	3.317050589432129e-06	1.4994761782667952e-06	5.872000000000005
0.12559984594146997	2.2969647560984994e-05	9.973905747777703e-06	2.9283397151654985e-05	9.688511795876173e-06	6.313749590669989e-06	2.3688678829182003e-06	5.888000000000005
0.12594084822662363	1.1472135150216865e-05	7.801000305435124e-06	1.7033065816249228e-05	7.387619474266872e-06	5.560930666032363e-06	2.5057302865296132e-06	5.904000000000005
0.1262818480564956	1.6955861756926644e-05	8.211273280942241e-06	2.0150558862850706e-05	8.022320860422896e-06	3.1946971059240635e-06	1.7513928476328783e-06	5.920000000000005
0.1266228454244379	2.9252993854100062e-05	1.0322115125731382e-05	3.23597814961562e-05	1.0157592592404392e-05	3.1067876420561387e-06	1.8355853005469388e-06	5.936000000000005
0.12696384032380267	2.6919681215888932e-05	9.823385487058626e-06	2.9643153658291553e-05	9.71933643014576e-06	2.7234724424026215e-06	1.4259739776712242e-06	5.952000000000005
0.127304832747942	1.4095189334811946e-05	7.000183785754205e-06	1.522202373659895e-05	6.963818413795558e-06	1.1268344017870036e-06	7.126051740045076e-07	5.968000000000005
0.12764582269020808	2.866985018823877e-06	3.0173398964052402e-06	2.866985018823877e-06	3.0173398964052402e-06	0.0	0.0	5.984000000000005
