#Data reduced with Dominiques SARed v. 1.0
#wavelength: 5.1386
#q/A-1 	 Icorr/a.u. 	 sIcorr /a.u. 	Ispec/a.u. 	 sIspec/a.u. 	 Ibg/a.u. 	 sIbg/a.u. 	 2th/°
0.0	0.0037337229162634463	0.0004979294491370354	0.005259718399897316	0.00018194793104650455	0.0015259954836338693	0.000463496156085256	0.0
0.00034145415721603483	0.011455573097829179	0.0014456433483660011	0.01719315886346184	0.00032881424959880487	0.005737585765632662	0.0014077520662160784	0.016000000000000014
0.000682908307775245	0.014728544820330503	0.0021922569249021684	0.023595333303265183	0.000384889731456545	0.00886678848293468	0.0021582053469030283	0.03200000000000003
0.0010243624450208065	0.011740741579758615	0.002033414224851206	0.019949817413024984	0.00035351642776734044	0.008209075833266369	0.0020024483876309646	0.04800000000000004
0.0013658165622958943	0.009301995780752782	0.0013721234778443351	0.01477529885697484	0.0003038742384529806	0.005473303076222056	0.0013380520489339174	0.06400000000000006
0.0017072706529436851	0.011183480808662943	0.0007617652350547933	0.014029074439580463	0.00029576429903680233	0.0028455936309175205	0.0007020040973907157	0.08000000000000007
0.002048724710307356	0.01668824906985507	0.0004703417846613577	0.01803863707712383	0.00033511362651260856	0.0013503880072687612	0.0003300306830038669	0.09600000000000009
0.002390178727730083	0.024680437079929222	0.00043131918582722546	0.02538405080079101	0.0003972672042002944	0.0007036137208617903	0.0001679732375396218	0.1120000000000001
0.002731632698555046	0.032118504482695584	0.0004679023939887869	0.03268776695886046	0.0004504395026720571	0.0005692624761648822	0.0001266369011504459	0.1280000000000001
0.003073086616125423	0.03800682718012109	0.0005101502655245896	0.03866276458986252	0.0004893899159979321	0.0006559374097414286	0.00014405139199031116	0.14400000000000013
0.0034145404737843947	0.04335801736597072	0.0005504656237002302	0.04415491523272954	0.0005224069153048774	0.0007968978667588242	0.0001735033651469798	0.16000000000000014
0.0037559942648751404	0.04825273362045588	0.0005873680687550332	0.049208263964178205	0.0005508183006823915	0.0009555303437223271	0.0002039618783654924	0.17600000000000016
0.004097447982740846	0.05293893268850002	0.0006266530036242271	0.05409114587623558	0.0005767619765582178	0.0011522131877355522	0.0002450298131818318	0.19200000000000017
0.0044389016207246924	0.05686457868981403	0.0006607232363117449	0.05824626375622716	0.0005977175812811313	0.001381685066413126	0.00028158282623359706	0.20800000000000018
0.004780355172169867	0.06082995270506538	0.00070621278403339	0.06254354886853541	0.0006185277482138564	0.0017135961634700367	0.00034082241860195725	0.2240000000000002
0.005121808630419555	0.06523244879113696	0.0007601487758421032	0.06730554934235825	0.0006407371526198841	0.0020731005512212896	0.0004090012991016184	0.2400000000000002
0.005463261988816949	0.06895290913058534	0.0008029024118488117	0.07128550656582197	0.0006584475000631817	0.0023325974352366354	0.00045945529990760276	0.2560000000000002
0.005804715240705238	0.07301742001289621	0.000846105806281942	0.07562937000971814	0.0006772095706824674	0.002611949996821927	0.0005072299604716616	0.27200000000000024
0.006146168379427613	0.07685634256395597	0.0008945536583563441	0.0798163518054274	0.0006946503446999698	0.0029600092414714223	0.0005636374244910747	0.28800000000000026
0.006487621398327273	0.08007511333854173	0.0009242658476667007	0.08325934291175194	0.0007083842043617216	0.00318422957321021	0.0005936827234928227	0.30400000000000027
0.006829074290747414	0.08484540073011707	0.0009593097823065191	0.08822572400844442	0.0007281014867216568	0.0033803232783273553	0.0006246146679855462	0.3200000000000003
0.007170527050031234	0.08909612397545777	0.0010284692391437325	0.09289941732638228	0.0007461438239652001	0.0038032933509245127	0.0007078265111052824	0.3360000000000003
0.007511979669521937	0.09280899794947814	0.0010924374552470936	0.09703359791879712	0.0007617858169226118	0.00422459996931898	0.0007830082775822326	0.3520000000000003
0.00785343214256273	0.09593985987737715	0.0011412632629200586	0.1004957320658637	0.0007746007106586043	0.004555872188486549	0.0008381381594570932	0.3680000000000003
0.008194884462496822	0.09733005594250758	0.0011798355830998863	0.1021526885313313	0.0007802841338977317	0.0048226325888237245	0.000884968176566884	0.38400000000000034
0.00853633662266742	0.09727226599215838	0.0012071790252941397	0.102344778785378	0.0007800535934020358	0.005072512793219623	0.0009213021168599801	0.40000000000000036
0.008877788616417743	0.09543180222995858	0.0012599858702028817	0.10091328740492725	0.0007733884872058111	0.005481485174968667	0.0009947032929313244	0.41600000000000037
0.009219240437091004	0.09437295844807568	0.0013170375571138055	0.10025386434419711	0.0007696223598684748	0.00588090589612143	0.0010687700173745427	0.4320000000000004
0.009560692078030425	0.09726015672698297	0.001352854212694274	0.10334436784702734	0.0007802258968239347	0.006084211120044363	0.0011051977518661221	0.4480000000000004
0.009902143532579236	0.1054809864578173	0.0014010408854016481	0.11168025451264021	0.0008100114370767098	0.006199268054822922	0.0011431522358688528	0.4640000000000004
0.010243594794080657	0.11738788495732955	0.0014479938101063395	0.12367830222107506	0.0008513800787888788	0.006290417263745515	0.0011712548977689341	0.4800000000000004
0.010585045855877929	0.1289223451170235	0.0015303670177016064	0.13555423411595258	0.0008902857943585342	0.006631888998929095	0.0012447547602770202	0.49600000000000044
0.010926496711314277	0.1387039642011797	0.0016371674839685086	0.1457935103886845	0.0009222163192361112	0.007089546187504788	0.0013527137284356865	0.5120000000000005
0.011267947353732948	0.14270707063964236	0.0017145804276162962	0.15017317253201728	0.0009349080420871871	0.0074661018923749285	0.001437265805481221	0.5280000000000005
0.011609397776477185	0.1391255481782786	0.0017654443242197276	0.14692374287640797	0.0009237771013989685	0.007798194698129369	0.0015044698497645509	0.5440000000000005
0.011950847972890236	0.12823820018334792	0.0017227049015657782	0.13603141828135568	0.0008880322384319528	0.007793218098007764	0.0014761811953091302	0.5600000000000005
0.01229229793631535	0.10955486829218952	0.0015615424809173762	0.11678507951091577	0.0008220702235994617	0.0072302112187262405	0.0013276352914790737	0.5760000000000005
0.012633747660095791	0.08810487651997732	0.0013444552490336798	0.09435401637039928	0.0007381760637137404	0.006249139850421956	0.0011236796766046372	0.5920000000000005
0.012975197137574815	0.06822588505704177	0.0011816207123081228	0.07371637078475499	0.0006516923366332778	0.00549048572771321	0.000985659477775674	0.6080000000000005
0.01331664636209569	0.05371226528110877	0.0010818092339181598	0.058804691128426186	0.0005812205712487794	0.005092425847317415	0.0009124110182082625	0.6240000000000006
0.013658095327001692	0.047693530630065324	0.0010328152808278391	0.052566720963168244	0.000548654848706336	0.0048731903331029214	0.0008750344343524521	0.6400000000000006
0.013999544025636088	0.05159871966107076	0.0010579848988151652	0.05646982113856458	0.0005678178752284837	0.004871101477493816	0.0008927009055063994	0.6560000000000006
0.01434099245134217	0.06574547712834265	0.0011236942225418451	0.07073280931424858	0.0006346973022321923	0.004987332185905923	0.0009272799147577279	0.6720000000000006
0.01468244059746322	0.08862034797030227	0.001227602396869676	0.09387850174733435	0.0007304130442973313	0.0052581537770320765	0.0009866632807196576	0.6880000000000006
0.015023888457342531	0.1156552979363707	0.0014000817455434172	0.12158962644380147	0.0008304878246624324	0.005934328507430777	0.0011271729535840378	0.7040000000000006
0.015365336024323401	0.13589689723795398	0.0015840675010214877	0.1427326371475017	0.0008990563474328158	0.006835739909547714	0.0013042114598228406	0.7200000000000006
0.015706783291749137	0.13518706001340844	0.001663240705563105	0.14269520765932095	0.0008982293698934538	0.007508147645912507	0.0013998405779598133	0.7360000000000007
0.016048230252963046	0.11396715266789681	0.0015565639851059293	0.12126551042031058	0.0008273937846976009	0.007298357752413776	0.0013184502132324268	0.7520000000000007
0.016389676901308443	0.08237958367537901	0.001305711095949615	0.088614339245775	0.000706605843335367	0.006234755570395984	0.001097993464575386	0.7680000000000007
0.01673112323012865	0.05204504570354067	0.0010229853819195781	0.05693623775439133	0.000565678029364914	0.0048911920508506596	0.0008523540688674938	0.7840000000000007
0.017072569232766996	0.030783190449198042	0.000762024255043613	0.034343693433219184	0.00043865668457499646	0.0035605029840211416	0.0006231061533578733	0.8000000000000007
0.017414014902566815	0.017914334761473617	0.0005695027209522101	0.020508084437224558	0.0003383751261443694	0.0025937496757509424	0.0004580781845697883	0.8160000000000007
0.017755460232871452	0.011287140389459873	0.00044313727937531327	0.013255775993069492	0.00027156477202212057	0.0019686356036096187	0.00035017598856678923	0.8320000000000007
0.018096905217024246	0.007849268784680133	0.0003616494475616663	0.009426668798211423	0.0002286605881748033	0.0015774000135312899	0.00028018682755834794	0.8480000000000008
0.01843834984836856	0.006039258871720339	0.00031599134740528553	0.007420553910843569	0.00020261041543412573	0.00138129503912323	0.00024248618763265432	0.8640000000000008
0.018779794120247748	0.0053899831241667525	0.00029539774212423335	0.006659651253959309	0.00019170951093445206	0.0012696681297925567	0.0002247382688136764	0.8800000000000008
0.01912123802600518	0.006118921751511328	0.00029723961776439387	0.007355131145377083	0.00020120978477584537	0.0012362093938657543	0.00021878302694491855	0.8960000000000008
0.019462681558984233	0.008641338197139465	0.00032099510007968686	0.009898316309048045	0.0002331361211395892	0.0012569781119085809	0.00022064769043693834	0.9120000000000008
0.019804124712528293	0.013589854864159267	0.0003704807207767562	0.014927417357950248	0.0002860231572168199	0.0013375624937909804	0.0002354712678926818	0.9280000000000008
0.020145567479980742	0.02005692175416667	0.0004195528585428177	0.021435481089018917	0.00034248823332299515	0.001378559334852248	0.0002423353278965806	0.9440000000000008
0.02048700985468498	0.025070912031921227	0.00045027177238262224	0.02645108625465362	0.0003801756106286023	0.0013801742227323923	0.00024126991956677346	0.9600000000000009
0.02082845182998442	0.025610654631010928	0.0004459193078669488	0.026906416568315796	0.0003831542623451134	0.0012957619373048686	0.0002281158485842461	0.9760000000000009
0.02116989339922247	0.021460578497488426	0.00040135114040686635	0.022562225899950095	0.0003506087618559334	0.0011016474024616691	0.00019533620764144454	0.9920000000000009
0.021511334555742535	0.015200850921048555	0.0003398701941291764	0.016126612545512887	0.00029617771010427015	0.0009257616244643316	0.0001667048676397752	1.008000000000001
0.02185277529288807	0.009710565363904779	0.0002755649133694442	0.010472855362333413	0.00023842491276217885	0.000762289998428634	0.00013816505511400742	1.024000000000001
0.022194215604002494	0.0063327766333193865	0.00022605712674829135	0.006970043745172277	0.00019424041427085675	0.0006372671118528898	0.00011563946565761625	1.040000000000001
0.02253565548242926	0.004594500465373854	0.00019333107472085945	0.005137161752341194	0.0001664582319815704	0.0005426612869673401	9.832884347073465e-05	1.056000000000001
0.022877094921511826	0.003817949351607773	0.0001791264493176292	0.004333231018915256	0.00015258774550053008	0.0005152816673074835	9.382571485582536e-05	1.072000000000001
0.023218533914593643	0.0035239377526368144	0.00017373981967628698	0.004030887734514564	0.00014693502051147045	0.0005069499818777499	9.271259185484178e-05	1.088000000000001
0.023559972455018188	0.0036958342160729432	0.00017559712015166915	0.004182161307907957	0.00014946266492238405	0.0004863270918350138	9.216973689806692e-05	1.104000000000001
0.02390141053612894	0.004492637814950127	0.00019183818454334282	0.005016222830629228	0.00016347680538897322	0.0005235850156791007	0.00010038537318106378	1.120000000000001
0.024242848151269387	0.006294801615214374	0.00022149848465932706	0.0068852145672891165	0.0001912586609700371	0.0005904129520747422	0.00011172154362667282	1.136000000000001
0.024584285293783033	0.009838910071048536	0.00026819412170876375	0.01051445338841894	0.00023604375234089476	0.0006755433173704027	0.00012732412929199842	1.152000000000001
0.024925721957013376	0.016165887088336876	0.00033582867934170733	0.016986119058397448	0.00029969718701558507	0.0008202319700605701	0.00015153381788676979	1.168000000000001
0.02526715813430394	0.024980667446160797	0.0004112711644410421	0.025957850167946318	0.0003701294487345463	0.0009771827217855203	0.0001792990849952993	1.184000000000001
0.025608593818998247	0.03354339956601474	0.0004672727086478503	0.034578976153825276	0.0004268160715003391	0.0010355765878105427	0.0001901889201718023	1.200000000000001
0.025950029004439837	0.03750106087592641	0.0004898416757011681	0.0385277236907457	0.0004501683481571898	0.0010266628148192832	0.00019311479894393248	1.216000000000001
0.026291463683972244	0.035497627716740816	0.0004682509830037949	0.036386022062620746	0.0004371430490896451	0.0008883943458799298	0.00016782412733760426	1.232000000000001
0.026632897850939034	0.028779667484112658	0.00041297940103923763	0.02945409688611923	0.00039301564432492423	0.0006744294020065722	0.0001268490796127119	1.248000000000001
0.02697433149868377	0.02047646030555855	0.000346426400504763	0.020994419966057904	0.00033158007201623195	0.000517959660499355	0.00010032899286047323	1.2640000000000011
0.027315764620550024	0.013732053484624501	0.0002813659552547198	0.014124004936685225	0.0002717361038839014	0.00039195145206072346	7.298144025982588e-05	1.2800000000000011
0.02765719720988138	0.008807657281770876	0.000225827689942297	0.00912030075059076	0.00021815790646945973	0.00031264346881988383	5.835472037064952e-05	1.2960000000000012
0.027998629260021446	0.005788238935670358	0.00018209166654564366	0.006014951108889005	0.00017698057643063036	0.00022671217321864663	4.283982483217784e-05	1.3120000000000012
0.02834006076431381	0.0041085401008344544	0.0001530151885542478	0.004279561459525191	0.00014909145595845745	0.0001710213586907366	3.442943055700092e-05	1.3280000000000012
0.028681491716102115	0.003109693888528818	0.00013459041457631628	0.003283229978329679	0.00013041335331019302	0.000173536089800861	3.327066236514471e-05	1.3440000000000012
0.02902292210872996	0.0024108149619276056	0.00011939816306925014	0.0025750390921789636	0.00011533252457278225	0.00016422413025135802	3.0892233975221476e-05	1.3600000000000012
0.029364351935540996	0.001901398568311891	0.00010592924972760186	0.0020448100879983744	0.00010264093942745967	0.00014341151968648344	2.6188613962964776e-05	1.3760000000000012
0.02970578118987888	0.0015797041354462674	9.696957547246556e-05	0.0017070699490112891	9.36856245601987e-05	0.00012736581356502177	2.5022036649235576e-05	1.3920000000000012
0.03004720986508726	0.0013408238976839804	8.97191794923947e-05	0.0014601171709676044	8.654259955263067e-05	0.0001192932732836239	2.3662409671492633e-05	1.4080000000000013
0.030388637954509818	0.0011872081974727319	8.477722180605362e-05	0.0013044358727106317	8.168460793020154e-05	0.00011722767523789984	2.2689252178995885e-05	1.4240000000000013
0.03073006545149023	0.001233550191862574	8.612814614593887e-05	0.0013530440113426207	8.305556628982433e-05	0.0001194938194800468	2.2799790937918746e-05	1.4400000000000013
0.0310714923493722	0.0012933340700700066	8.831232976344287e-05	0.0014177221959724754	8.491036391713959e-05	0.00012438812590246875	2.4275454428413848e-05	1.4560000000000013
0.03141291864149943	0.001302747707924854	8.926201053151221e-05	0.0014367097503109258	8.540139257549432e-05	0.0001339620423860718	2.5967454058765536e-05	1.4720000000000013
0.03175434432121564	0.001395675653999392	9.142841018611411e-05	0.0015258627394150182	8.795336089248545e-05	0.00013018708541562605	2.496718840551623e-05	1.4880000000000013
0.03209576938186455	0.001371322835268785	8.931667474170052e-05	0.001479505661703519	8.655985258676533e-05	0.00010818282643473376	2.201954375258897e-05	1.5040000000000013
0.03243719381678992	0.0012128444519639394	8.371000926645568e-05	0.0013104580773911625	8.139087536786937e-05	9.761362542722305e-05	1.9567602260932525e-05	1.5200000000000014
0.032778617619335496	0.00103408198791755	7.776784058864982e-05	0.0011289578729938793	7.544806108019238e-05	9.487588507632952e-05	1.8852774571961836e-05	1.5360000000000014
0.03312004078284504	0.0008799404316556718	7.165690758463899e-05	0.000964394845867316	6.964931453722829e-05	8.445441421164423e-05	1.6842962598299964e-05	1.5520000000000014
0.033461463300662346	0.0008562008676651229	7.119289533206855e-05	0.0009460139393697459	6.890840947392948e-05	8.981307170462306e-05	1.789020540787985e-05	1.5680000000000014
0.03380288516613119	0.000925957848074131	7.422881647146426e-05	0.001023595229496208	7.157385499223652e-05	9.763738142207697e-05	1.9674869155972104e-05	1.5840000000000014
0.03414430637259539	0.0009477883094471002	7.53907844756921e-05	0.00104981227939024	7.239844930586207e-05	0.00010202396994313969	2.102938234867532e-05	1.6000000000000014
0.03448572691339876	0.0010272050713370012	7.946915989213689e-05	0.0011524588063533596	7.579830966165371e-05	0.0001252537350163583	2.3873910999207325e-05	1.6160000000000014
0.03482714678188512	0.0012252632700846557	8.55106312290463e-05	0.0013499401458507252	8.195133232275996e-05	0.0001246768757660695	2.441407757246844e-05	1.6320000000000014
0.035168565971398336	0.0015513618501995638	9.431711573949226e-05	0.0016735078836415446	9.113116260946975e-05	0.00012214603344198083	2.4306985063210977e-05	1.6480000000000015
0.035509984475282245	0.002192817389161579	0.00011175456574228417	0.002340452964930906	0.00010764204771559426	0.00014763557576932696	3.0037851584962646e-05	1.6640000000000015
0.035851402286880725	0.0033362419691172194	0.0001371289203551861	0.003519239232716528	0.0001318710365410844	0.0001829972635993083	3.760811773219923e-05	1.6800000000000015
0.03619281939953766	0.00488654182735679	0.0001646661889186466	0.005110281299614811	0.0001587829677988543	0.0002237394722580204	4.362250462753614e-05	1.6960000000000015
0.036534235806596954	0.006811386141382539	0.0001923319163464963	0.0070622919697481855	0.00018654473038456164	0.000250905828365646	4.682552307520825e-05	1.7120000000000015
0.036875651501402505	0.008712574551406692	0.00021662053002169087	0.008983528763551242	0.0002102831791448239	0.00027095421214455	5.2013830810892635e-05	1.7280000000000015
0.03721706647729824	0.01009190722139342	0.00023120559645032582	0.010349882584030225	0.00022557745460635974	0.0002579753626368047	5.07034496190015e-05	1.7440000000000015
0.037558480727628116	0.010438621189031551	0.0002329021428415405	0.010656007401043003	0.00022870822345004543	0.00021738621201145136	4.3999507571169736e-05	1.7600000000000016
0.03789989424573607	0.00964755091627613	0.0002245507793604156	0.009860523669295171	0.00021978799635091105	0.00021297275301904186	4.600314306025145e-05	1.7760000000000016
0.038241307024966066	0.008295040548767106	0.00020751605311466743	0.008483466716340742	0.0002036367490645596	0.0001884261675736356	3.993728496914955e-05	1.7920000000000016
0.038582719058662104	0.0065194516101290565	0.00018234608537942578	0.006660539636770303	0.00018020970732337364	0.00014108802664124627	2.7830850501284505e-05	1.8080000000000016
0.03892413034016816	0.004754314479843362	0.00015571524730705923	0.0048680195075243285	0.0001538650382345834	0.00011370502768096633	2.3932995068917005e-05	1.8240000000000016
0.03926554086282827	0.0034725448369962806	0.00013308188829197707	0.0035649264274829097	0.00013149152389941408	9.238159048662903e-05	2.0512633521029957e-05	1.8400000000000016
0.03960695061998643	0.00253309050887123	0.0001139175205032707	0.0026176174643896344	0.00011253371799210994	8.452695551840433e-05	1.7702084410751468e-05	1.8560000000000016
0.0399483596049867	0.0018730953058300733	9.847481460597982e-05	0.0019538544598930877	9.711553869395787e-05	8.07591540630144e-05	1.6305252401127265e-05	1.8720000000000017
0.04028976781117314	0.001481240602307659	8.80635068584779e-05	0.001561328799281126	8.672270383769189e-05	8.008819697346683e-05	1.530862107745714e-05	1.8880000000000017
0.04063117523188981	0.0011965361008191107	7.984265352720906e-05	0.0012747264731283851	7.829067695153131e-05	7.819037230927435e-05	1.5665861761706963e-05	1.9040000000000017
0.04097258186048079	0.0009637908562784262	7.230992473271213e-05	0.0010398966380533146	7.064459601547207e-05	7.61057817748884e-05	1.5429396250704074e-05	1.9200000000000017
0.04131398769029021	0.0007784130145774366	6.627932664857342e-05	0.0008569628074665001	6.40698417436078e-05	7.854979288906351e-05	1.697069591788578e-05	1.9360000000000017
0.04165539271466216	0.0006956761579178434	6.305860898048901e-05	0.000771593759628253	6.0732266145990304e-05	7.591760171040952e-05	1.696997393418179e-05	1.9520000000000017
0.041996796926940784	0.0007094394023006346	6.209455226239271e-05	0.0007711284556253398	6.0650433994357064e-05	6.168905332470515e-05	1.33138377999417e-05	1.9680000000000017
0.04233820032047024	0.0007400586588942847	6.272132432452535e-05	0.000796253952852317	6.15662212715232e-05	5.6195293958032334e-05	1.198185809330673e-05	1.9840000000000018
0.04267960288859467	0.0006995026966657154	6.146224872914403e-05	0.000761030977325572	6.012125162950122e-05	6.152828065985664e-05	1.2768833985347386e-05	2.0000000000000018
0.04302100462465828	0.0007032464567926361	6.158369844929766e-05	0.0007642988189072915	6.019163594468373e-05	6.10523621146554e-05	1.3019941512798211e-05	2.016000000000002
0.043362405522005244	0.0007234776337010496	6.143822841898512e-05	0.0007712812532600021	6.040909124333616e-05	4.7803619558952525e-05	1.1198107269430748e-05	2.032000000000002
0.04370380557397979	0.0006792665618727242	5.9388130419563686e-05	0.0007241395847217797	5.848442711505673e-05	4.487302284905555e-05	1.0320940836702951e-05	2.048000000000002
0.04404520477392616	0.000675824274676761	5.981197731106292e-05	0.0007297505225004222	5.86533274545742e-05	5.392624782366111e-05	1.1715793117224196e-05	2.064000000000002
0.04438660311518858	0.0006549248271969525	5.905576169308764e-05	0.0007085137076975972	5.773157140558375e-05	5.358888050064468e-05	1.2435781125154243e-05	2.080000000000002
0.04472800059111132	0.0006234024970072959	5.844471472654841e-05	0.0006871908796526785	5.680527664881127e-05	6.378838264538258e-05	1.3745734768270551e-05	2.096000000000002
0.04506939719503866	0.0006896497509625724	6.14054774123924e-05	0.000757693762941745	5.958295050381263e-05	6.804401197917266e-05	1.4849399499779388e-05	2.112000000000002
0.04541079292031489	0.0007509639653620366	6.316860520011881e-05	0.0008110315582685317	6.157717771840393e-05	6.006759290649512e-05	1.4089849792122572e-05	2.128000000000002
0.04575218776028434	0.0007706049860035771	6.458161202708751e-05	0.0008419127205885151	6.267932786940262e-05	7.130773458493796e-05	1.5559128184354744e-05	2.144000000000002
0.046093581708291344	0.0008402600067006995	6.756929700875658e-05	0.0009201286107736455	6.546124069502198e-05	7.986860407294606e-05	1.6746219421886228e-05	2.160000000000002
0.046434974757680235	0.0008601241566738939	6.862855897587406e-05	0.0009454349521866145	6.629322143634849e-05	8.53107955127206e-05	1.7750715441815008e-05	2.176000000000002
0.04677636690179539	0.000979937711705179	7.288228444001044e-05	0.001069668076093991	7.04532571736232e-05	8.973036438881214e-05	1.86592052033815e-05	2.192000000000002
0.04711775813398118	0.0012483539773124595	8.078994655705805e-05	0.001339646662539325	7.877495735581965e-05	9.129268522686545e-05	1.793102223190557e-05	2.208000000000002
0.04745914844758201	0.001523354983698444	8.82357619154266e-05	0.0016145174850505633	8.639903885518185e-05	9.116250135211924e-05	1.79096556554453e-05	2.224000000000002
0.04780053783594233	0.0019071185160760994	9.72778977444131e-05	0.0019910572035520572	9.584279713687378e-05	8.393868747595795e-05	1.664775139628616e-05	2.240000000000002
0.048141926292406545	0.0024043729604690815	0.00010923626235429388	0.0025044809477701435	0.00010738611558447121	0.00010010798730106207	2.001957024550503e-05	2.256000000000002
0.04848331381031912	0.0029494723543561146	0.00012071829239797425	0.003061303993438327	0.00011861759704898402	0.00011183163908221233	2.2422573220031303e-05	2.272000000000002
0.04882470038302454	0.0032590828705055556	0.00012648997532384876	0.003377126042818916	0.00012447143509607705	0.0001180431723133605	2.250723667070101e-05	2.288000000000002
0.04916608600386728	0.003390444993877973	0.00012884875569592566	0.0035065308468243232	0.00012671065798124844	0.00011608585294635043	2.3375435789465284e-05	2.304000000000002
0.04950747066619186	0.003307926643516813	0.00012726176087620494	0.003420806126637797	0.0001250258959878225	0.00011287948312098381	2.375039186528419e-05	2.320000000000002
0.04984885436334282	0.0029952315475064682	0.00012105232404970275	0.003102199351397665	0.00011895602293625065	0.0001069678038911966	2.2430554273678797e-05	2.336000000000002
0.05019023708866469	0.0025408498501604494	0.0001105611503774886	0.0026216538559224955	0.00010926283386625981	8.080400576204618e-05	1.689381864196955e-05	2.352000000000002
0.050531618835502064	0.002012846289865499	9.813655306780962e-05	0.002080542731309817	9.724882961977895e-05	6.769644144431807e-05	1.3169972878264383e-05	2.368000000000002
0.0508729995971995	0.0016964842722517809	9.055180095423212e-05	0.0017634459187488697	8.944304478395041e-05	6.696164649708885e-05	1.4126938657441403e-05	2.384000000000002
0.05121437936710162	0.0014415538157564287	8.365639044150493e-05	0.0015050792342792413	8.253871035869487e-05	6.352541852281256e-05	1.362912154267454e-05	2.400000000000002
0.05155575813855305	0.001148826625417966	7.504323961824951e-05	0.001211974912466011	7.39801300051915e-05	6.314828704804481e-05	1.2586825525801837e-05	2.416000000000002
0.05189713590489843	0.0009465767808042248	6.845538230931803e-05	0.0010079867328693852	6.73914961588792e-05	6.140995206516039e-05	1.2021880575960682e-05	2.432000000000002
0.052238512659482414	0.0008791365210238576	6.634986738166909e-05	0.0009405384096589165	6.502195761486898e-05	6.140188863505888e-05	1.3207949481098771e-05	2.448000000000002
0.05257988839564973	0.0008385948688340867	6.502616514917852e-05	0.0008985833940710581	6.348450104872773e-05	5.998852523697138e-05	1.4075520615676281e-05	2.464000000000002
0.052921263106745026	0.0008255482963447521	6.4287642184329e-05	0.0008867554474191288	6.299918409630637e-05	6.12071510743767e-05	1.2806394528516504e-05	2.480000000000002
0.05326263678611306	0.0009226311818762059	6.837311025645718e-05	0.0009945883164209596	6.664846499677647e-05	7.195713454475375e-05	1.5259892519775867e-05	2.496000000000002
0.05360400942709858	0.001094719358505662	7.404940513657546e-05	0.0011723099602133319	7.228707317770685e-05	7.759060170766988e-05	1.6059061382333115e-05	2.5120000000000022
0.05394538102304632	0.0013114547611497297	8.016581862619315e-05	0.0013896023444662162	7.86456506055334e-05	7.814758331648647e-05	1.553769985680187e-05	2.5280000000000022
0.0542867515673011	0.0015072540848601894	8.499805643831209e-05	0.0015772573963438994	8.371211130919568e-05	7.00033114837101e-05	1.4729291172603004e-05	2.5440000000000023
0.054628121053207704	0.0016239609803792212	8.742171290233359e-05	0.001685352085746575	8.646154592780128e-05	6.139110536735385e-05	1.2921182707196251e-05	2.5600000000000023
0.054969489474110955	0.0016793180771867474	8.940013509360638e-05	0.0017497376218697982	8.802844750537212e-05	7.041954468305067e-05	1.560053154700239e-05	2.5760000000000023
0.05531085682335571	0.001681920388150343	9.007412550799654e-05	0.0017637748473931132	8.832459048128574e-05	8.185445924277028e-05	1.7666771135198455e-05	2.5920000000000023
0.05565222309428684	0.0016411454870301561	8.876219642134192e-05	0.0017189290771497151	8.71334650388725e-05	7.778359011955909e-05	1.692592047306344e-05	2.6080000000000023
0.05599358828024923	0.0015507614020147068	8.593369959089138e-05	0.00162194969904101	8.457097482164213e-05	7.11882970263034e-05	1.5243062129858886e-05	2.6240000000000023
0.0563349523745878	0.0013905292283504585	8.115079860147223e-05	0.001455388165864458	8.004573245155324e-05	6.485893751399947e-05	1.334664114865854e-05	2.6400000000000023
0.05667631537064744	0.001265368926102559	7.789596369134921e-05	0.0013354211654454176	7.660578512523012e-05	7.005223934285852e-05	1.4118599248900951e-05	2.6560000000000024
0.05701767726177316	0.0012108261777188695	7.638039587767766e-05	0.0012800989085568586	7.492629661958461e-05	6.927273083798903e-05	1.4832900906592123e-05	2.6720000000000024
0.0573590380413099	0.0011171824908739675	7.27835378751287e-05	0.0011754413012435606	7.171038508844304e-05	5.825881036959315e-05	1.2452471886637555e-05	2.6880000000000024
0.057700397702602664	0.0009541751595886847	6.764237759486613e-05	0.0010128305384573203	6.647642745193795e-05	5.865537886863564e-05	1.2505032583471247e-05	2.7040000000000024
0.05804175623899646	0.0008525966920137335	6.451994734335738e-05	0.0009141761057847077	6.3087509334798e-05	6.157941377097414e-05	1.3519976742634734e-05	2.7200000000000024
0.05838311364383634	0.0008264293651180348	6.34501590072949e-05	0.0008874109471394885	6.207410452241812e-05	6.098158202145374e-05	1.3142611072040324e-05	2.7360000000000024
0.05872446991046737	0.0007776629872684513	6.099678602030502e-05	0.0008282913540474286	5.9908987896612845e-05	5.062836677897737e-05	1.1468263774886467e-05	2.7520000000000024
0.05906582503223463	0.0007667365962226545	6.0105850507346335e-05	0.0008128270944133	5.930235227199462e-05	4.609049819064546e-05	9.795115120289329e-06	2.7680000000000025
0.05940717900248321	0.000752092523573489	5.9873246870567155e-05	0.000802859758620941	5.889362599021766e-05	5.076723504745194e-05	1.078640387470439e-05	2.7840000000000025
0.05974853181455825	0.0007475333716274164	6.034413163318952e-05	0.0008066944526817252	5.898214236839768e-05	5.916108105430872e-05	1.2748376531847946e-05	2.8000000000000025
0.060089883461804904	0.0007814057696096838	6.241621291509131e-05	0.0008524568496195892	6.0584092056231434e-05	7.105108000990545e-05	1.5011709575664147e-05	2.8160000000000025
0.06043123393756834	0.0007718521965221626	6.143926159770211e-05	0.0008367059336320355	5.997989527739223e-05	6.485373710987278e-05	1.3311462285712057e-05	2.8320000000000025
0.06077258323519376	0.0007715033563563325	6.10432943616101e-05	0.0008337030263926256	5.9832366428993064e-05	6.219967003629315e-05	1.2098417831472143e-05	2.8480000000000025
0.061113931348026396	0.0007459386115365238	6.005871564206028e-05	0.0008078333674836906	5.884463127945799e-05	6.189475594716675e-05	1.201493629439999e-05	2.8640000000000025
0.06145527826941146	0.0007017696049038241	5.758734621730077e-05	0.0007506630221346069	5.6665620998105166e-05	4.889341723078285e-05	1.0262058333997537e-05	2.8800000000000026
0.061796623992694234	0.0006757886174723634	5.656362703567786e-05	0.0007217802488063904	5.550761595046354e-05	4.599163133402702e-05	1.0878808525160868e-05	2.8960000000000026
0.06213796851122002	0.000598976925415919	5.384360071426179e-05	0.000646300717928148	5.247145664020892e-05	4.732379251222896e-05	1.2078061762200411e-05	2.9120000000000026
0.062479311818334105	0.000525963561335487	5.074175425826099e-05	0.0005782050711301861	4.9587254282932646e-05	5.2241509794699e-05	1.0762427137292288e-05	2.9280000000000026
0.06282065390738184	0.0004938412145539423	5.0230814142028545e-05	0.0005552202381655171	4.8552298894404946e-05	6.137902361157482e-05	1.28766828585385e-05	2.9440000000000026
0.0631619947717086	0.00045551389137693976	4.930056432729744e-05	0.0005243640389601956	4.714107141278476e-05	6.885014758325583e-05	1.4431390405803625e-05	2.9600000000000026
0.06350333440465976	0.0004553498290252064	4.934950226920825e-05	0.0005273943643471058	4.723658981437968e-05	7.204453532189939e-05	1.4285585634709961e-05	2.9760000000000026
0.0638446727995807	0.0005195268492376403	5.1784941205121806e-05	0.0005903040743928144	4.992827236210947e-05	7.077722515517419e-05	1.3742188855962429e-05	2.9920000000000027
0.0641860099498169	0.0006307074382063204	5.625408742939677e-05	0.0007016022833545502	5.4377889421148234e-05	7.089484514822979e-05	1.4407202872715817e-05	3.0080000000000027
0.06452734584871375	0.0007399844167702017	5.94533564604936e-05	0.0008010538796590144	5.804376935897788e-05	6.106946288881268e-05	1.28694379450035e-05	3.0240000000000027
0.0648686804896168	0.0008904417772697842	6.402869783438012e-05	0.0009451322599903589	6.298495099633659e-05	5.469048272057475e-05	1.1513908734892379e-05	3.0400000000000027
0.06521001386587152	0.0010898391035473578	7.10814049899179e-05	0.001154983266721967	6.956575254073684e-05	6.514416317460938e-05	1.4600418102975389e-05	3.0560000000000027
0.06555134597082346	0.0012991677304508016	7.665698344936771e-05	0.0013610700313898211	7.546199076101347e-05	6.190230093901961e-05	1.3482620737132396e-05	3.0720000000000027
0.06589267679781816	0.0014475520187140125	8.009243096684619e-05	0.001504216770143343	7.927567809507147e-05	5.6664751429330466e-05	1.1408959669734479e-05	3.0880000000000027
0.06623400634020118	0.0014732696588319247	8.117897760458949e-05	0.0015382840190561083	8.010748386699531e-05	6.501436022418361e-05	1.3146004466206763e-05	3.1040000000000028
0.06657533459131816	0.0014238067210937718	7.952987465674465e-05	0.001484248075609618	7.861029267652418e-05	6.0441354515846204e-05	1.2059139613949366e-05	3.1200000000000028
0.06691666154451471	0.0013225515593733147	7.655511271044429e-05	0.0013789148156387343	7.569143421994073e-05	5.636325626541949e-05	1.1466999077230897e-05	3.136000000000003
0.06725798719313651	0.0011929347280906259	7.338609210508706e-05	0.001256483080627843	7.219606999425201e-05	6.354835253721721e-05	1.3162294322852083e-05	3.152000000000003
0.0675993115305292	0.0010903595517463888	7.022030018779764e-05	0.001150204603923451	6.902728029281549e-05	5.9845052177062164e-05	1.2888953946752186e-05	3.168000000000003
0.06794063455003851	0.0010502148592396955	6.775240793612719e-05	0.0010886641862944998	6.711025780779536e-05	3.844932705480441e-05	9.30602375424824e-06	3.184000000000003
0.06828195624501021	0.0009518890318802586	6.438974915760539e-05	0.0009867522118850466	6.385227101146774e-05	3.4863180004788054e-05	8.302245675563954e-06	3.200000000000003
0.06862327660878999	0.000795103652956029	5.909740265456547e-05	0.000830284365711638	5.852872068531097e-05	3.518071275560902e-05	8.178744124662076e-06	3.216000000000003
0.06896459563472367	0.0006810769128784313	5.4237433569615576e-05	0.0007056440200879261	5.390605091918754e-05	2.4567107209494687e-05	5.986390775452468e-06	3.232000000000003
0.06930591331615704	0.000594938208143739	5.065504948928212e-05	0.0006175421840665526	5.0379074863169497e-05	2.2603975922813587e-05	5.28042182905723e-06	3.248000000000003
0.06964722964643595	0.0005596088244045999	4.902451729514339e-05	0.0005801189195550154	4.877829989872037e-05	2.051009515041554e-05	4.907214587962269e-06	3.264000000000003
0.06998854461890629	0.000511921312140298	4.7386522376923723e-05	0.0005369887353971767	4.687484455872054e-05	2.5067423256878733e-05	6.944886649505561e-06	3.280000000000003
0.07032985822691389	0.00042468182127988204	4.429463564969674e-05	0.0004603580978143404	4.336035278699114e-05	3.567627653445835e-05	9.049560957695938e-06	3.296000000000003
0.07067117046380471	0.00042835180674874956	4.4177286128348764e-05	0.00046122353485436595	4.33779938999692e-05	3.28717281056164e-05	8.365539724383083e-06	3.312000000000003
0.07101248132292466	0.0005027189700608633	4.695339403441716e-05	0.0005308201128213879	4.650465331816052e-05	2.8101142760524564e-05	6.4759888132193945e-06	3.328000000000003
0.07135379079761973	0.0005265531811106401	4.869995191479604e-05	0.0005648074130927293	4.7929810640566366e-05	3.8254231982089195e-05	8.626619758798772e-06	3.344000000000003
0.07169509888123593	0.0005054958710616394	4.801617786043798e-05	0.000546122789120428	4.70941264838869e-05	4.062691805878864e-05	9.364645590991531e-06	3.360000000000003
0.07203640556711927	0.0005032979914974313	4.706413599522875e-05	0.000534415247812046	4.6561366852388796e-05	3.111725631461462e-05	6.860904737325603e-06	3.376000000000003
0.07237771084861576	0.0004827717104861644	4.5786040919414794e-05	0.0005082817604070955	4.53757015208398e-05	2.5510049920931106e-05	6.116147036000871e-06	3.392000000000003
0.07271901471907155	0.00046431510164780874	4.47934132154339e-05	0.00048809987322247987	4.4430382269566004e-05	2.378477157467113e-05	5.691309064603985e-06	3.408000000000003
0.0730603171718327	0.0004647499137458061	4.45994713851681e-05	0.00048558186308110134	4.428716031073772e-05	2.0831949335295255e-05	5.268802468061018e-06	3.424000000000003
0.07340161820024535	0.00041207367285702693	4.184238648015179e-05	0.0004289392896818693	4.15964041521641e-05	1.6865616824842365e-05	4.530393797918122e-06	3.440000000000003
0.07374291779765567	0.00031164061970824643	3.7012319033928626e-05	0.00033248937920472756	3.659390056069051e-05	2.084875949648111e-05	5.549612781411887e-06	3.456000000000003
0.07408421595740983	0.00027621800135561387	3.5087673503530376e-05	0.00029736880154303995	3.457902995609432e-05	2.1150800187426098e-05	5.952774074822513e-06	3.472000000000003
0.07442551267285406	0.00023874329402947574	3.233452929663456e-05	0.00025466611854253805	3.19724291704458e-05	1.592282451306233e-05	4.825511141396838e-06	3.488000000000003
0.07476680793733462	0.0002140334710826087	3.0373250488856364e-05	0.00022605345557481874	3.010083160709154e-05	1.2019984492210063e-05	4.05885227870297e-06	3.504000000000003
0.07510810174419776	0.0002139709168459702	3.07012852391147e-05	0.00023129728894971224	3.0418386774218565e-05	1.7326372103742035e-05	4.158204106044708e-06	3.520000000000003
0.07544939408678977	0.00017952922473426516	2.854564504771625e-05	0.00019836444299313434	2.8139589279843576e-05	1.8835218258869194e-05	4.797641749017921e-06	3.536000000000003
0.07579068495845702	0.00017631618207370083	2.7797159730726887e-05	0.00018952828066283754	2.7476465201001302e-05	1.321209858913671e-05	4.210219608726943e-06	3.552000000000003
0.07613197435254583	0.000198878532742511	2.938258538115749e-05	0.00021290401382548856	2.908703186563437e-05	1.4025481082977558e-05	4.157030301619239e-06	3.568000000000003
0.07647326226240261	0.00019821859617526433	2.8664874010487643e-05	0.0002055698836986376	2.8557641667080057e-05	7.351287523373281e-06	2.4771161562960424e-06	3.584000000000003
0.07681454868137379	0.0001735714212602443	2.668554736282647e-05	0.00017879288119785524	2.660466216670457e-05	5.221459937610949e-06	2.0761476462846596e-06	3.600000000000003
0.07715583360280578	0.00017764428373770816	2.7383504710058416e-05	0.00018667892105121795	2.7162193505114162e-05	9.034637313509788e-06	3.474417101691355e-06	3.616000000000003
0.07749711702004507	0.00017913042052384635	2.744022568921623e-05	0.0001882375936348628	2.7264644327230478e-05	9.107173111016437e-06	3.0992185442045236e-06	3.6320000000000032
0.07783839892643818	0.00013972659005863553	2.4487997281926682e-05	0.00014974494964150624	2.4304909030354018e-05	1.0018359582870713e-05	2.9888807112135276e-06	3.6480000000000032
0.07817967931533162	0.00010404166363048543	2.200587659435502e-05	0.00011845939082704464	2.1602789716212526e-05	1.4417727196559208e-05	4.192622229951619e-06	3.6640000000000033
0.07852095818007195	0.00010652812851775776	2.2504436769801726e-05	0.00012306247875527805	2.2005638760833307e-05	1.6534350237520285e-05	4.711850703674162e-06	3.6800000000000033
0.07886223551400579	9.441923428839708e-05	2.0688206467767734e-05	0.00010570058405631858	2.0380028887303277e-05	1.1281349767921494e-05	3.5575707168896414e-06	3.6960000000000033
0.07920351131047974	7.693134086587312e-05	1.8377966087532188e-05	8.417682939229145e-05	1.817203437583056e-05	7.245488526418329e-06	2.7435021702407353e-06	3.7120000000000033
0.07954478556284046	8.093912425253605e-05	1.8831100883758378e-05	8.882127375285121e-05	1.8655309732045984e-05	7.882149500315148e-06	2.567056543147418e-06	3.7280000000000033
0.07988605826443464	8.824615770090412e-05	1.949566945357914e-05	9.491303847695481e-05	1.927103508612842e-05	6.6668807760506875e-06	2.950988673720408e-06	3.7440000000000033
0.080227329408609	9.244184418809746e-05	1.95342956923126e-05	9.670906023547154e-05	1.943252080711918e-05	4.267216047374081e-06	1.991442511242228e-06	3.7600000000000033
0.08056859898871023	8.166407633374775e-05	1.8421503046695952e-05	8.618470005300165e-05	1.8322103986441533e-05	4.520623719253897e-06	1.911093930044129e-06	3.7760000000000034
0.08090986699808517	5.951149680246393e-05	1.631804765681612e-05	6.645571783194474e-05	1.6077489643717477e-05	6.944221029480809e-06	2.7915956165389216e-06	3.7920000000000034
0.08125113343008059	5.1746299881410356e-05	1.564530167274035e-05	6.0480256434822646e-05	1.5328529728288066e-05	8.733956553412287e-06	3.132353875289476e-06	3.8080000000000034
0.08159239827804332	6.23644125606419e-05	1.6905970702095424e-05	7.150613145055297e-05	1.6657414100936585e-05	9.141718889911075e-06	2.8883214589148185e-06	3.8240000000000034
0.08193366153532027	8.101479330750872e-05	1.8620674224763884e-05	8.777697428818922e-05	1.843831103744369e-05	6.762180980680501e-06	2.5996527982152187e-06	3.8400000000000034
0.08227492319525828	8.569353531917528e-05	1.898231666355186e-05	9.171683227475913e-05	1.8832407258370533e-05	6.023296955583856e-06	2.380920572012307e-06	3.8560000000000034
0.08261618325120433	8.239864238552712e-05	1.903564050321265e-05	9.131392233650323e-05	1.8771656798491734e-05	8.915279950976121e-06	3.159194582039715e-06	3.8720000000000034
0.08295744169650533	8.390584689691354e-05	1.9041381226376533e-05	9.224820651842107e-05	1.8843756614526036e-05	8.34235962150754e-06	2.736244810083874e-06	3.8880000000000035
0.08329869852450832	8.193419354486898e-05	1.924608357807923e-05	9.280739733748874e-05	1.888725254734017e-05	1.087320379261976e-05	3.6991112861609354e-06	3.9040000000000035
0.08363995372856027	8.28855131607288e-05	1.899043071039482e-05	9.154842884672015e-05	1.874313807383587e-05	8.66291568599136e-06	3.05470681267956e-06	3.9200000000000035
0.08398120730200825	8.741962916596756e-05	1.852429664682845e-05	8.935195262301296e-05	1.850030438546605e-05	1.9323234570454064e-06	9.424987558641285e-07	3.9360000000000035
0.0843224592381994	7.908670442912916e-05	1.7933214133929426e-05	8.316334483866479e-05	1.783387764095851e-05	4.076640409535633e-06	1.8849343385609664e-06	3.9520000000000035
0.08466370953048077	6.808802744504365e-05	1.6931691531987687e-05	7.385442299534355e-05	1.6790958612907407e-05	5.766395550299895e-06	2.1785056791328698e-06	3.9680000000000035
0.08500495817219954	6.011311378291221e-05	1.6408399756303543e-05	6.836286139905275e-05	1.6142680001764487e-05	8.249747616140543e-06	2.9409972667948904e-06	3.9840000000000035
0.08534620515670287	6.0742930998275884e-05	1.665126878801399e-05	7.011514555221467e-05	1.6333853140985813e-05	9.372214553938781e-06	3.2357369824194163e-06	4.0000000000000036
0.08568745047733803	7.139655423412865e-05	1.7354803392201794e-05	7.798158435106862e-05	1.7212798074314842e-05	6.585030116939971e-06	2.215577404389684e-06	4.016000000000004
0.08602869412745219	6.437980185323717e-05	1.6754024659300632e-05	7.203933418908288e-05	1.6528757414048454e-05	7.659532335845708e-06	2.7381600815131193e-06	4.032000000000004
0.08636993610039269	6.059301083949628e-05	1.6063716374114507e-05	6.68681935745315e-05	1.5908052135691195e-05	6.275182735035217e-06	2.2308879389438837e-06	4.048000000000004
0.0867111763895068	7.367364427102859e-05	1.7025449954734354e-05	7.622868225998469e-05	1.698061157855167e-05	2.555037988956105e-06	1.2348184399015646e-06	4.064000000000004
0.08705241498814191	8.592175200730909e-05	1.8328800671851822e-05	8.84051201002189e-05	1.8273194478439665e-05	2.4833680929098084e-06	1.426638574270973e-06	4.080000000000004
0.08739365188964536	8.522606711394725e-05	1.8454612724310034e-05	8.940036208385241e-05	1.8359063650565367e-05	4.174294969905157e-06	1.8755033134482072e-06	4.096000000000004
0.08773488708736457	8.526968834676752e-05	1.839226482291395e-05	8.896437638151978e-05	1.8300045130668938e-05	3.6946880347522563e-06	1.8394981738719073e-06	4.112000000000004
0.08807612057464699	7.782136902193253e-05	1.757026780729294e-05	8.118964137826878e-05	1.746676866333098e-05	3.368272356336253e-06	1.9042855042439322e-06	4.128000000000004
0.08841735234484009	5.731983926580839e-05	1.6228159034964076e-05	6.622644027646797e-05	1.5768124746043335e-05	8.906601010659574e-06	3.836585416395933e-06	4.144000000000004
0.08875858239129139	4.2523873520424965e-05	1.5080072871493456e-05	5.4920600960736086e-05	1.4350671320114619e-05	1.2396727440311118e-05	4.633231104919402e-06	4.160000000000004
0.08909981070734843	4.869681218537624e-05	1.5087003278697243e-05	5.7670881027893966e-05	1.4690798277631462e-05	8.974068842517721e-06	3.434838263639473e-06	4.176000000000004
0.08944103728635878	6.0621480375502046e-05	1.6414641784093997e-05	6.99621215072077e-05	1.616688265325587e-05	9.340641131705653e-06	2.841191682371843e-06	4.192000000000004
0.08978226212167006	5.3140485894260045e-05	1.593794026383217e-05	6.4570436841896e-05	1.552093149429578e-05	1.1429950947635959e-05	3.621964301709777e-06	4.208000000000004
0.09012348520662994	4.9212226263313826e-05	1.4919059135457489e-05	5.7456497568833785e-05	1.463105136743053e-05	8.244271305519957e-06	2.9173037844706477e-06	4.224000000000004
0.09046470653458605	5.4566808276314564e-05	1.5065396613045763e-05	5.993233584848854e-05	1.4926534816059827e-05	5.365527572173979e-06	2.040767868554523e-06	4.240000000000004
0.09080592609888616	4.7862241904910684e-05	1.4326720392078591e-05	5.4064398279609545e-05	1.4162209991807379e-05	6.2021563746988615e-06	2.164884602179005e-06	4.256000000000004
0.09114714389287798	3.560770534635851e-05	1.3112287888038479e-05	4.4011423284858555e-05	1.2766489555142306e-05	8.403717938500044e-06	2.991460863398186e-06	4.272000000000004
0.0914883599099093	4.810319561219712e-05	1.4473196361985986e-05	5.5035757912211145e-05	1.4263649770628858e-05	6.932562300014028e-06	2.453916900272637e-06	4.288000000000004
0.09182957414332793	4.8156221008961076e-05	1.4639915751017932e-05	5.5826987284554116e-05	1.4354607684440056e-05	7.67076627559304e-06	2.876173051594323e-06	4.304000000000004
0.09217078658648177	3.918779955111746e-05	1.4246019455398191e-05	5.137969622708142e-05	1.3759074775877925e-05	1.2191896675963959e-05	3.692821636010003e-06	4.320000000000004
0.09251199723271863	5.154784266398386e-05	1.5894911296540637e-05	6.439341739149844e-05	1.5392860765246658e-05	1.2845574727514586e-05	3.963337304169969e-06	4.336000000000004
0.09285320607538651	5.932130204191853e-05	1.616313636891143e-05	6.887098447266212e-05	1.5905679543810218e-05	9.549682430743591e-06	2.873383985763932e-06	4.352000000000004
0.0931944131078333	5.634304831653037e-05	1.55626491078746e-05	6.398644155008929e-05	1.5320311187632732e-05	7.643393233558925e-06	2.7357105784284737e-06	4.368000000000004
0.09353561832340705	5.8019660580210827e-05	1.5761494376985852e-05	6.59278530876012e-05	1.553308781704892e-05	7.908192507390382e-06	2.67355341513931e-06	4.384000000000004
0.09387682171545576	6.44229320990531e-05	1.6206538579078827e-05	7.050682336124807e-05	1.6042614802937733e-05	6.0838912621949795e-06	2.2992179104498777e-06	4.400000000000004
0.0942180232773275	6.103352308454973e-05	1.566968233025564e-05	6.640784961211097e-05	1.5560802837159305e-05	5.37432652756124e-06	1.844006343313583e-06	4.416000000000004
0.09455922300237037	5.457686865841121e-05	1.5704732181660456e-05	6.393654481930093e-05	1.526334799402262e-05	9.35967616088972e-06	3.697136853167224e-06	4.432000000000004
0.09490042088393251	3.8101805167434516e-05	1.4009918331620013e-05	4.962116901683969e-05	1.344041364418662e-05	1.1519363849405179e-05	3.953870601300022e-06	4.448000000000004
0.09524161691536208	2.5775300039091326e-05	1.13268951574516e-05	3.3372063791437544e-05	1.1017605523657523e-05	7.5967637523462184e-06	2.6288633347840198e-06	4.464000000000004
0.0955828110900073	3.278357464324986e-05	1.2006700019195565e-05	3.852172446835685e-05	1.182352693154502e-05	5.738149825106992e-06	2.0892717032450322e-06	4.480000000000004
0.0959240034012164	5.3223275800145304e-05	1.5207209277602325e-05	6.169601686070408e-05	1.4940344756233704e-05	8.472741060558773e-06	2.836426021893438e-06	4.496000000000004
0.09626519384233766	5.166905681693298e-05	1.4664795010326504e-05	5.8131419722382944e-05	1.4489451959024584e-05	6.462362905449967e-06	2.260972052462349e-06	4.512000000000004
0.09660638240671944	3.276547393463017e-05	1.1519252064694854e-05	3.6173161532813215e-05	1.141972894889028e-05	3.4076875981830473e-06	1.5109463471129352e-06	4.528000000000004
0.09694756908771003	4.022823101982212e-05	1.266383290609727e-05	4.3826039014935634e-05	1.2566113313980802e-05	3.59780799511351e-06	1.5701783509354617e-06	4.544000000000004
0.09728875387865786	4.755126096174622e-05	1.3796294581084575e-05	5.2010001880736654e-05	1.3678306544099119e-05	4.458740918990427e-06	1.8004650104122699e-06	4.560000000000004
0.09762993677291136	4.108929090354664e-05	1.3279151917713533e-05	4.7508248240538795e-05	1.306511278989381e-05	6.418957336992153e-06	2.3745954268186843e-06	4.576000000000004
0.09797111776381892	3.091290098708412e-05	1.2193665554334613e-05	3.912297065227814e-05	1.1852692310636959e-05	8.210069665194021e-06	2.8634183488156136e-06	4.592000000000004
0.09831229684472916	3.8099616077599894e-05	1.3197679151963823e-05	4.652917052778036e-05	1.2915394763254472e-05	8.429554450180465e-06	2.715016226006664e-06	4.608000000000004
0.09865347400899055	4.4879887934188045e-05	1.4464249468429994e-05	5.561985583438725e-05	1.4109845997764459e-05	1.0739967900199205e-05	3.1822568413545206e-06	4.624000000000004
0.09899464924995166	3.0634736152241045e-05	1.263116763970964e-05	4.186870933116749e-05	1.2238039975519958e-05	1.1233973178926446e-05	3.12678325120617e-06	4.640000000000004
0.09933582256096112	2.630334692468391e-05	1.1573873136594287e-05	3.526751800356994e-05	1.1226152224746013e-05	8.964171078886032e-06	2.8156785343517193e-06	4.656000000000004
0.09967699393536757	3.5741711628458535e-05	1.3748567804222104e-05	4.91296247709577e-05	1.3239847502268827e-05	1.3387913142499166e-05	3.7053413856159768e-06	4.672000000000004
0.10001816336651974	4.017887021979449e-05	1.4479885400599642e-05	5.4177363599613505e-05	1.3885061676192528e-05	1.3998493379819009e-05	4.107571479941427e-06	4.688000000000004
0.10035933084776628	3.882530993801115e-05	1.358702329946341e-05	4.934230955097874e-05	1.3236222095470112e-05	1.0516999612967588e-05	3.0675114962376796e-06	4.704000000000004
0.10070049637245602	3.514164187116703e-05	1.3255049202528739e-05	4.600305587796351e-05	1.277960167562974e-05	1.086141400679648e-05	3.5182538813592323e-06	4.720000000000004
0.10104165993393774	3.6383876162089136e-05	1.3359488225196464e-05	4.732840277767669e-05	1.2951102558453414e-05	1.0944526615587552e-05	3.277936570402852e-06	4.736000000000004
0.10138282152556025	4.87237173317866e-05	1.4610571562157616e-05	5.762101097408625e-05	1.4276146753821559e-05	8.89729364229965e-06	3.1081240702840447e-06	4.752000000000004
0.10172398114067249	4.426952501042376e-05	1.397157066873621e-05	5.309711107717561e-05	1.3692662389718242e-05	8.827586066751856e-06	2.7777299423603952e-06	4.768000000000004
0.10206513877262335	4.8437939606173436e-05	1.4707116062006328e-05	5.8759128405173095e-05	1.4392985589485271e-05	1.0321188798999663e-05	3.0234464907111896e-06	4.784000000000004
0.10240629441476176	5.9909601538239086e-05	1.5822990270142348e-05	6.88660863461601e-05	1.5574541963273196e-05	8.956484807921005e-06	2.7929668317510733e-06	4.800000000000004
0.10274744806043674	5.3287600953269535e-05	1.4721388982483575e-05	5.960208009207322e-05	1.4476009725400196e-05	6.314479138803688e-06	2.676646409914414e-06	4.816000000000004
0.10308859970299734	4.572117242778902e-05	1.3734008675646934e-05	5.2016659823761483e-05	1.3509285562587225e-05	6.295487395972467e-06	2.4743075579275938e-06	4.832000000000004
0.1034297493357926	3.200335000608121e-05	1.2665893325647969e-05	4.2363801592262335e-05	1.2182244093851937e-05	1.0360451586181122e-05	3.4666673585020213e-06	4.848000000000004
0.10377089695217166	2.2179687989466252e-05	1.1339638412967733e-05	3.348090445106359e-05	1.0820986790259192e-05	1.1301216461597337e-05	3.3902277536899286e-06	4.864000000000004
0.10411204254548366	1.9400778446324918e-05	1.0654045591511206e-05	2.944906342257464e-05	1.0150975840488103e-05	1.004828497624972e-05	3.23517804020524e-06	4.880000000000004
0.10445318610907776	2.467067675136911e-05	1.118899665040787e-05	3.3302876344050794e-05	1.078484741898833e-05	8.632199592681685e-06	2.980052380744225e-06	4.896000000000004
0.10479432763630327	3.020578009415474e-05	1.1984763297764734e-05	3.862360452921308e-05	1.1600194875012678e-05	8.417824435058338e-06	3.01164907736247e-06	4.912000000000004
0.10513546712050939	2.6550893499160142e-05	1.1723551554063545e-05	3.6577692596932116e-05	1.1286610195349307e-05	1.0026799097771974e-05	3.1708187174644415e-06	4.928000000000004
0.10547660455504543	2.4802733504777324e-05	1.1553341909870641e-05	3.566656323888279e-05	1.113615842470345e-05	1.0863829734105463e-05	3.07663530927534e-06	4.944000000000004
0.10581773993326077	3.612252179620101e-05	1.3077820989703633e-05	4.697138101726623e-05	1.2770948334336896e-05	1.0848859221065218e-05	2.81643045013197e-06	4.960000000000004
0.1061588732485048	4.4500668360447225e-05	1.3940685154504813e-05	5.3707934291170504e-05	1.3647585137302947e-05	9.207265930723277e-06	2.8436108202597927e-06	4.976000000000004
0.10650000449412694	4.04405294202788e-05	1.3096374108934765e-05	4.7524288937390494e-05	1.2835150433115536e-05	7.083759517111691e-06	2.6026771141405404e-06	4.992000000000004
0.10684113366347668	3.927926866623971e-05	1.2685141297475117e-05	4.5228927596130964e-05	1.2511510928836956e-05	5.9496589298912535e-06	2.091627121286709e-06	5.0080000000000044
0.10718226074990349	2.828634668754399e-05	1.112895936663154e-05	3.461848116991626e-05	1.0929408884641294e-05	6.332134482372273e-06	2.0980367052222455e-06	5.0240000000000045
0.10752338574675696	1.799133442902333e-05	9.815125230188525e-06	2.5829235112409907e-05	9.431872076990772e-06	7.837900683386575e-06	2.715966201476951e-06	5.0400000000000045
0.10786450864738666	2.203482811152139e-05	1.0556863553516757e-05	3.052832386113618e-05	1.025498458149818e-05	8.493495749614792e-06	2.5065233533332642e-06	5.0560000000000045
0.10820562944514223	3.260509495321018e-05	1.2670506597074188e-05	4.3798294619473935e-05	1.2275052892898374e-05	1.1193199666263752e-05	3.1408301296071045e-06	5.0720000000000045
0.10854674813337334	3.20902678405666e-05	1.2946984435031354e-05	4.473141632191928e-05	1.239202879858188e-05	1.2641148481352677e-05	3.7499370949472606e-06	5.0880000000000045
0.10888786470542973	3.399401975426592e-05	1.2718424482326966e-05	4.4398427742743966e-05	1.2333184064156458e-05	1.0404407988478045e-05	3.1065885070751072e-06	5.1040000000000045
0.10922897915466113	4.145399840232271e-05	1.345290512797249e-05	5.04142702157661e-05	1.3136152573220326e-05	8.960271813443392e-06	2.9020944084067183e-06	5.1200000000000045
0.10957009147441733	3.2264036013298316e-05	1.2535333308650292e-05	4.248521010949393e-05	1.2049818001846798e-05	1.0221174096195616e-05	3.4549192872375927e-06	5.136000000000005
0.1099112016580482	3.738381334858292e-05	1.2791367150150528e-05	4.541024326166449e-05	1.2452755382960667e-05	8.026429913081565e-06	2.923688927039632e-06	5.152000000000005
0.1102523096989036	4.171885589139904e-05	1.2889811842195371e-05	4.757304771286722e-05	1.274025802622582e-05	5.85419182146818e-06	1.9578239840160774e-06	5.168000000000005
0.11059341559033346	3.7530756789780245e-05	1.2609632701588504e-05	4.48699163200914e-05	1.2365372902242276e-05	7.339159530311152e-06	2.469896730121045e-06	5.184000000000005
0.11093451932568776	4.2957915186745495e-05	1.3342689587130396e-05	5.0631294615181626e-05	1.3126268389731803e-05	7.673379428436135e-06	2.3934167165885603e-06	5.200000000000005
0.11127562089831648	4.051600367249142e-05	1.3269267968926331e-05	4.9246478810757145e-05	1.2937577158985462e-05	8.730475138265729e-06	2.948316415595855e-06	5.216000000000005
0.11161672030156972	2.915016075935163e-05	1.1820469988301261e-05	3.817098275582871e-05	1.1380377347315292e-05	9.020821996477084e-06	3.1953907706325677e-06	5.232000000000005
0.11195781752879749	2.509597585103861e-05	1.0788839987431051e-05	3.2433219695227985e-05	1.0476758681704602e-05	7.337243844189374e-06	2.57615911770187e-06	5.248000000000005
0.11229891257335	2.9559679378813815e-05	1.1389084665651438e-05	3.658569510393599e-05	1.1117514444064902e-05	7.026015725122172e-06	2.4722706379733198e-06	5.264000000000005
0.11264000542857737	2.8006414756455264e-05	1.1697391385979932e-05	3.814600863987329e-05	1.1339729270169424e-05	1.0139593883418028e-05	2.8704538519300992e-06	5.280000000000005
0.11298109608782982	2.0194822965768845e-05	1.0682888652418464e-05	3.106179799790076e-05	1.0218135719284277e-05	1.086697503213191e-05	3.1166989559882044e-06	5.296000000000005
0.11332218454445767	1.4871388804539403e-05	9.871939782710557e-06	2.5464636553435236e-05	9.254899207425647e-06	1.0593247748895833e-05	3.4354091072033183e-06	5.312000000000005
0.11366327079181117	1.6371278443687106e-05	1.0140466812961222e-05	2.7431604274907004e-05	9.604011329516005e-06	1.1060325831219897e-05	3.254540454088129e-06	5.328000000000005
0.11400435482324071	2.8475953858221122e-05	1.197862102686363e-05	3.9617894599767424e-05	1.152284843217304e-05	1.1141940741546302e-05	3.2728161748541224e-06	5.344000000000005
0.11434543663209665	2.909699131573978e-05	1.1670426831299995e-05	3.839010110175393e-05	1.1322354815240124e-05	9.293109786014153e-06	2.828982831785237e-06	5.360000000000005
0.11468651621172946	2.0589072986147856e-05	9.897340416578158e-06	2.776813874717717e-05	9.62308107479339e-06	7.179065761029315e-06	2.313797300885454e-06	5.376000000000005
0.11502759355548954	2.145716673224235e-05	1.0526809595687432e-05	3.073864274800827e-05	1.0126348620946927e-05	9.28147601576592e-06	2.8758970549905394e-06	5.392000000000005
0.11536866865672751	2.1474890495560372e-05	1.04888398812756e-05	3.046872556191526e-05	1.00715500155694e-05	8.993835066354888e-06	2.9291026507996547e-06	5.408000000000005
0.11570974150879386	3.059465753373851e-05	1.1430856798331388e-05	3.740884567401093e-05	1.1151303463860478e-05	6.814188140272426e-06	2.5125521289820456e-06	5.424000000000005
0.11605081210503923	3.4393258898220314e-05	1.2650642731959605e-05	4.43047869204414e-05	1.213367888131325e-05	9.911528022221088e-06	3.579469002080505e-06	5.440000000000005
0.11639188043881428	3.214268242968247e-05	1.2842721143887258e-05	4.5091265731989736e-05	1.2237951601272822e-05	1.2948583302307269e-05	3.894615126627123e-06	5.456000000000005
0.11673294650346969	3.343668832873718e-05	1.2432977217486592e-05	4.380276779352749e-05	1.2054059002308141e-05	1.0366079464790314e-05	3.0460768308456522e-06	5.472000000000005
0.11707401029235621	2.565589714660693e-05	1.1117925851552994e-05	3.498984403897793e-05	1.076429644768415e-05	9.333946892371e-06	2.7817615330945898e-06	5.488000000000005
0.11741507179882463	1.956044119808245e-05	1.0624382012878421e-05	3.099361420788764e-05	1.0124501494329386e-05	1.1433173009805191e-05	3.220553158526742e-06	5.504000000000005
0.11775613101622578	2.1049105998259918e-05	1.1068123135263424e-05	3.336378294573907e-05	1.0497877157122633e-05	1.2314676947479152e-05	3.50683973561899e-06	5.520000000000005
0.11809718793791055	1.711572551702298e-05	1.0207076671132854e-05	2.821034852670467e-05	9.644600011709455e-06	1.1094623009681693e-05	3.341572202499677e-06	5.536000000000005
0.1184382425572298	9.415487833415657e-06	8.348012011030624e-06	1.8722938362504996e-05	7.845953303554442e-06	9.307450529089339e-06	2.851371826815068e-06	5.552000000000005
0.11877929486753457	1.2857865576593263e-05	9.075656566362881e-06	2.2343768725170995e-05	8.569503643764023e-06	9.485903148577732e-06	2.9885028710176613e-06	5.568000000000005
0.11912034486217582	2.4192346619672697e-05	1.1279617833787367e-05	3.486094913161219e-05	1.0702061832464249e-05	1.066860251193949e-05	3.563095706040748e-06	5.584000000000005
0.11946139253450458	2.3820861868695355e-05	1.1870360649580285e-05	3.712020059739695e-05	1.1032979646555138e-05	1.32993387287016e-05	4.379363203686599e-06	5.600000000000005
0.11980243787787204	1.910930441979577e-05	1.0904569046069654e-05	3.1889946529950257e-05	1.0212551894999907e-05	1.2780642110154488e-05	3.8227489941708486e-06	5.616000000000005
0.12014348088562929	2.7461714495027047e-05	1.1268025172436534e-05	3.63482366716064e-05	1.0899982616449118e-05	8.886522176579348e-06	2.856356113612313e-06	5.632000000000005
0.12048452155112753	3.487788403536821e-05	1.1956800024857461e-05	4.141447395308282e-05	1.1628895894770704e-05	6.536589917714611e-06	2.780979522221701e-06	5.648000000000005
0.12082555986771797	3.1522038714603627e-05	1.1734846046253356e-05	3.9965501040908674e-05	1.1413536669049487e-05	8.443462326305044e-06	2.7272316428075508e-06	5.664000000000005
0.12116659582875193	2.203100646250888e-05	1.0649683811689018e-05	3.159085059765785e-05	1.014248107561398e-05	9.559844135148967e-06	3.2474363611568126e-06	5.680000000000005
0.12150762942758071	2.1726780190583537e-05	1.0697600577634448e-05	3.188997813229279e-05	1.0180166274255014e-05	1.0163197941709255e-05	3.2867723905262527e-06	5.696000000000005
0.12184866065755572	3.241052639448319e-05	1.1838270422495846e-05	4.089798644327033e-05	1.15250078133095e-05	8.48746004878714e-06	2.7053357461311385e-06	5.712000000000005
0.12218968951202835	3.099025036138031e-05	1.1367014703843042e-05	3.738749690022454e-05	1.101191896816985e-05	6.397246538844229e-06	2.818982780338502e-06	5.728000000000005
0.12253071598435004	2.5170505163594977e-05	1.017528061394519e-05	3.0415066397338192e-05	9.924075613028983e-06	5.2445612337432155e-06	2.2470110812838044e-06	5.744000000000005
0.12287174006787238	1.578891425985152e-05	8.972715709151253e-06	2.3398922805590712e-05	8.698551420419668e-06	7.610008545739193e-06	2.2010975406747955e-06	5.760000000000005
0.12321276175594688	8.40866332770997e-06	8.98988185059955e-06	2.1281584268367982e-05	8.291315197636093e-06	1.2872920940658013e-05	3.4744881610372416e-06	5.776000000000005
0.12355378104192517	1.590253448470177e-05	9.88602762904973e-06	2.7604642641576583e-05	9.440264527599923e-06	1.1702108156874814e-05	2.93512315436222e-06	5.792000000000005
0.12389479791915886	2.0960922434809034e-05	1.0150042999813092e-05	2.9515631328339177e-05	9.749459535248671e-06	8.554708893530143e-06	2.8233688509657245e-06	5.808000000000005
0.1242358123809997	2.9419054320708566e-05	1.1016848780710519e-05	3.5968838871963096e-05	1.0756499746231405e-05	6.549784551254531e-06	2.3808969457678317e-06	5.824000000000005
0.12457682442079943	3.537092628743678e-05	1.15994173944902e-05	4.076433530743959e-05	1.1439691704565856e-05	5.393409020002805e-06	1.918316344112452e-06	5.840000000000005
0.1249178340319098	3.0509180622515577e-05	1.0594345687067898e-05	3.423994660437882e-05	1.0475399312691493e-05	3.7307659818632435e-06	1.583088682530694e-06	5.856000000000005
0.12525884120768271	2.5618100169462115e-05	9.713945071583505e-06	2.8862668463623527e-05	9.6155041373423e-06	3.244568294161412e-06	1.3794234442311583e-06	5.872000000000005
0.12559984594146997	2.5326883859014177e-05	9.881743870815162e-06	2.955113201257643e-05	9.723890087270963e-06	4.224248153562254e-06	1.7592110444931128e-06	5.888000000000005
0.12594084822662363	2.8448890543867903e-05	1.0210063395428955e-05	3.1929050858778444e-05	1.0104072188553024e-05	3.48016031491054e-06	1.4673512691879747e-06	5.904000000000005
0.1262818480564956	2.2347665168978997e-05	9.074989735306249e-06	2.5138635282500293e-05	8.960077473482928e-06	2.790970113521296e-06	1.4396007658714108e-06	5.920000000000005
0.1266228454244379	1.5883117780621675e-05	7.935863501184604e-06	1.9115202265596398e-05	7.805976552263727e-06	3.232084484974724e-06	1.4299159328236278e-06	5.936000000000005
0.12696384032380267	1.761545014060768e-05	8.489322294719041e-06	2.1627733124908313e-05	8.299112990180205e-06	4.012282984300633e-06	1.7869853384501868e-06	5.952000000000005
0.127304832747942	1.4554715476232513e-05	7.466655990723234e-06	1.6996688917500573e-05	7.357403571536073e-06	2.441973441268058e-06	1.2726210627486057e-06	5.968000000000005
0.12764582269020808	5.0627916251068766e-06	4.0282056266707126e-06	5.091057034810906e-06	4.028106458046492e-06	2.826540970402996e-08	2.826540970402996e-08	5.984000000000005
