#Data reduced with Dominiques SARed v. 1.0
#wavelength: 5.1836
#q/A-1 	 Icorr/a.u. 	 sIcorr /a.u. 	Ispec/a.u. 	 sIspec/a.u. 	 Ibg/a.u. 	 sIbg/a.u. 	 2th/°
0.0	0.0002037898380279592	8.875578402911449e-05	0.00028493600346521917	7.878663127850347e-05	8.114616543725997e-05	4.086876472818764e-05	0.0
0.0007616023025496474	0.0010593555227636471	0.00017862699648240566	0.0012385082791347625	0.00016426332859999451	0.00017915275637111537	7.017950377122643e-05	0.03600000000000003
0.001523204529932161	0.001646476326672815	0.0002051796425977815	0.001787078408860322	0.00019730879368442045	0.00014060208218750716	5.6284328825634634e-05	0.07200000000000006
0.002284806606980415	0.0010317160126946813	0.00016063741038517743	0.0011146833206486496	0.00015582222259885128	8.296730795396838e-05	3.9036041802543866e-05	0.1080000000000001
0.003046408458527297	0.00046738922529470305	0.00011316337270605919	0.0005445266864493423	0.00010889319347814593	7.713746115463925e-05	3.07932027619983e-05	0.14400000000000013
0.0038080100094057185	0.0007684176525160683	0.00013496658272290683	0.0008254067385234133	0.00013375437125534475	5.698908600734508e-05	1.8048452066220423e-05	0.18000000000000016
0.004569611184448619	0.001345251086465363	0.00017369169414487335	0.0013981873247410131	0.00017287290379565842	5.2936238275649946e-05	1.684528860462938e-05	0.2160000000000002
0.0053312119084889765	0.0017412750550384157	0.0001961247196714108	0.0018111685902115057	0.00019440608814021742	6.989353517309e-05	2.5907114084889665e-05	0.2520000000000002
0.006092812106359814	0.0018270887113941315	0.00019975652557344882	0.0019301262037297357	0.00019713758507220665	0.00010303749233560415	3.2240379356862516e-05	0.28800000000000026
0.006854411702894205	0.0017974140908946377	0.00019867945638264912	0.0019504048566289524	0.00019428543920303463	0.00015299076573431462	4.155351371651859e-05	0.3240000000000003
0.007616010622925281	0.0020087642065334753	0.00020450849892190696	0.0021594849963100186	0.000200444905238175	0.0001507207897765434	4.056557771498712e-05	0.3600000000000003
0.008377608791286243	0.0024661551957913244	0.00022240042475768512	0.00263148682954753	0.0002176754736783206	0.00016533163375620567	4.55997488076142e-05	0.39600000000000035
0.009139206132810369	0.0027332760876413323	0.00023111390783956678	0.002930623186520662	0.00022578173507710117	0.00019734709887932983	4.935834784967462e-05	0.4320000000000004
0.009900802572331011	0.0028171244032332756	0.00022984174443952565	0.0030067299833297237	0.00022413740331823397	0.00018960558009644822	5.088862270452542e-05	0.4680000000000004
0.010662398034681612	0.003063498558113645	0.00022915942154399764	0.003204882072309922	0.00022575000083251682	0.00014138351419627692	3.938245302794461e-05	0.5040000000000004
0.011423992444695719	0.003320466055185537	0.0002290049576485979	0.003420403371325664	0.00022777326650610884	9.993731614012732e-05	2.3719394865241136e-05	0.5400000000000005
0.01218558572720697	0.0033339659438742296	0.00022822813308184854	0.0034785679514635686	0.00022525686263497405	0.00014460200758933925	3.670730943387718e-05	0.5760000000000005
0.012947177807049128	0.0029215609767070357	0.0002118425422184855	0.003091107469966724	0.000207949821783313	0.00016954649325968849	4.0424427192963165e-05	0.6120000000000005
0.013708768609056067	0.002166532103540055	0.0001819829761025134	0.0023375241057235424	0.0001768506833570947	0.00017099200218348749	4.291432613075257e-05	0.6480000000000006
0.014470358058061785	0.0019182697409420848	0.0001674086172095818	0.0020747611425421027	0.00016227443628946401	0.00015649140160001787	4.114185755360315e-05	0.6840000000000006
0.01523194607890042	0.0026664106030904835	0.00018674331238718408	0.0027914043220174803	0.00018375130926787065	0.00012499371892699677	3.3294459954784895e-05	0.7200000000000006
0.01599353259640625	0.0034265450354439143	0.00020543314942691692	0.0035439048285570937	0.00020304123695585644	0.00011735979311317945	3.1257558748208945e-05	0.7560000000000007
0.016755117535413692	0.0028338979334169003	0.00018488781187515568	0.0029492042641111986	0.00018198819861387213	0.00011530633069429826	3.2615924718774845e-05	0.7920000000000007
0.017516700820757333	0.001440206350465122	0.00013123199078758822	0.0015253865619036333	0.00012863739983344	8.518021143851132e-05	2.59664161979533e-05	0.8280000000000007
0.018278282377271908	0.0005968634524701389	8.40678341749597e-05	0.0006534271888186734	8.236955748143663e-05	5.6563736348534495e-05	1.6812398495777742e-05	0.8640000000000008
0.01903986212979234	0.00028483088935987066	5.965651227304525e-05	0.00033612511362779397	5.758360753923369e-05	5.129422426792331e-05	1.5589342492597565e-05	0.9000000000000008
0.019801440003153717	0.00022188341548595128	4.973287993499403e-05	0.0002533106357933335	4.865596523480556e-05	3.142722030738219e-05	1.0293512213910502e-05	0.9360000000000008
0.020563015922191313	0.0003844440855690449	6.053725188288758e-05	0.00040377298971520004	6.014792165952901e-05	1.9328904146155116e-05	6.854661594224546e-06	0.9720000000000009
0.0213245898117406	0.0004978849295833532	6.754859617323061e-05	0.0005184215092386825	6.719821927455669e-05	2.0536579655329257e-05	6.871111358636583e-06	1.008000000000001
0.022086161596637257	0.00035273794240688766	5.7360654169695145e-05	0.0003791720425227606	5.683181266547324e-05	2.643410011587291e-05	7.771082030960725e-06	1.044000000000001
0.02284773120171715	0.0001537826529694791	3.9416023855765857e-05	0.00017962009479739226	3.85365512423319e-05	2.5837441827913154e-05	8.279924815203994e-06	1.080000000000001
0.023609298551816378	0.00011022792483670354	3.306419575532432e-05	0.00013177936440845816	3.214263338566905e-05	2.1551439571754617e-05	7.751913310975556e-06	1.116000000000001
0.024370863571771255	0.00015699349206291197	3.717775584145062e-05	0.00017805697264203598	3.657587483991065e-05	2.1063480579124017e-05	6.662650306124932e-06	1.152000000000001
0.025132426186418328	0.0002870570263039466	4.74998134238064e-05	0.0003063858311636195	4.707589694994976e-05	1.9328804859672886e-05	6.331840305482273e-06	1.188000000000001
0.02589398632059438	0.0005722599741427116	6.45355063368814e-05	0.0005860677517718238	6.42759762595577e-05	1.3807777629112299e-05	5.781907474046506e-06	1.224000000000001
0.026655543899136446	0.0008302130749022601	7.686604839125195e-05	0.0008469471686391215	7.652536127719004e-05	1.673409373686137e-05	7.229002467963941e-06	1.2600000000000011
0.02741709884688179	0.0007293975797124745	7.179365381886317e-05	0.0007504923042659526	7.140277280509823e-05	2.1094724553478005e-05	7.481494797584932e-06	1.2960000000000012
0.02817865108866797	0.0003982621173156203	5.368514312590802e-05	0.0004194492407951136	5.288940548130852e-05	2.1187123479493268e-05	9.208983672640669e-06	1.3320000000000012
0.02894020054933278	0.00019025561946805442	3.7006020468907105e-05	0.00020218663465230318	3.626426465708412e-05	1.1931015184248767e-05	7.372154354470018e-06	1.3680000000000012
0.02970174715371431	0.00011396901019691772	2.7733998668721917e-05	0.00011996373776057948	2.758139151341918e-05	5.994727563661756e-06	2.905430147182596e-06	1.4040000000000012
0.03046329082665092	6.201766699986087e-05	2.1405119517860363e-05	7.11425834453458e-05	2.0967986499752148e-05	9.124916445484937e-06	4.303798754600211e-06	1.4400000000000013
0.031224831492981258	2.8294332990515692e-05	1.4594925736238087e-05	3.411293952236616e-05	1.4301922608824363e-05	5.818606531850466e-06	2.909788125878477e-06	1.4760000000000013
0.031986369077544284	2.7309097958169912e-05	1.3685734946321146e-05	3.110159878883318e-05	1.3494750985997247e-05	3.7925008306632687e-06	2.278384701248275e-06	1.5120000000000013
0.032747903505179234	3.921739103503151e-05	1.5507907485942497e-05	4.1456994047059846e-05	1.5420160101215937e-05	2.2396030120283367e-06	1.6473788408922232e-06	1.5480000000000014
0.0335094347007257	3.224712487957368e-05	1.4273032547660781e-05	3.5866243325405105e-05	1.413281875178308e-05	3.619118445831422e-06	1.995718476096416e-06	1.5840000000000014
0.03427096258902354	2.4581694005573384e-05	1.302828805312329e-05	3.0125318839340357e-05	1.2782131128758924e-05	5.543624833766973e-06	2.52059782638309e-06	1.6200000000000014
0.03503248709491299	4.064270400764077e-05	1.5390732144336687e-05	4.427952209243077e-05	1.5286507390157005e-05	3.636818084790001e-06	1.7881073092501504e-06	1.6560000000000015
0.035794008143234565	3.462220748330776e-05	1.4625237764610727e-05	4.044924719795928e-05	1.4389783057073569e-05	5.827039714651522e-06	2.6137565383474863e-06	1.6920000000000015
0.03655552565882917	5.630316279676307e-05	1.830997535669736e-05	6.392931095420111e-05	1.793772069885734e-05	7.626148157438044e-06	3.673332777281339e-06	1.7280000000000015
0.03731703956653804	0.00012495149240726103	2.5332006035807685e-05	0.00012897420622323469	2.5252534763165605e-05	4.022713815973651e-06	2.004998212794619e-06	1.7640000000000016
0.03807854979120276	0.00020412195985450318	3.211138985223431e-05	0.00021099651280942212	3.199856303388086e-05	6.874552954918947e-06	2.6894835952148916e-06	1.8000000000000016
0.038840056257665276	0.00022401989085886028	3.3608761864532366e-05	0.00023360029919584007	3.340308302513355e-05	9.580408336979796e-06	3.712535317391602e-06	1.8360000000000016
0.039601558890767934	0.0001488439711447012	2.711545865079874e-05	0.0001548892823664197	2.700624999979321e-05	6.045311221718483e-06	2.431164081637714e-06	1.8720000000000017
0.04036305761535342	8.009426349626903e-05	1.9842362229499475e-05	8.426918115815924e-05	1.9731163686584938e-05	4.174917661890212e-06	2.097741266185895e-06	1.9080000000000017
0.041124552356264825	4.582009089456693e-05	1.5003055390967424e-05	4.907873707176317e-05	1.4905158005665023e-05	3.258646177196236e-06	1.7111212378427564e-06	1.9440000000000017
0.04188604303834564	2.6261658116510098e-05	1.1314931499124778e-05	2.8229291746606684e-05	1.12252929083321e-05	1.967633630096585e-06	1.4214337663201665e-06	1.9800000000000018
0.042647529586439734	1.3163942865078645e-05	8.166213614224275e-06	1.5085022944751056e-05	8.080091493554546e-06	1.9210800796724124e-06	1.18286358001646e-06	2.016000000000002
0.04340901192539141	1.8161184525009118e-05	9.34218967319432e-06	2.0455829116636844e-05	9.20020282495077e-06	2.2946445916277265e-06	1.6225830856096315e-06	2.052000000000002
0.04417048998004537	2.4744928455255968e-05	1.0356367818247008e-05	2.629805394882144e-05	1.0310506305752321e-05	1.5531254935654752e-06	9.735574486715647e-07	2.088000000000002
0.044931963675246746	1.4573146953270449e-05	8.010453095235001e-06	1.5954482331397113e-05	7.944800573913767e-06	1.381335378126664e-06	1.0234757601914534e-06	2.124000000000002
0.04569343293584109	1.809372161109824e-05	8.893628422639812e-06	1.9669932564030743e-05	8.815498308730746e-06	1.5762109529325032e-06	1.176272115095846e-06	2.160000000000002
0.04645489768667441	2.1908595592480185e-05	9.423429567180349e-06	2.28844441038301e-05	9.397240156250258e-06	9.758485113499143e-07	7.020699775424283e-07	2.196000000000002
0.04721635785259313	1.7091830270075303e-05	8.510639283680542e-06	1.8967392865009218e-05	8.42171275779277e-06	1.8755625949339139e-06	1.227084040380671e-06	2.232000000000002
0.04797781335844415	2.677313469417458e-05	1.0333813256129588e-05	2.9065241640765808e-05	1.0246855434892662e-05	2.2921069465912273e-06	1.3377780492183026e-06	2.268000000000002
0.048739264129074845	3.940513356241264e-05	1.214891937894114e-05	4.174548402866227e-05	1.2102662380143668e-05	2.340350466249632e-06	1.059153146748263e-06	2.304000000000002
0.04950071008933302	4.375532198708693e-05	1.3105787163020634e-05	4.858509588897823e-05	1.2954457452340312e-05	4.8297739018913006e-06	1.985872422362773e-06	2.340000000000002
0.05026215116406697	4.93707892626206e-05	1.3760209003008929e-05	5.433289903865283e-05	1.3612665628655955e-05	4.96210977603223e-06	2.009648299801937e-06	2.376000000000002
0.05102358727812547	5.056922528797787e-05	1.336532984735717e-05	5.299492893798895e-05	1.330053342465038e-05	2.4257036500110756e-06	1.314478051705089e-06	2.412000000000002
0.051785018356357806	3.83965561130246e-05	1.1340226671869918e-05	3.941789096429486e-05	1.1313940203327279e-05	1.0213348512702655e-06	7.716851980727443e-07	2.448000000000002
0.05254644432361374	2.085431621971252e-05	8.509106499944669e-06	2.2640156888349046e-05	8.432517154107281e-06	1.7858406686365241e-06	1.1390995887485163e-06	2.484000000000002
0.05330786510474352	1.4195536217914682e-05	7.324608331651083e-06	1.6977030277170216e-05	7.188862821214102e-06	2.781494059255534e-06	1.4036162402373687e-06	2.5200000000000022
0.05406928062459796	1.2679268735803298e-05	6.634648932436359e-06	1.452614486477751e-05	6.542466003670451e-06	1.8468761289742118e-06	1.1021365829584459e-06	2.5560000000000023
0.054830690808028326	1.9168620001499126e-05	7.795720767131647e-06	2.1023079307204465e-05	7.719514734062524e-06	1.8544593057053382e-06	1.0873612783611633e-06	2.5920000000000023
0.05559209557988647	3.252632577658363e-05	9.91710108393943e-06	3.4786249295804623e-05	9.84657902813277e-06	2.2599235192209964e-06	1.180582632350886e-06	2.6280000000000023
0.05635349486502476	3.6543988753409394e-05	1.0332245694176757e-05	3.886163487969983e-05	1.0262837803499486e-05	2.3176461262904348e-06	1.1956008129371463e-06	2.6640000000000024
0.05711488858829606	2.973226534658739e-05	9.24149785055991e-06	3.2112550420321965e-05	9.146396731529512e-06	2.3802850737345748e-06	1.322387746226395e-06	2.7000000000000024
0.05787627667455386	2.7483561309898404e-05	8.858453751714236e-06	3.0039070910805942e-05	8.746571599863378e-06	2.555509600907539e-06	1.4034557776158819e-06	2.7360000000000024
0.05863765904865216	3.0562001025795635e-05	8.965406632015065e-06	3.2051820335758465e-05	8.923872227228356e-06	1.4898193099628314e-06	8.619863975041273e-07	2.7720000000000025
0.05939903563544553	2.7651787444315188e-05	8.188797719284597e-06	2.76662269886456e-05	8.188784988441213e-06	1.4439544330413836e-08	1.4439544330413836e-08	2.8080000000000025
0.060160406359789115	1.714399773235125e-05	6.4738655491275626e-06	1.763717242004904e-05	6.455053359624141e-06	4.931746876977889e-07	4.931746876977889e-07	2.8440000000000025
0.06092177114653864	6.574153399144495e-06	4.3014354313868996e-06	7.8753001577905e-06	4.234779483099535e-06	1.3011467586460055e-06	7.543139266312429e-07	2.8800000000000026
0.061683129920550396	6.449357351397822e-06	4.1579490676014855e-06	7.551409325867975e-06	4.084888449852522e-06	1.1020519744701533e-06	7.76032731931794e-07	2.9160000000000026
0.062444482606681305	1.0913988399381181e-05	4.972855928764799e-06	1.142973412524212e-05	4.963124148377642e-06	5.157457258609395e-07	3.1095783643755145e-07	2.9520000000000026
0.06320582912978885	1.2069370136983315e-05	5.187071291143113e-06	1.257512490998267e-05	5.167173722839178e-06	5.057547729993556e-07	4.538989947129092e-07	2.9880000000000027
0.06396716941473117	8.605540708787841e-06	4.497079383378924e-06	9.724843245966712e-06	4.446888183196145e-06	1.1193025371788718e-06	6.700063183002522e-07	3.0240000000000027
0.06472850338636696	7.772983230310976e-06	4.5190607422986305e-06	9.698594068850203e-06	4.312193628173162e-06	1.9256108385392275e-06	1.3516272066392544e-06	3.0600000000000027
0.06548983096955559	1.3408086061987616e-05	5.405243321891594e-06	1.5203791758482575e-05	5.325275304270917e-06	1.7957056964949585e-06	9.263359555668594e-07	3.0960000000000027
0.06625115208915702	1.7391541248764642e-05	5.853923682446345e-06	1.8536945075496075e-05	5.816133655763781e-06	1.1454038267314347e-06	6.640871766552978e-07	3.132000000000003
0.0670124666700319	1.3816383349160656e-05	5.1290865907521665e-06	1.4559942394775778e-05	5.102212962267364e-06	7.435590456151224e-07	5.243587923403014e-07	3.168000000000003
0.06777377463704146	1.5077333304187094e-05	5.3650397697000414e-06	1.6257167882537967e-05	5.321565680593056e-06	1.179834578350872e-06	6.816087129704519e-07	3.204000000000003
0.06853507591504764	1.902464511424016e-05	5.978187478437629e-06	2.0531365572011184e-05	5.92869930477e-06	1.5067204577710237e-06	7.676262638603392e-07	3.240000000000003
0.06929637042891301	1.575532585550107e-05	5.357082564250726e-06	1.681789115822945e-05	5.320290572809991e-06	1.0625653027283788e-06	6.267709478495888e-07	3.276000000000003
0.07005765810350081	1.0556842040789964e-05	4.25758657230858e-06	1.1001099592156064e-05	4.24058062875633e-06	4.442575513660992e-07	3.8015700929863823e-07	3.312000000000003
0.07081893886367496	5.226578536310375e-06	2.9519329950050856e-06	5.519206722558338e-06	2.9441381253227865e-06	2.926281862479632e-07	2.1438075011651921e-07	3.348000000000003
0.07158021263430006	4.877008523510263e-06	3.0076570292412683e-06	5.786137808452943e-06	2.9539341340077425e-06	9.091292849426793e-07	5.659275019720628e-07	3.384000000000003
0.07234147934024139	6.992448190230017e-06	3.4644008283165217e-06	7.904769325530065e-06	3.4190772810981526e-06	9.123211353000484e-07	5.585549615916633e-07	3.420000000000003
0.07310273890636496	1.0209013775011256e-05	3.935318818234589e-06	1.0591629502943368e-05	3.9241297142306135e-06	3.8261572793211236e-07	2.9654710762987094e-07	3.456000000000003
0.07386399125753744	1.3361361289885956e-05	4.530167436681774e-06	1.4170565387811874e-05	4.503446217276256e-06	8.092040979259171e-07	4.913137210297454e-07	3.492000000000003
0.07462523631862626	1.0536396436150512e-05	4.072020085325776e-06	1.1519882765530599e-05	4.031658433161614e-06	9.83486329380086e-07	5.719072071703366e-07	3.528000000000003
0.07538647401449954	7.766566620772261e-06	3.5535562801406472e-06	8.917362327459307e-06	3.5110686463999314e-06	1.1507957066870457e-06	5.478678639912985e-07	3.564000000000003
0.07614770427002611	7.2394059205586055e-06	3.3834434215718353e-06	8.270494214121108e-06	3.3305023393711764e-06	1.0310882935625025e-06	5.961908707962989e-07	3.600000000000003
0.07690892701007558	8.184145166127716e-06	3.3563716141493246e-06	8.581779869996152e-06	3.3508359870610494e-06	3.9763470386843573e-07	1.9268783065867683e-07	3.6360000000000032
0.07767014215951826	7.356121860771147e-06	3.3459108843983864e-06	8.47316498803016e-06	3.3013782926588128e-06	1.1170431272590133e-06	5.440781332646749e-07	3.6720000000000033
0.07843134964322523	3.3894782113492268e-06	2.5512480278899056e-06	4.802628051673026e-06	2.4688005248761003e-06	1.4131498403237991e-06	6.433431962674545e-07	3.7080000000000033
0.07919254938606833	4.4735139356032745e-06	2.532256689444785e-06	4.991251314226135e-06	2.513893753514181e-06	5.177373786228608e-07	3.04404561858463e-07	3.7440000000000033
0.07995374131292016	5.531434998825544e-06	2.7774745902914065e-06	6.087412508254573e-06	2.7577066909357044e-06	5.559775094290286e-07	3.3078528758526066e-07	3.7800000000000034
0.08071492534865408	2.5605075440608785e-06	2.1596493158432297e-06	3.565182027236633e-06	2.088814994867039e-06	1.0046744831757544e-06	5.485773278588367e-07	3.8160000000000034
0.08147610141814425	1.1217747397781289e-06	1.5411788762509147e-06	1.8374453214671935e-06	1.4868423745852298e-06	7.156705816890647e-07	4.0562554374667663e-07	3.8520000000000034
0.08223726944626558	1.5853998764933464e-06	1.5114549910274891e-06	1.847067712085872e-06	1.488632303061515e-06	2.6166783559252577e-07	2.6166783559252577e-07	3.8880000000000035
0.08299842935789382	2.332109840798727e-06	1.6613640950738373e-06	2.332109840798727e-06	1.6613640950738373e-06	0.0	0.0	3.9240000000000035
0.08375958107790549	1.9109354730767793e-06	1.561036549205628e-06	2.061672349461796e-06	1.5537417745730796e-06	1.507368763850168e-07	1.507368763850168e-07	3.9600000000000035
0.08452072453117793	2.4311547101190703e-06	1.814060384218926e-06	2.7308053268994133e-06	1.7891407394209316e-06	2.996506167803428e-07	2.996506167803428e-07	3.9960000000000035
0.08528185964258927	2.8050164188705786e-06	1.8979755905848198e-06	3.085648200165942e-06	1.8875320608513466e-06	2.806317812953632e-07	1.988317422195558e-07	4.032000000000004
0.08604298633701853	4.806230852219272e-07	1.1281452005396376e-06	1.0255127967100322e-06	1.072431622914849e-06	5.44889711488105e-07	3.5014569492261713e-07	4.068000000000003
0.08680410453934549	-7.426700787071602e-07	5.20755180204489e-07	4.785970990292426e-08	2.152767993002096e-07	7.905297886100844e-07	4.741749227794181e-07	4.104000000000004
0.08756521417445082	-1.4104025113245531e-07	8.604445634641419e-07	4.841661223087937e-07	6.847142966099296e-07	6.25206373441249e-07	5.210865367796092e-07	4.140000000000004
0.08832631516721595	1.8857198046892695e-07	6.956018375687865e-07	4.3630641240372775e-07	6.499919750758573e-07	2.477344319348008e-07	2.477344319348008e-07	4.176000000000004
0.08908740744252326	-2.3616011590895636e-07	2.3616011590895636e-07	0.0	0.0	2.3616011590895636e-07	2.3616011590895636e-07	4.212000000000003
0.089848490925256	6.83480732360116e-08	6.356679956761055e-07	3.4069169412106877e-07	5.743716156723741e-07	2.723436208850572e-07	2.723436208850572e-07	4.248000000000004
0.09060956554029817	1.0183429238270049e-06	9.834897511862951e-07	1.0545264288079246e-06	9.828239133516118e-07	3.618350498091972e-08	3.618350498091972e-08	4.284000000000004
0.09137063121253476	1.0150448565781331e-06	9.479271737526367e-07	1.0150448565781331e-06	9.479271737526367e-07	0.0	0.0	4.320000000000004
0.09213168786685154	3.48283005215082e-07	5.509565936235838e-07	3.48283005215082e-07	5.509565936235838e-07	0.0	0.0	4.356000000000003
0.09289273542813534	7.493495721529839e-07	8.19855196051859e-07	7.706861883125183e-07	8.195775078075855e-07	2.1336616159534352e-08	2.1336616159534352e-08	4.392000000000004
0.09365377382127368	5.66227972705185e-07	9.705127107607222e-07	9.293771224721316e-07	9.000097870421571e-07	3.6314914976694657e-07	3.6314914976694657e-07	4.428000000000004
0.09441480297115509	3.2601404458318467e-07	8.245242448685762e-07	6.678265781938098e-07	7.503362061388089e-07	3.418125336106251e-07	3.418125336106251e-07	4.464000000000004
0.09517582280266905	5.387322710415579e-07	7.591358649168025e-07	6.94054786564098e-07	7.430761586639232e-07	1.5532251552254022e-07	1.5532251552254022e-07	4.5000000000000036
0.0959368332407059	3.7275631548445667e-07	6.90264077234988e-07	5.906489225807735e-07	6.549712269205721e-07	2.178926070963168e-07	2.178926070963168e-07	4.536000000000004
0.09669783421015692	6.637282079600762e-07	7.289885021527859e-07	7.262982995377083e-07	7.26298299537407e-07	6.257009157763204e-08	6.257009157763204e-08	4.5720000000000045
0.09745882563591426	9.133822582887987e-07	8.056298091210166e-07	9.133822582887987e-07	8.056298091210166e-07	0.0	0.0	4.608000000000004
0.09821980744287118	1.199086131779135e-06	9.078264698452388e-07	1.199086131779135e-06	9.078264698452388e-07	0.0	0.0	4.644000000000004
0.09898077955592174	8.229762404183302e-07	7.455493338246371e-07	8.229762404183302e-07	7.455493338246371e-07	0.0	0.0	4.680000000000004
0.09974174189996102	3.587744607203132e-07	5.679259413335312e-07	4.6446723871471376e-07	5.580044009856946e-07	1.0569277799440059e-07	1.0569277799440059e-07	4.716000000000005
0.10050269439988499	4.7639870784032156e-07	6.692656304083526e-07	6.320259037322192e-07	6.509198567755593e-07	1.5562719589189765e-07	1.5562719589189765e-07	4.752000000000004
0.10126363698059072	9.959865690097156e-07	8.388423720633406e-07	1.0459209869058358e-06	8.373548107452584e-07	4.993441789612022e-08	4.993441789612022e-08	4.788000000000004
0.10202456956697616	7.087313577806044e-07	6.892882975946948e-07	7.087313577806044e-07	6.892882975946948e-07	0.0	0.0	4.824000000000004
0.10278549208394028	1.4954995303323228e-07	4.486681133145569e-07	2.939624811278699e-07	4.2777824458545305e-07	1.4441252809463763e-07	1.3531019682430574e-07	4.860000000000005
0.10354640445638301	-1.6190112606194542e-07	5.183088620248221e-07	3.1125439178242115e-07	4.401801822068869e-07	4.7315551784436657e-07	2.736521215809919e-07	4.896000000000004
0.10430730660920536	-2.613268577035849e-07	3.028251690842001e-07	7.468732543943498e-08	2.1001954332344298e-07	3.3601418314301985e-07	2.181624955236047e-07	4.932000000000004
0.10506819846730926	4.469717882948584e-07	5.664909138995232e-07	5.397235316099817e-07	5.599572848550277e-07	9.275174331512332e-08	8.578924564595785e-08	4.968000000000004
0.1058290799555977	3.679269727620399e-07	5.730431050896566e-07	5.235541686553144e-07	5.515057354091537e-07	1.556271958932745e-07	1.556271958932745e-07	5.004000000000005
0.1065899509989747	1.1092696021914238e-07	3.318360860812865e-07	1.8107360618516902e-07	3.243372258706421e-07	7.014664596602665e-08	7.014664596602665e-08	5.0400000000000045
0.10735081152234527	4.933031897042869e-07	5.313241535674956e-07	4.933031897042869e-07	5.313241535674956e-07	0.0	0.0	5.076000000000004
0.10811166145061554	1.0105773495867696e-06	7.592496383914279e-07	1.0105773495867696e-06	7.592496383914279e-07	0.0	0.0	5.1120000000000045
0.1088725007086926	1.0765114806861432e-06	7.773571328246697e-07	1.0765114806861432e-06	7.773571328246697e-07	0.0	0.0	5.148000000000005
0.10963332922148458	5.933261821343999e-07	5.692769321174927e-07	5.941828183218985e-07	5.692762875928935e-07	8.566361874985312e-10	8.566361874985312e-10	5.184000000000005
0.11039414691390081	3.3564146550727774e-07	5.920331869061381e-07	5.857314368143117e-07	5.64785833959211e-07	2.5008997130703397e-07	1.7753944958018996e-07	5.220000000000004
0.11115495371085153	7.118677621764137e-07	7.565761878989457e-07	9.83361343621387e-07	7.318147161679767e-07	2.7149358144497327e-07	1.919759081126703e-07	5.256000000000005
0.11191574953724816	6.325238773676642e-07	5.975933708615602e-07	6.547841236894879e-07	5.97178631844253e-07	2.2260246321823648e-08	2.2260246321823648e-08	5.292000000000005
0.11267653431800309	6.547959538904208e-07	5.972165780447406e-07	6.547959538904208e-07	5.972165780447406e-07	0.0	0.0	5.328000000000005
0.11343730797802996	8.31721592579964e-07	7.442214953511063e-07	9.918793942216249e-07	7.350354670077241e-07	1.601578016416609e-07	1.1656970611344029e-07	5.364000000000004
0.11419807044224338	2.3203310478529894e-07	6.645148337568552e-07	6.405075661473879e-07	5.90664668038183e-07	4.08474461362089e-07	3.0445888755995284e-07	5.400000000000005
0.11495882163555914	1.3920607424135038e-07	5.072114255537693e-07	3.875227339581647e-07	4.5943484966298036e-07	2.4831665971681433e-07	2.1490241768635708e-07	5.436000000000005
0.11571956148289399	3.883371237318197e-07	4.5990100217520005e-07	3.883371237318197e-07	4.5990100217520005e-07	0.0	0.0	5.472000000000005
0.11648028990916603	3.084386887009995e-07	4.0986067100875884e-07	3.084386887009995e-07	4.0986067100875884e-07	0.0	0.0	5.5080000000000044
0.11724100683929436	3.8910538054127665e-07	4.603471309479192e-07	3.8910538054127665e-07	4.603471309479192e-07	0.0	0.0	5.544000000000005
0.11800171219819924	9.451947471722648e-07	7.328582468796871e-07	9.834228923332996e-07	7.318605187719278e-07	3.822814516103492e-08	3.822814516103492e-08	5.580000000000005
0.11876240591080199	5.409309642438189e-07	6.864470164771744e-07	8.094725519708481e-07	6.63994530927974e-07	2.685415877270292e-07	1.7412859997184236e-07	5.616000000000005
0.11952308790202522	4.0896174006465396e-07	6.904250051716568e-07	7.892778180061971e-07	6.556792039992199e-07	3.8031607794154315e-07	2.1626712466122006e-07	5.652000000000005
0.12028375809679258	6.123761094254573e-07	7.573675522746136e-07	9.801070251918992e-07	7.306564320786713e-07	3.677309157664419e-07	1.9936596374633652e-07	5.688000000000005
0.12104441642002901	2.8998476517445457e-07	5.790038814202273e-07	5.522447677782821e-07	5.484565982518904e-07	2.6226000260382753e-07	1.8558247367047655e-07	5.7240000000000055
0.12180506279666042	2.622853199884863e-07	4.112218389017909e-07	3.068170421893744e-07	4.0880353044903297e-07	4.4531722200888086e-08	4.4531722200888086e-08	5.760000000000005
0.12256569715161413	4.2320689902178364e-07	5.144309695417063e-07	4.799632540479839e-07	5.112904640101944e-07	5.675635502620022e-08	5.675635502620022e-08	5.796000000000005
0.12332631940981849	3.740245678405705e-07	5.444452400680341e-07	5.101896934849267e-07	5.271429388609849e-07	1.3616512564435613e-07	1.3616512564435613e-07	5.832000000000005
0.12408692949620312	9.035392563103953e-08	3.142747571422278e-07	1.6976269624799075e-07	3.040770792511509e-07	7.940877061695122e-08	7.940877061695122e-08	5.868000000000006
0.12484752733569876	4.715094117605833e-07	5.067663110130723e-07	4.715094117605833e-07	5.067663110130723e-07	0.0	0.0	5.904000000000005
0.12560811285323747	4.791184555387875e-07	5.108389493526718e-07	4.791184555387875e-07	5.108389493526718e-07	0.0	0.0	5.940000000000005
0.12636868597375245	3.0009199299198136e-07	4.042872549082285e-07	3.0009199299198136e-07	4.042872549082285e-07	0.0	0.0	5.976000000000005
0.12712924662217814	2.723302512875147e-07	3.8513313481527127e-07	2.723302512875147e-07	3.8513313481527127e-07	0.0	0.0	6.012000000000006
0.1278897947234502	2.159936562207019e-07	3.429915645466847e-07	2.159936562207019e-07	3.429915645466847e-07	0.0	0.0	6.048000000000005
0.12865033020250555	2.7233025128690527e-07	3.8513313481484034e-07	2.7233025128690527e-07	3.8513313481484034e-07	0.0	0.0	6.084000000000005
0.12941085298428237	-2.4755917474196708e-08	2.6721337617299773e-07	1.0172497028194203e-07	2.3538388525596017e-07	1.2648088775613873e-07	1.2648088775613873e-07	6.120000000000005
0.13017136299372006	-2.370054246976899e-07	1.694393913908719e-07	0.0	0.0	2.370054246976899e-07	1.694393913908719e-07	6.156000000000006
0.13093186015575925	-1.4584936352835712e-07	1.3650906894552965e-07	0.0	0.0	1.4584936352835712e-07	1.3650906894552965e-07	6.1920000000000055
0.13169234439534194	-3.532482659282937e-08	3.532482659282937e-08	0.0	0.0	3.532482659282937e-08	3.532482659282937e-08	6.228000000000005
0.13245281563741132	0.0	0.0	0.0	0.0	0.0	0.0	6.264000000000006
0.13321327380691192	0.0	0.0	0.0	0.0	0.0	0.0	6.300000000000006
0.13397371882878942	0.0	0.0	0.0	0.0	0.0	0.0	6.336000000000006
0.13473415062799102	0.0	0.0	0.0	0.0	0.0	0.0	6.372000000000005
0.13549456912946506	0.0	0.0	0.0	0.0	0.0	0.0	6.408000000000006
0.13625497425816127	0.0	0.0	0.0	0.0	0.0	0.0	6.444000000000006
0.13701536593903063	0.0	0.0	0.0	0.0	0.0	0.0	6.480000000000006
0.1377757440970255	0.0	0.0	0.0	0.0	0.0	0.0	6.516000000000005
0.13853610865709964	0.0	0.0	0.0	0.0	0.0	0.0	6.552000000000006
0.13929645954420797	0.0	0.0	0.0	0.0	0.0	0.0	6.588000000000006
0.14005679668330692	0.0	0.0	0.0	0.0	0.0	0.0	6.624000000000006
0.1408171199993542	0.0	0.0	0.0	0.0	0.0	0.0	6.6600000000000055
0.14157742941730897	0.0	0.0	0.0	0.0	0.0	0.0	6.696000000000006
0.14233772486213161	0.0	0.0	0.0	0.0	0.0	0.0	6.732000000000006
0.143098006258784	0.0	0.0	0.0	0.0	0.0	0.0	6.768000000000006
0.14385827353222938	0.0	0.0	0.0	0.0	0.0	0.0	6.804000000000006
0.14461852660743243	-1.6897453731368963e-07	1.362000524419816e-07	0.0	0.0	1.6897453731368963e-07	1.362000524419816e-07	6.840000000000006
0.1453787654093591	-1.546295204966421e-07	3.180896765609574e-07	1.1769333823252986e-07	2.531820938404614e-07	2.7232285872917195e-07	1.9256134007950372e-07	6.8760000000000066
0.14613898986297685	1.6897453731368966e-07	3.9740932764009147e-07	2.723228587267627e-07	3.8512268015645205e-07	1.0334832141307307e-07	9.80545507585483e-08	6.912000000000006
0.1468991998932545	1.546295204966421e-07	2.902039044030263e-07	1.546295204966421e-07	2.902039044030263e-07	0.0	0.0	6.948000000000006
0.14765939542516246	0.0	0.0	0.0	0.0	0.0	0.0	6.984000000000006
0.14841957638367234	0.0	0.0	0.0	0.0	0.0	0.0	7.020000000000007
0.14917974269375725	0.0	0.0	0.0	0.0	0.0	0.0	7.056000000000006
0.1499398942803918	-2.057412041045646e-08	2.057412041045646e-08	0.0	0.0	2.057412041045646e-08	2.057412041045646e-08	7.092000000000006
0.15070003106855218	-2.697824640643988e-07	1.907734671301028e-07	0.0	0.0	2.697824640643988e-07	1.907734671301028e-07	7.128000000000006
0.15146015298321572	-4.6771123748550805e-07	2.3725263545638653e-07	0.0	0.0	4.6771123748550805e-07	2.3725263545638653e-07	7.164000000000007
0.15222025994936145	-2.7486325338912673e-07	1.9257809661952408e-07	0.0	0.0	2.7486325338912673e-07	1.9257809661952408e-07	7.200000000000006
0.15298035189196982	-5.636035956237944e-08	5.1544124156720764e-08	0.0	0.0	5.636035956237944e-08	5.1544124156720764e-08	7.236000000000006
0.1537404287360228	0.0	0.0	0.0	0.0	0.0	0.0	7.2720000000000065
0.1545004904065038	0.0	0.0	0.0	0.0	0.0	0.0	7.308000000000007
0.15526053682839766	0.0	0.0	0.0	0.0	0.0	0.0	7.3440000000000065
0.1560205679266909	0.0	0.0	0.0	0.0	0.0	0.0	7.380000000000006
0.15678058362637146	0.0	0.0	0.0	0.0	0.0	0.0	7.416000000000007
0.15754058385242875	0.0	0.0	0.0	0.0	0.0	0.0	7.452000000000007
0.15830056852985375	0.0	0.0	0.0	0.0	0.0	0.0	7.488000000000007
0.15906053758363897	0.0	0.0	0.0	0.0	0.0	0.0	7.524000000000006
0.15982049093877856	0.0	0.0	0.0	0.0	0.0	0.0	7.560000000000007
0.16058042852026808	0.0	0.0	0.0	0.0	0.0	0.0	7.596000000000007
0.16134035025310467	0.0	0.0	0.0	0.0	0.0	0.0	7.632000000000007
0.16210025606228703	0.0	0.0	0.0	0.0	0.0	0.0	7.668000000000006
0.1628601458728156	0.0	0.0	0.0	0.0	0.0	0.0	7.704000000000007
0.16362001960969214	0.0	0.0	0.0	0.0	0.0	0.0	7.740000000000007
0.16437987719792016	0.0	0.0	0.0	0.0	0.0	0.0	7.776000000000007
0.1651397185625047	0.0	0.0	0.0	0.0	0.0	0.0	7.8120000000000065
0.16589954362845247	0.0	0.0	0.0	0.0	0.0	0.0	7.848000000000007
0.1666593523207717	0.0	0.0	0.0	0.0	0.0	0.0	7.8840000000000074
0.16741914456447227	0.0	0.0	0.0	0.0	0.0	0.0	7.920000000000007
0.16817892028456574	0.0	0.0	0.0	0.0	0.0	0.0	7.956000000000007
0.16893867940606525	0.0	0.0	0.0	0.0	0.0	0.0	7.992000000000007
