#Data reduced with Dominiques SARed v. 1.0
#wavelength: 5.1836
#q/A-1 	 Icorr/a.u. 	 sIcorr /a.u. 	Ispec/a.u. 	 sIspec/a.u. 	 Ibg/a.u. 	 sIbg/a.u. 	 2th/°
0.0	0.029137776514176598	0.003869265749691748	0.038309863936983664	0.000917608815176726	0.009172087422807066	0.00375888434299961	0.0
0.0007616023025496381	0.12175446181089002	0.00730986315264707	0.14176426148008403	0.0017648339073746706	0.020009799669194014	0.007093621119696767	0.03599999999999959
0.0015232045299321424	0.1649622223263159	0.005094326920026802	0.17788676685161764	0.0019762444037485128	0.012924544525301715	0.004695383352268741	0.07199999999999918
0.0022848066069803864	0.08803587017098535	0.0020557539195088267	0.09228470708569589	0.001423012428311036	0.00424883691471053	0.0014836306165782079	0.10799999999999876
0.0030464084585272596	0.018806599149837417	0.0012517501564540412	0.02204841986542424	0.0006953922062177935	0.0032418207155868214	0.001040820894157235	0.14399999999999835
0.0038080100094056712	0.012745884737727588	0.0006888990279551976	0.014657615368072861	0.0005644784327543427	0.0019117306303452733	0.00039489994894000333	0.17999999999999794
0.004569611184448563	0.038010316138782294	0.0010106104509652269	0.03981340093752998	0.0009255339509108201	0.0018030847987476925	0.00040585759733131383	0.21599999999999753
0.0053312119084889115	0.07565344419312783	0.0014029372202510964	0.07809564257575505	0.001286629401749906	0.0024421983826272077	0.000559301016017808	0.2519999999999971
0.006092812106359739	0.10371447816672864	0.0017901561439703057	0.10769137385353802	0.001490535273886525	0.003976895686809381	0.0009914452163859867	0.2879999999999967
0.006854411702894121	0.11926172007037303	0.0022265000537149784	0.12502444410486124	0.001576528672962876	0.005762724034488221	0.0015722149447574638	0.3239999999999963
0.007616010622925187	0.1337016297772232	0.002427104717776113	0.14048755719998157	0.0016389963382958536	0.0067859274227583906	0.0017901196368130957	0.3599999999999959
0.00837760879128614	0.14417472012011784	0.0025781247130727976	0.15186505357175972	0.001671588166837349	0.007690333451641897	0.0019627837467856837	0.39599999999999547
0.009139206132810255	0.148064314898641	0.002788104367122428	0.15681460721551588	0.001666214411141636	0.008750292316874873	0.0022354542039753544	0.43199999999999505
0.009900802572330888	0.15551219212706283	0.0029494987433368648	0.1650667982475212	0.001676887265077489	0.009554606120458388	0.002426436056682039	0.46799999999999464
0.010662398034681482	0.1752073279371698	0.0030808755024755597	0.1854095386875605	0.0017413420134406946	0.010202210750390676	0.00254155894166953	0.5039999999999942
0.011423992444695578	0.19629353595411236	0.003356878192074148	0.20723579555477067	0.001800802755370101	0.010942259600658302	0.0028329738143291145	0.5399999999999938
0.012185585727206821	0.1974992506161196	0.0036832069396910577	0.2093620979561585	0.0017676693390888982	0.011862847340038934	0.0032313090951243562	0.5759999999999934
0.012947177807048968	0.17045143118557196	0.0037006913079109666	0.18290082631954568	0.0016131789500760886	0.01244939513397373	0.0033305810050919325	0.611999999999993
0.013708768609055899	0.13170320900100535	0.0033878477612338184	0.14357516815635724	0.0013986200419268762	0.011871959155351898	0.0030856724439929555	0.6479999999999926
0.01447035805806161	0.11943623729945274	0.00291103873113484	0.13001525655223642	0.0013011229662758734	0.010579019252783683	0.0026040786318382576	0.6839999999999922
0.015231946078900232	0.1563620464451156	0.002752050913119246	0.1660554993752113	0.0014376869424145816	0.00969345293009571	0.00234666582282418	0.7199999999999918
0.01599353259640605	0.19913558853593955	0.0030494274995975152	0.20881109118205932	0.001581026949918516	0.009675502646119768	0.002607558601246175	0.7559999999999913
0.016755117535413484	0.17691722501825052	0.003368098547220778	0.18711405744624354	0.0014699411295949862	0.010196832427993019	0.0030304060617870553	0.7919999999999909
0.017516700820757115	0.10056090016878015	0.0028785920955414993	0.10962769268197187	0.0011049202471730753	0.009066792513191712	0.002658090235470006	0.8279999999999905
0.018278282377271683	0.03988254478867709	0.0017606208406521036	0.04578007552441363	0.0006992791986535757	0.005897530735736536	0.001615795267621778	0.8639999999999901
0.019039862129792105	0.016758619167122173	0.0009087841463991295	0.019916570355840317	0.00044953394857832614	0.003157951188718145	0.0007898150757120133	0.8999999999999897
0.019801440003153474	0.013899924141288583	0.0005669596630081098	0.015659448400720425	0.0003872525102601761	0.0017595242594318416	0.00041409993090492256	0.9359999999999893
0.02056301592219106	0.020636110499669052	0.0005414267627839477	0.021905128899702114	0.00044874033263629025	0.0012690184000330631	0.0003029439772039984	0.9719999999999889
0.02132458981174034	0.026757555411218666	0.0006128480277493507	0.028090941379615673	0.0005007589458228919	0.0013333859683970068	0.000353303245519504	1.0079999999999885
0.022086161596636983	0.023254863514668923	0.0006143735224057728	0.024686278118489842	0.0004627538037914839	0.0014314146038209203	0.000404120949852627	1.043999999999988
0.02284773120171687	0.014026046610432667	0.0004999353317363746	0.015354278582992625	0.0003591445561291935	0.0013282319725599592	0.00034777941819653935	1.0799999999999876
0.023609298551816087	0.008769240096542298	0.0003795435257775266	0.009870724883687928	0.000282168196140271	0.00110148478714563	0.0002538393134378156	1.1159999999999872
0.024370863571770957	0.009970635756800007	0.0003650497585668851	0.01096526815720426	0.00029064907004557543	0.0009946324004042532	0.00022087200889063158	1.1519999999999868
0.02513242618641802	0.02003773284186434	0.0004702755108555407	0.02110836414431111	0.00039606826626768777	0.001070631302446768	0.0002535527254165251	1.1879999999999864
0.025893986320594062	0.04157577162696809	0.0006559002383495437	0.04291188734435407	0.000557733812582276	0.0013361157173859758	0.0003451638987052772	1.223999999999986
0.026655543899136113	0.060345492048817645	0.0008743781949366335	0.062226062266069374	0.0006642581606396087	0.0018805702172517314	0.0005685932850503331	1.2599999999999856
0.027417098846881455	0.05445822686099313	0.0010240770406705658	0.05691214783009973	0.0006282120898012905	0.002453920969106597	0.0008087541996528233	1.2959999999999852
0.028178651088667628	0.031263021911488866	0.0008740159907521245	0.03351992423656033	0.00047663862373278074	0.00225690232507147	0.0007326114757881823	1.3319999999999848
0.028940200549332426	0.013378259894147808	0.0005196366529020409	0.014758572765919522	0.0003123816359781422	0.001380312871771714	0.0004152589126591452	1.3679999999999843
0.02970174715371395	0.005800331791760347	0.00027906894951192475	0.006475746686327901	0.000204044136416529	0.0006754148945675542	0.00019038242822204496	1.403999999999984
0.030463290826650537	0.0033268407217554954	0.00017919106239627861	0.003681921001883481	0.00015165260840093524	0.0003550802801279857	9.545115613705052e-05	1.4399999999999835
0.031224831492980876	0.002207321055341955	0.00013556574346886526	0.002436849946342774	0.00012148701726812982	0.00022952889100081924	6.015792082144552e-05	1.475999999999983
0.03198636907754389	0.001669780757618769	0.00011223440227033573	0.0018353338331345294	0.00010386785954962821	0.00016555307551576037	4.2520921974461586e-05	1.5119999999999827
0.03274790350517884	0.0015305581574259733	0.00010487299055549731	0.0016797589370579713	9.826220811578885e-05	0.00014920077963199798	3.664536265699699e-05	1.5479999999999823
0.03350943470072528	0.0013956717185938103	9.80156365602473e-05	0.0015292687650648794	9.267333090394308e-05	0.00013359704647106907	3.1917373787308336e-05	1.5839999999999819
0.034270962589023124	0.0014097018183825438	9.641364060383154e-05	0.001540829621751064	9.184713605828033e-05	0.00013112780336852007	2.9320533630487255e-05	1.6199999999999815
0.03503248709491255	0.0017663025272827918	0.00010786424412983616	0.0019273789953293877	0.00010145553628453137	0.00016107646804659588	3.6626074303957746e-05	1.655999999999981
0.03579400814323413	0.0026797016103383606	0.00013353509146116902	0.0028977886122896514	0.0001227297440065962	0.0002180870019512909	5.262157910608669e-05	1.6919999999999806
0.03655552565882872	0.005151353281520076	0.00018145480301584685	0.005446223102901854	0.00016636384891468588	0.00029486982138177744	7.244939828467419e-05	1.7279999999999802
0.03731703956653758	0.009952849356414474	0.0002480320441426098	0.010334819992807468	0.00022716137693590927	0.00038197063639299367	9.958716659360917e-05	1.7639999999999798
0.03807854979120229	0.015067445555555442	0.0003087225015304211	0.015548194258301335	0.00027640723684717663	0.00048074870274589286	0.00013750862652833694	1.7999999999999794
0.0388400562576648	0.015518952036039308	0.00033587311367537243	0.016110074027741124	0.00027913907579597385	0.0005911219917018159	0.00018679433838786227	1.835999999999979
0.03960155889076744	0.010877140331811516	0.00029985768349837216	0.011469959064486647	0.00023357427035569626	0.000592818732675131	0.00018803640759388604	1.8719999999999786
0.04036305761535292	0.0058548137793217716	0.00021738901396387632	0.006295145506410359	0.00017145859750197892	0.00044033172708858744	0.00013364105931502041	1.9079999999999782
0.04112455235626432	0.003017462074566685	0.00014959957025661847	0.003311372566611914	0.00012311557981376333	0.0002939104920452288	8.498579544892073e-05	1.9439999999999777
0.04188604303834512	0.0018938656522846365	0.0001095472230408813	0.002087615595126045	9.665578468581776e-05	0.0001937499428414085	5.1558252130356696e-05	1.9799999999999773
0.04264752958643921	0.0015982253625452447	9.252834231188362e-05	0.0017236747104143013	8.66422550646332e-05	0.00012544934786905672	3.24748174482961e-05	2.015999999999977
0.04340901192539087	0.0017838150081244896	9.318204209140536e-05	0.0018769523318684445	8.916905874110756e-05	9.313732374395496e-05	2.7051283362335104e-05	2.0519999999999765
0.04417048998004482	0.002009969839986203	9.559882926017747e-05	0.0020892335969372364	9.30458747350271e-05	7.926375695103332e-05	2.1945417533284915e-05	2.087999999999976
0.04493196367524619	0.001875969358931002	9.339186108029173e-05	0.0019684882476082126	8.947487990412689e-05	9.251888867721061e-05	2.6763512142141993e-05	2.1239999999999757
0.04569343293584052	0.0015760241960161977	8.621890584008097e-05	0.0016756433834001195	8.168097641020711e-05	9.961918738392173e-05	2.7602858854400177e-05	2.1599999999999753
0.04645489768667383	0.0014001309719114555	8.036866842302601e-05	0.001501915006481913	7.636476131542585e-05	0.00010178403457045747	2.5050870111202452e-05	2.195999999999975
0.047216357852592546	0.001447129845894744	8.128272197821728e-05	0.0015595490352969584	7.67972385752282e-05	0.00011241918940221453	2.6628275186493943e-05	2.2319999999999744
0.04797781335844356	0.0017872331436657263	8.777326974285711e-05	0.001896484712038738	8.355420142390678e-05	0.00010925156837301166	2.6885726803744217e-05	2.267999999999974
0.04873926412907425	0.0026675552872885487	0.00010456263157770723	0.0027868589535072616	0.0001000359139172258	0.00011930366621871292	3.043287448140129e-05	2.3039999999999736
0.04950071008933241	0.003818052911303882	0.00012271803647599607	0.003948434585914153	0.00011773233647487179	0.00013038167461027107	3.4623885176153706e-05	2.339999999999973
0.050262151164066356	0.0043209937010184095	0.000130436291304556	0.004461587798109622	0.00012384013403520688	0.00014059409709121293	4.0954209691178065e-05	2.375999999999973
0.05102358727812485	0.003926056604652652	0.00012502027308185028	0.004072353707317343	0.00011712874795752565	0.0001462971026646902	4.371412910447662e-05	2.4119999999999724
0.05178501835635717	0.0029175972423895477	0.0001066850542704962	0.003042811416275121	0.00010016462087051473	0.00012521417388557305	3.6725325465743174e-05	2.447999999999972
0.05254644432361309	0.0019098718974506785	8.561953320059431e-05	0.0020175630549092924	8.052406864437572e-05	0.00010769115745861387	2.9096027812117898e-05	2.4839999999999716
0.05330786510474286	0.001394647905069156	7.262240195936156e-05	0.0014950381721457865	6.814763733926572e-05	0.00010039026707663035	2.5098063499461426e-05	2.519999999999971
0.05406928062459729	0.001502476655435613	7.272952022116023e-05	0.0016003121915537815	6.916588540435197e-05	9.78355361181685e-05	2.24869608402782e-05	2.5559999999999707
0.05483069080802765	0.002062445643409547	8.251291533370312e-05	0.00216080908648228	7.91618011193989e-05	9.836344307273325e-05	2.3276392340730002e-05	2.5919999999999703
0.05559209557988579	0.0027626659134966773	9.424278313917556e-05	0.0028660402789969864	9.003485061317961e-05	0.0001033743655003089	2.7846505146608693e-05	2.62799999999997
0.05635349486502406	0.003178104847638874	0.00010132630488044574	0.003292287578821146	9.530001606875964e-05	0.00011418273118227182	3.442276859898401e-05	2.6639999999999695
0.05711488858829535	0.002982989549229266	9.781964105758856e-05	0.00309505847882551	9.123422650995667e-05	0.00011206892959624404	3.52845304597551e-05	2.699999999999969
0.057876276674553154	0.0023851176077059433	8.579826840429968e-05	0.002483736601821252	8.062488414623763e-05	9.86189941153087e-05	2.9342305934980773e-05	2.7359999999999687
0.05863765904865145	0.0017870035720593883	7.283028413047938e-05	0.0018737122230514255	6.895532352765017e-05	8.670865099203726e-05	2.3439574307641595e-05	2.7719999999999683
0.05939903563544481	0.0013991644565130414	6.347922700626026e-05	0.0014757758790197829	6.02130816885922e-05	7.661142250674141e-05	2.0099677979391705e-05	2.807999999999968
0.06016040635978837	0.0012233503099442792	5.800634686542946e-05	0.0012940528365546658	5.548379545043366e-05	7.070252661038644e-05	1.691995032755579e-05	2.8439999999999674
0.06092177114653788	0.0010912621454910534	5.412136308998939e-05	0.001160999259116818	5.17368457885831e-05	6.97371136257646e-05	1.58877541070737e-05	2.879999999999967
0.06168312992054964	0.0009665029152417236	5.061936165405008e-05	0.00103119556903374	4.803482018304205e-05	6.469265379201638e-05	1.5967962432518804e-05	2.9159999999999666
0.06244448260668054	0.000908636369155929	4.7507469060636176e-05	0.0009591258101720789	4.5643459935593954e-05	5.0489441016149866e-05	1.3177032353877452e-05	2.951999999999966
0.06320582912978807	0.0007961798321687328	4.3724585755486376e-05	0.0008420946928620096	4.2120595570873505e-05	4.591486069327675e-05	1.1734343963076662e-05	2.987999999999966
0.06396716941473038	0.000680415523431457	4.093713536588121e-05	0.0007327249491291176	3.868777938958689e-05	5.23094256976605e-05	1.33830033201497e-05	3.0239999999999654
0.06472850338636617	0.0007229879845352644	4.201122914270862e-05	0.000784525347375542	3.9343202455097337e-05	6.153736284027751e-05	1.4732813535044586e-05	3.059999999999965
0.06548983096955478	0.0009320782856027788	4.631839476358432e-05	0.0009974407698116168	4.364659854908102e-05	6.536248420883805e-05	1.5503810130757997e-05	3.0959999999999646
0.0662511520891562	0.0012531234753444787	5.252951452855354e-05	0.0013221144317429995	4.955342051910267e-05	6.899095639852077e-05	1.743010073013037e-05	3.131999999999964
0.06701246667003107	0.0016123694190381442	5.7555680657092043e-05	0.0016797971339476238	5.512486585425759e-05	6.742771490947963e-05	1.6550091856278764e-05	3.1679999999999637
0.06777377463704064	0.0017984050495466358	5.9906551927826066e-05	0.0018637581128121525	5.733555675321148e-05	6.535306326551674e-05	1.736170774090459e-05	3.2039999999999633
0.0685350759150468	0.0017138720317090583	5.871589797285274e-05	0.001781502261235335	5.5351555578828656e-05	6.763022952627662e-05	1.9589843535931953e-05	3.239999999999963
0.06929637042891215	0.0014222942935480359	5.2630340054093414e-05	0.0014811010868239103	4.982827154558582e-05	5.880679327587438e-05	1.694390890523412e-05	3.2759999999999625
0.07005765810349994	0.0010922061343283163	4.582648430677542e-05	0.0011441063863932032	4.323258885361909e-05	5.190025206488686e-05	1.5199010656390248e-05	3.311999999999962
0.07081893886367407	0.0008415584462176805	3.9751686092702256e-05	0.0008869319852753168	3.7538093729089023e-05	4.537353905763638e-05	1.308006370010732e-05	3.3479999999999617
0.07158021263429917	0.0006746199325186929	3.456998183723193e-05	0.0007103600739047174	3.3098102062893056e-05	3.5740141386024504e-05	9.979944091068845e-06	3.3839999999999613
0.07234147934024049	0.0006734071203194216	3.3806661755981414e-05	0.0007076743799666111	3.26181442950808e-05	3.426725964718942e-05	8.885214787984831e-06	3.419999999999961
0.07310273890636404	0.0007389109159840927	3.481090805449077e-05	0.0007728731320307985	3.374692105191637e-05	3.396221604670583e-05	8.540763378875113e-06	3.4559999999999604
0.07386399125753652	0.0007325158807001359	3.40710620949795e-05	0.0007629592867754748	3.3205473730761614e-05	3.044340607533895e-05	7.63110651187946e-06	3.49199999999996
0.07462523631862535	0.0006349658710284042	3.146885446645986e-05	0.0006619727829495531	3.060479575886181e-05	2.700691192114891e-05	7.3236109938734706e-06	3.5279999999999596
0.0753864740144986	0.0005032202660820158	2.7590717808056248e-05	0.000524115009082222	2.694569670676776e-05	2.0894743000206235e-05	5.9310317947788175e-06	3.563999999999959
0.07614770427002518	0.0003960918672300817	2.397947633176286e-05	0.0004109168523556111	2.362761534660095e-05	1.4824985125529438e-05	4.092808104302291e-06	3.599999999999959
0.07690892701007462	0.0003297142645651701	2.143145643562118e-05	0.00033927651065482985	2.1274216470795546e-05	9.56224608965971e-06	2.591339133664281e-06	3.6359999999999584
0.0776701421595173	0.00029511742783509034	2.0035955655055975e-05	0.00030272254704956895	1.991836533880176e-05	7.6051192144786285e-06	2.167542673487696e-06	3.671999999999958
0.07843134964322425	0.00025346462200586756	1.8610208888013816e-05	0.0002626096722194652	1.8406823238952817e-05	9.145050213597682e-06	2.743853696073276e-06	3.7079999999999576
0.07919254938606736	0.00020579641603548775	1.659704357737375e-05	0.0002131453856877493	1.64641690214997e-05	7.348969652261538e-06	2.09594702717717e-06	3.743999999999957
0.07995374131291917	0.00016133003149805528	1.4592857438456256e-05	0.00016721585306999932	1.4471345742985876e-05	5.8858215719440335e-06	1.8792659753405488e-06	3.7799999999999567
0.08071492534865309	0.0001441920902636776	1.3691745698655094e-05	0.00014947391143795528	1.3584091745806523e-05	5.281821174277686e-06	1.713578629112575e-06	3.8159999999999563
0.08147610141814324	0.0001377191151911915	1.316265052614212e-05	0.00014123737165978124	1.3123207717688178e-05	3.518256468589746e-06	1.0182279075721955e-06	3.851999999999956
0.08223726944626457	0.00011298490076211897	1.1817664456277265e-05	0.00011539056136411997	1.1784641037751211e-05	2.405660602001005e-06	8.828526561715121e-07	3.8879999999999555
0.0829984293578928	9.603252857677903e-05	1.0821214538564404e-05	9.784674649175259e-05	1.0782861138184709e-05	1.8142179149735656e-06	9.102690614667622e-07	3.923999999999955
0.08375958107790445	9.202771115957499e-05	1.055784879022817e-05	9.401675107129746e-05	1.0519458415796056e-05	1.9890399117224763e-06	8.995363892917175e-07	3.9599999999999547
0.08452072453117689	8.191832585013588e-05	9.995755145657788e-06	8.448266450668563e-05	9.93132336381964e-06	2.564338656549758e-06	1.1331095159755305e-06	3.9959999999999543
0.08528185964258823	6.489460045429812e-05	8.847252961345401e-06	6.704259879000398e-05	8.781735447082136e-06	2.1479983357058567e-06	1.0747127520859228e-06	4.031999999999954
0.08604298633701747	4.5637427697659214e-05	7.304947855756142e-06	4.717369670973121e-05	7.27342421312195e-06	1.5362690120719968e-06	6.779110496869007e-07	4.067999999999953
0.08680410453934441	3.139448131918466e-05	6.140436993136127e-06	3.3836531512200225e-05	6.092219951458274e-06	2.442050193015565e-06	7.679990427913217e-07	4.103999999999953
0.08756521417444975	2.0339389468183804e-05	5.004865218802291e-06	2.2569948847634673e-05	4.93436695191485e-06	2.230559379450868e-06	8.370774409978188e-07	4.139999999999953
0.08832631516721486	1.6968975053709866e-05	4.286830895862907e-06	1.7883936407576464e-05	4.264341357292045e-06	9.149613538665979e-07	4.3853382790090145e-07	4.175999999999952
0.08908740744252218	2.366965764855689e-05	4.84241526346603e-06	2.4035541134158495e-05	4.834287033455019e-06	3.658834856016065e-07	2.804540283494988e-07	4.211999999999952
0.08984849092525489	3.134613947828018e-05	5.5662847385019296e-06	3.187974363293854e-05	5.55871195718519e-06	5.33604154658368e-07	2.9025362551722576e-07	4.247999999999951
0.09060956554029706	2.2415905402374894e-05	4.8104286246364845e-06	2.3465317635624766e-05	4.757523854825908e-06	1.0494122332498723e-06	7.114705359215452e-07	4.283999999999951
0.09137063121253362	1.252139882593289e-05	3.5800737880099264e-06	1.353839271103447e-05	3.5287135111523988e-06	1.0169938851015793e-06	6.042427358324239e-07	4.3199999999999505
0.09213168786685041	1.668614455787346e-05	4.0214156483609345e-06	1.792926486030166e-05	3.971712053937947e-06	1.2431203024282012e-06	6.303072088166288e-07	4.35599999999995
0.09289273542813418	2.1097194844522693e-05	4.46090926843896e-06	2.244968987429712e-05	4.422677848506975e-06	1.3524950297744293e-06	5.827796749804612e-07	4.39199999999995
0.0936537738212725	1.9719436103306274e-05	4.223993124603818e-06	2.0424170279571716e-05	4.209531547453352e-06	7.047341762654406e-07	3.4923067977386697e-07	4.427999999999949
0.09441480297115393	1.304503458176058e-05	3.322675714673448e-06	1.3340526640971986e-05	3.3169537755933147e-06	2.954920592114069e-07	1.9491422589939826e-07	4.463999999999949
0.09517582280266788	1.3416645675526378e-05	3.249352101293804e-06	1.4177802905396779e-05	3.230961963875863e-06	7.611572298704003e-07	3.4521568065469857e-07	4.4999999999999485
0.09593683324070472	1.9291792092844635e-05	3.869911096917109e-06	2.0351491724228727e-05	3.845584833612368e-06	1.0596996313840911e-06	4.3323109945238334e-07	4.535999999999948
0.09669783421015571	1.7589501697088215e-05	3.7708762401069616e-06	1.9069730843032736e-05	3.722515837637683e-06	1.4802291459445203e-06	6.019829372497489e-07	4.571999999999948
0.09745882563591307	1.133274514961735e-05	3.1020422364858543e-06	1.2775125679215569e-05	3.0388022977305987e-06	1.442380529598218e-06	6.231746402489392e-07	4.607999999999947
0.09821980744286998	8.881327949845723e-06	2.5867275694031636e-06	9.472177368130122e-06	2.571999844625155e-06	5.908494182843991e-07	2.756380190731584e-07	4.643999999999947
0.09898077955592054	1.596932366711161e-05	3.358517626801626e-06	1.657815612736317e-05	3.3442346036981067e-06	6.088324602515622e-07	3.094116432285524e-07	4.679999999999946
0.09974174189995977	2.0661668632508163e-05	3.7998106868497287e-06	2.1287782333382235e-05	3.781319584954173e-06	6.261137008740712e-07	3.744108069212328e-07	4.715999999999946
0.10050269439988377	1.3141771964945408e-05	3.017793567487912e-06	1.3519076894220414e-05	3.009262299176691e-06	3.773049292750064e-07	2.267563245539918e-07	4.751999999999946
0.10126363698058949	7.90078795310357e-06	2.3240036977689105e-06	8.226411155645485e-06	2.3140871073828965e-06	3.256232025419158e-07	2.1446222671563728e-07	4.787999999999945
0.10202456956697491	1.6104110736300643e-05	3.256627078304143e-06	1.668920876269817e-05	3.233886395034444e-06	5.850980263975271e-07	3.8418577687741833e-07	4.823999999999945
0.102785492083939	2.5007370133484785e-05	4.007409904936684e-06	2.5646153096091405e-05	3.996582514466367e-06	6.387829626066196e-07	2.943846994093491e-07	4.859999999999944
0.10354640445638173	2.104046171729345e-05	3.7158861216432227e-06	2.192670065586264e-05	3.6953488519201402e-06	8.862389385691905e-07	3.9013655511014533e-07	4.895999999999944
0.10430730660920408	1.1315602966467276e-05	2.7550476169035294e-06	1.2055966560389769e-05	2.7297816048058136e-06	7.403635939224935e-07	3.7226302726649244e-07	4.9319999999999435
0.10506819846730797	8.382515271993263e-06	2.311995717356237e-06	8.922505567998775e-06	2.299127113689579e-06	5.399902960055116e-07	2.4359538618579596e-07	4.967999999999943
0.10582907995559639	1.4780512013673458e-05	3.0413782746433113e-06	1.56589746021559e-05	3.0198717983585402e-06	8.784625884824424e-07	3.6104865454822175e-07	5.003999999999943
0.10658995099897337	1.7469649774978887e-05	3.273577580998707e-06	1.828112863375396e-05	3.2603012615091762e-06	8.114788587750749e-07	2.945265064795034e-07	5.039999999999942
0.10735081152234396	1.2342057110724558e-05	2.8196455755264034e-06	1.3428274506838341e-05	2.7908699038199982e-06	1.0862173961137833e-06	4.0180387197907387e-07	5.075999999999942
0.1081116614506142	8.542174382107836e-06	2.3386927138787957e-06	9.39436687677612e-06	2.310447881919692e-06	8.521924946682829e-07	3.6237300517915766e-07	5.1119999999999415
0.10887250070869124	8.852289520328734e-06	2.272995044207619e-06	9.306635667152503e-06	2.2624330922102597e-06	4.5434614682376875e-07	2.1886748105718737e-07	5.147999999999941
0.10963332922148326	1.1727609964392026e-05	2.7066474674901635e-06	1.3006093007739142e-05	2.662865643569398e-06	1.2784830433471155e-06	4.848577910776038e-07	5.183999999999941
0.11039414691389944	1.1151878996221347e-05	2.699484548521231e-06	1.2829479859062095e-05	2.644723969877457e-06	1.6776008628407473e-06	5.409731517002467e-07	5.21999999999994
0.11115495371085017	8.810518331218823e-06	2.3637750815466114e-06	9.87228252692232e-06	2.3202201784034354e-06	1.0617641957034966e-06	4.516757242427565e-07	5.25599999999994
0.11191574953724674	1.108288948810476e-05	2.568934972993899e-06	1.192218860102627e-05	2.550286987107315e-06	8.392991129215089e-07	3.0897116186184376e-07	5.291999999999939
0.11267653431800172	1.606735557151212e-05	3.059830236971021e-06	1.6966443755216963e-05	3.042594530802499e-06	8.990881837048424e-07	3.2431404566077043e-07	5.327999999999939
0.11343730797802859	1.6691682408015715e-05	3.1552528087067618e-06	1.797452363244459e-05	3.1317128795599047e-06	1.2828412244288721e-06	3.847008277226844e-07	5.363999999999939
0.11419807044224196	1.0752063390283069e-05	2.637989545064363e-06	1.2268627082822472e-05	2.587339726126741e-06	1.5165636925394042e-06	5.144530896741592e-07	5.399999999999938
0.11495882163555769	8.473052782135147e-06	2.294451194483832e-06	9.405575536878032e-06	2.2655542842587793e-06	9.325227547428848e-07	3.630014723730106e-07	5.435999999999938
0.11571956148289257	9.910573193410608e-06	2.441349213600728e-06	1.0678784615792636e-05	2.414156184434355e-06	7.682114223820285e-07	3.6336744475289603e-07	5.471999999999937
0.1164802899091646	1.0105398008901665e-05	2.479443866836342e-06	1.100198981165941e-05	2.4504427342181653e-06	8.965918027577455e-07	3.7811677443582714e-07	5.507999999999937
0.11724100683929292	7.997043233748136e-06	2.208307332199633e-06	8.684291813267842e-06	2.1770887953742954e-06	6.872485795197048e-07	3.7000763573521053e-07	5.5439999999999365
0.11800171219819777	6.100301321357023e-06	1.8925554828644469e-06	6.423815657032479e-06	1.872124961349174e-06	3.235143356754562e-07	2.773344277467793e-07	5.579999999999936
0.11876240591080055	8.66352621938733e-06	2.209807270774452e-06	8.911449085458267e-06	2.204453121122162e-06	2.4792286607093745e-07	1.5373552205781893e-07	5.615999999999936
0.11952308790202376	1.057894029418043e-05	2.4401358782323327e-06	1.085183045752642e-05	2.432494313171395e-06	2.7289016334599037e-07	1.9296248502105442e-07	5.651999999999935
0.12028375809679111	8.433388297919502e-06	2.173029272646011e-06	8.632873671682564e-06	2.1695817269267573e-06	1.994853737630629e-07	1.2235746794520186e-07	5.687999999999935
0.1210444164200275	5.325108872159375e-06	1.8192436373392067e-06	5.868317986002989e-06	1.7886356991079443e-06	5.43209113843614e-07	3.3230971679417096e-07	5.7239999999999345
0.12180506279665891	5.857716638866641e-06	1.9061811935522245e-06	6.4817723918314076e-06	1.879448449639137e-06	6.240557529647664e-07	3.181198953244317e-07	5.759999999999934
0.12256569715161263	7.694515526222967e-06	2.239474832084071e-06	8.862705136491722e-06	2.1975359379222062e-06	1.1681896102687548e-06	4.313737649398116e-07	5.795999999999934
0.12332631940981698	7.313154520425423e-06	2.2350845026082026e-06	8.771395663706098e-06	2.1861436155091274e-06	1.4582411432806749e-06	4.6516537507432506e-07	5.831999999999933
0.12408692949620158	5.566577201146044e-06	1.8540648029785253e-06	6.173656875321757e-06	1.8341087212705905e-06	6.070796741757131e-07	2.7129594947760776e-07	5.867999999999933
0.12484752733569723	4.047890894022769e-06	1.5120255141149435e-06	4.170108630338725e-06	1.5082912801127142e-06	1.2221773631595627e-07	1.0620061049970023e-07	5.903999999999932
0.12560811285323595	5.483581151603224e-06	1.784552069892432e-06	5.72402945349647e-06	1.7682790233088264e-06	2.4044830189324647e-07	2.4044830189324647e-07	5.939999999999932
0.12636868597375087	7.968751509695916e-06	2.1392137903206143e-06	8.24118386201851e-06	2.121795525988748e-06	2.724323523225948e-07	2.724323523225948e-07	5.975999999999932
0.12712924662217656	7.184209180926517e-06	1.985725201053935e-06	7.216193231355866e-06	1.9854676009995286e-06	3.198405042934826e-08	3.198405042934826e-08	6.011999999999931
0.1278897947234486	3.8079311685067374e-06	1.4422922583127722e-06	3.8079311685067374e-06	1.4422922583127722e-06	0.0	0.0	6.047999999999931
0.12865033020250397	1.393159100033455e-06	9.211323976439215e-07	1.5225501848536684e-06	9.119993646698926e-07	1.293910848202134e-07	1.293910848202134e-07	6.08399999999993
0.1294108529842808	2.606035362973723e-07	5.198172681665268e-07	4.5447988369886087e-07	4.982715148661699e-07	1.9387634740148856e-07	1.481063461067185e-07	6.11999999999993
0.13017136299371843	-3.2284769391864916e-07	1.9276866230381678e-07	0.0	0.0	3.2284769391864916e-07	1.9276866230381678e-07	6.1559999999999295
0.13093186015575767	-3.5240636263846136e-07	2.0877270258247456e-07	0.0	0.0	3.5240636263846136e-07	2.0877270258247456e-07	6.191999999999929
0.1316923443953403	-9.404393130712865e-08	8.270941649525048e-08	0.0	0.0	9.404393130712865e-08	8.270941649525048e-08	6.227999999999929
0.13245281563740968	0.0	0.0	0.0	0.0	0.0	0.0	6.263999999999928
0.13321327380691025	0.0	0.0	0.0	0.0	0.0	0.0	6.299999999999928
0.13397371882878775	0.0	0.0	0.0	0.0	0.0	0.0	6.3359999999999275
0.13473415062798935	0.0	0.0	0.0	0.0	0.0	0.0	6.371999999999927
0.1354945691294634	0.0	0.0	0.0	0.0	0.0	0.0	6.407999999999927
0.13625497425815958	0.0	0.0	0.0	0.0	0.0	0.0	6.443999999999926
0.13701536593902897	0.0	0.0	0.0	0.0	0.0	0.0	6.479999999999926
0.1377757440970238	0.0	0.0	0.0	0.0	0.0	0.0	6.515999999999925
0.13853610865709792	0.0	0.0	0.0	0.0	0.0	0.0	6.551999999999925
0.13929645954420625	0.0	0.0	0.0	0.0	0.0	0.0	6.587999999999925
0.14005679668330517	0.0	0.0	0.0	0.0	0.0	0.0	6.623999999999924
0.14081711999935248	0.0	0.0	0.0	0.0	0.0	0.0	6.659999999999924
0.1415774294173072	0.0	0.0	0.0	0.0	0.0	0.0	6.695999999999923
0.14233772486212984	0.0	0.0	0.0	0.0	0.0	0.0	6.731999999999923
0.14309800625878225	-4.3431861419662004e-08	4.3431861419662004e-08	0.0	0.0	4.3431861419662004e-08	4.3431861419662004e-08	6.7679999999999225
0.1438582735322276	-1.774463773588709e-07	1.4254063990775874e-07	0.0	0.0	1.774463773588709e-07	1.4254063990775874e-07	6.803999999999922
0.14461852660743063	-2.2966205229289096e-07	1.6527399197930301e-07	0.0	0.0	2.2966205229289096e-07	1.6527399197930301e-07	6.839999999999922
0.14537876540935732	-2.242009548168496e-07	1.6023243307190075e-07	0.0	0.0	2.242009548168496e-07	1.6023243307190075e-07	6.875999999999921
0.14613898986297502	3.152913816897312e-07	5.152025542575927e-07	4.518383385490278e-07	4.967782206236633e-07	1.3654695685929662e-07	1.3654695685929662e-07	6.911999999999921
0.14689919989325273	1.6238436650025404e-06	9.441152014051862e-07	1.6318372034143742e-06	9.440813613603511e-07	7.993538411833762e-09	7.993538411833762e-09	6.9479999999999205
0.14765939542516063	2.443457839084497e-06	1.155243233509648e-06	2.443457839084497e-06	1.155243233509648e-06	0.0	0.0	6.98399999999992
0.14841957638367048	1.3772332906001982e-06	8.673108202198432e-07	1.3772332906001982e-06	8.673108202198432e-07	0.0	0.0	7.01999999999992
0.14917974269375542	3.81830787007342e-07	4.566742033497116e-07	3.81830787007342e-07	4.566742033497116e-07	0.0	0.0	7.055999999999919
0.14993989428038998	2.680564706197917e-07	3.826345270868164e-07	2.680564706197917e-07	3.826345270868164e-07	0.0	0.0	7.091999999999919
0.15070003106855032	-4.127965511131608e-08	4.127965511131608e-08	0.0	0.0	4.127965511131608e-08	4.127965511131608e-08	7.127999999999918
0.15146015298321383	-2.448339363988079e-07	1.7427318028188995e-07	0.0	0.0	2.448339363988079e-07	1.7427318028188995e-07	7.163999999999918
0.15222025994935956	-2.3181425860486104e-07	1.6649603661788738e-07	0.0	0.0	2.3181425860486104e-07	1.6649603661788738e-07	7.199999999999918
0.15298035189196799	-2.8259977324617538e-08	2.8259977324617538e-08	0.0	0.0	2.8259977324617538e-08	2.8259977324617538e-08	7.235999999999917
0.1537404287360209	0.0	0.0	0.0	0.0	0.0	0.0	7.271999999999917
0.15450049040650188	0.0	0.0	0.0	0.0	0.0	0.0	7.307999999999916
0.15526053682839575	0.0	0.0	0.0	0.0	0.0	0.0	7.343999999999916
0.15602056792668897	0.0	0.0	0.0	0.0	0.0	0.0	7.3799999999999155
0.1567805836263695	0.0	0.0	0.0	0.0	0.0	0.0	7.415999999999915
0.1575405838524268	0.0	0.0	0.0	0.0	0.0	0.0	7.451999999999915
0.1583005685298518	0.0	0.0	0.0	0.0	0.0	0.0	7.487999999999914
0.15906053758363706	0.0	0.0	0.0	0.0	0.0	0.0	7.523999999999914
0.15982049093877662	0.0	0.0	0.0	0.0	0.0	0.0	7.5599999999999135
0.1605804285202661	0.0	0.0	0.0	0.0	0.0	0.0	7.595999999999913
0.1613403502531027	0.0	0.0	0.0	0.0	0.0	0.0	7.631999999999913
0.16210025606228506	0.0	0.0	0.0	0.0	0.0	0.0	7.667999999999912
0.16286014587281358	0.0	0.0	0.0	0.0	0.0	0.0	7.703999999999912
0.1636200196096901	0.0	0.0	0.0	0.0	0.0	0.0	7.739999999999911
0.16437987719791813	-1.4753786602745564e-07	1.0935322285953761e-07	0.0	0.0	1.4753786602745564e-07	1.0935322285953761e-07	7.775999999999911
0.1651397185625027	-3.2112803776850716e-07	1.9897999390329634e-07	0.0	0.0	3.2112803776850716e-07	1.9897999390329634e-07	7.811999999999911
0.1658995436284504	-2.620658669419568e-07	1.6611790868114757e-07	0.0	0.0	2.620658669419568e-07	1.6611790868114757e-07	7.84799999999991
0.16665935232076964	-8.847569519124186e-08	8.847569519124186e-08	0.0	0.0	8.847569519124186e-08	8.847569519124186e-08	7.88399999999991
0.16741914456447018	4.281821622164614e-07	4.835769666870803e-07	4.281821622164614e-07	4.835769666870803e-07	0.0	0.0	7.919999999999909
0.16817892028456366	8.19207465922518e-07	6.688800949989147e-07	8.19207465922518e-07	6.688800949989147e-07	0.0	0.0	7.955999999999909
0.16893867940606316	3.9102530371934367e-07	4.6211892277068274e-07	3.9102530371934367e-07	4.6211892277068274e-07	0.0	0.0	7.9919999999999085
