#Data reduced with Dominiques SARed v. 1.0
#wavelength: 5.1836
#q/A-1 	 Icorr/a.u. 	 sIcorr /a.u. 	Ispec/a.u. 	 sIspec/a.u. 	 Ibg/a.u. 	 sIbg/a.u. 	 2th/°
0.0	0.027597919822634	0.0038694841120549845	0.03674016477407485	0.0008959459440377416	0.009142244951440849	0.0037643310373568733	0.0
0.0007616023025496381	0.11837148695757885	0.0071359145587019624	0.1379357769224988	0.0017359777253839197	0.01956428996491997	0.006921535806890368	0.03599999999999959
0.0015232045299321424	0.16209248597913375	0.004847995556014058	0.17435435562758023	0.0019517096129190114	0.012261869648446477	0.0044377799064365024	0.07199999999999918
0.0022848066069803864	0.08699219899926637	0.0019537563694026947	0.09091863043373966	0.0014093628679401695	0.003926431434473283	0.0013530928487923727	0.10799999999999876
0.0030464084585272596	0.01878042842941063	0.001218729749392355	0.02205249180208333	0.0006940506474318953	0.0032720633726726995	0.0010017963370133269	0.14399999999999835
0.0038080100094056712	0.01290053110757262	0.0007022956084010648	0.014856503499933825	0.0005676932081341965	0.001955972392361204	0.0004134531932610095	0.17999999999999794
0.004569611184448563	0.03825722051414356	0.0010101851186431602	0.039988260642415396	0.0009268212696840733	0.0017310401282718364	0.00040184114770553064	0.21599999999999753
0.0053312119084889115	0.0767527457543449	0.0014374737121411972	0.07934911667409138	0.0012960949687944971	0.0025963709197464706	0.0006216659110507709	0.2519999999999971
0.006092812106359739	0.10660382888249986	0.0018423399521395587	0.11078404217836238	0.0015108491128505194	0.004180213295862521	0.0010543014073064638	0.2879999999999967
0.006854411702894121	0.12322957010541899	0.0022122044482939178	0.12895850081573212	0.001599422679487905	0.00572893071031313	0.0015282982736989296	0.3239999999999963
0.007616010622925187	0.1361469767102188	0.0024341423023678055	0.14287558465426287	0.0016501083519852623	0.006728607944044065	0.0017894667291919466	0.3599999999999959
0.00837760879128614	0.14350874122056337	0.002555551255838525	0.15090400786650587	0.0016646928566365496	0.007395266645942514	0.0019389790907281866	0.39599999999999547
0.009139206132810255	0.14225430002685174	0.002666958258066687	0.1505265032470696	0.0016316670070512776	0.008272203220217853	0.0021095803204358977	0.43199999999999505
0.009900802572330888	0.14931014845422014	0.0028337219253763294	0.15842951597685406	0.001640390719510263	0.009119367522633915	0.0023106488780650193	0.46799999999999464
0.010662398034681482	0.17316206002286424	0.003069942395420354	0.18297613691141193	0.001727410331798209	0.009814076888547688	0.002537833693683663	0.5039999999999942
0.011423992444695578	0.18815302425594288	0.003460665122720742	0.19891485632490657	0.0017642610260100305	0.010761832068963693	0.0029771775431972143	0.5399999999999938
0.012185585727206821	0.1641710235379136	0.0036440831393590857	0.17552249833880265	0.0016202794118724928	0.011351474800889052	0.003264052167785206	0.5759999999999934
0.012947177807048968	0.1139389195336249	0.003154380391730901	0.12438403466536538	0.0013319824890091225	0.010445115131740478	0.002859359771821212	0.611999999999993
0.013708768609055899	0.08044932632430447	0.0023634198506882055	0.0887232259199246	0.0010976737808172628	0.008273899595620122	0.00209305175796811	0.6479999999999926
0.01447035805806161	0.08989407905970592	0.001954447372754244	0.09643979735581025	0.0011170146104405542	0.006545718296104322	0.0016037901648683047	0.6839999999999922
0.015231946078900232	0.1310067939019271	0.0020552790807845367	0.1371142992447655	0.0013062356136186756	0.006107505342838421	0.0015867957088499998	0.7199999999999918
0.01599353259640605	0.142106677624756	0.002345170744431469	0.14871276865823474	0.0013362158567527835	0.006606091033478723	0.0019272656808804734	0.7559999999999913
0.016755117535413484	0.09409629773057934	0.0023278928966918707	0.10087056917736292	0.0010805766820284764	0.006774271446783579	0.002061901882419432	0.7919999999999909
0.017516700820757115	0.03962771694389894	0.0016444917029043071	0.04472847239323105	0.0007052463258704141	0.005100755449332112	0.001485590987037613	0.8279999999999905
0.018278282377271683	0.014525691582082435	0.0008457621228622912	0.01733790845862588	0.00042807507845217773	0.0028122168765434457	0.0007294280606589598	0.8639999999999901
0.019039862129792105	0.009224521821305063	0.00046296942961005384	0.010703183380673203	0.0003262404867111547	0.0014786615593681397	0.00032849328392514735	0.8999999999999897
0.019801440003153474	0.014302976461482807	0.000428739793636679	0.015226759141909584	0.00037965610172207437	0.0009237826804267768	0.00019919602172940108	0.9359999999999893
0.02056301592219106	0.023619580944143955	0.0005141161133858508	0.02443164170618893	0.0004735876564664143	0.0008120607620449762	0.0002000752600538674	0.9719999999999889
0.02132458981174034	0.025087472847197326	0.0005724535604300359	0.026089716848601667	0.00048275888244271787	0.0010022440014043413	0.00030764742851466004	1.0079999999999885
0.022086161596636983	0.016325975024662317	0.0005458363097484343	0.017519960930486474	0.00038993594940328814	0.0011939859058241575	0.0003819518718408709	1.043999999999988
0.02284773120171687	0.00800349110314479	0.00039306567024108383	0.009011961287281496	0.00027475822158786525	0.0010084701841367072	0.0002810845794275204	1.0799999999999876
0.023609298551816087	0.005332128993131135	0.0002762968488472779	0.0060406273064618635	0.0002197549898618951	0.0007084983133307291	0.00016747445510803698	1.1159999999999872
0.024370863571770957	0.007320033585049413	0.0002843174174407884	0.00793255442813193	0.0002461842800305853	0.0006125208430825179	0.00014223112924399462	1.1519999999999868
0.02513242618641802	0.015017380160814648	0.0003775280168834494	0.015680756316304032	0.00034064898470696146	0.0006633761554893835	0.00016274419421308524	1.1879999999999864
0.025893986320594062	0.0280661694586239	0.0005027062177852334	0.02884579046079502	0.000456735568688407	0.0007796210021711203	0.0002100146701895178	1.223999999999986
0.026655543899136113	0.03548089354482136	0.0006096221368103769	0.03655344665483682	0.0005087447340384691	0.001072553110015458	0.00033588382705539307	1.2599999999999856
0.027417098846881455	0.027870612089554093	0.0006202228205779121	0.029197906664789892	0.0004497400446600435	0.0013272945752358005	0.0004270951175028847	1.2959999999999852
0.028178651088667628	0.014399280978770248	0.0004825898106927952	0.015499401257212522	0.00032380713335862613	0.0011001202784422734	0.0003578293808095931	1.3319999999999848
0.028940200549332426	0.006229830268584057	0.0002934705502668312	0.0068653744663748385	0.00021259460085092284	0.0006355441977907812	0.00020230793252602213	1.3679999999999843
0.02970174715371395	0.0032060828676000975	0.00017906609028042498	0.0035518688008212606	0.0001506324606952054	0.0003457859332211631	9.682213834255421e-05	1.403999999999984
0.030463290826650537	0.0021010939130552807	0.00012931924832283105	0.00229795985243629	0.000119475000971307	0.00019686593938100943	4.948931328770114e-05	1.4399999999999835
0.031224831492980876	0.001524495794585928	0.00010589440262489448	0.0016592390261047627	0.00010010940900087936	0.0001347432315188348	3.452145328310955e-05	1.475999999999983
0.03198636907754389	0.0014467424525652828	0.0001006548923358927	0.0015627866921662666	9.578978757400306e-05	0.00011604423960098379	3.091478526009073e-05	1.5119999999999827
0.03274790350517884	0.0013779624290719533	9.710803809414682e-05	0.001484880193347713	9.225452663321217e-05	0.00010691776427575957	3.0316223019634507e-05	1.5479999999999823
0.03350943470072528	0.0011480282488263206	8.862668252969917e-05	0.0012521248831481443	8.376770119595578e-05	0.00010409663432182368	2.8942375378761707e-05	1.5839999999999819
0.034270962589023124	0.0010389303452051264	8.487852790976779e-05	0.0011533015183987578	7.93846195956904e-05	0.00011437117319363133	3.004075018665077e-05	1.6199999999999815
0.03503248709491255	0.0011726935414744762	8.90745241087014e-05	0.0013052981991296406	8.32759931265643e-05	0.00013260465765516446	3.1612969078782296e-05	1.655999999999981
0.03579400814323413	0.0019123403517429687	0.00010970929259841052	0.0020594427068784784	0.00010326598837914414	0.00014710235513550962	3.7044088955218225e-05	1.6919999999999806
0.03655552565882872	0.003797175124800406	0.000148639452269421	0.0039628217930598375	0.00014176707770366685	0.0001656466682594316	4.467418102568826e-05	1.7279999999999802
0.03731703956653758	0.0069628203107926214	0.00019602509121273908	0.00715285022902961	0.00018884445335191647	0.00019002991823698849	5.257003731383991e-05	1.7639999999999798
0.03807854979120229	0.009377989308004224	0.00023399243516922214	0.009659818150239308	0.0002177723106011866	0.00028182884223508297	8.560187177768332e-05	1.7999999999999794
0.0388400562576648	0.008827208129628217	0.00024050912544817	0.00919258159928694	0.00021081977782274575	0.0003653734696587228	0.00011575690347712175	1.835999999999979
0.03960155889076744	0.0060652007883558205	0.00020349915623928388	0.006393184279047269	0.00017432683765576583	0.0003279834906914485	0.00010498600031928419	1.8719999999999786
0.04036305761535292	0.003441211828482428	0.0001480684565854746	0.003659106298481862	0.00013063881955334503	0.00021789446999943396	6.969768045862885e-05	1.9079999999999782
0.04112455235626432	0.0019447421994727083	0.00010449349252268364	0.0020753803330535382	9.739354570150519e-05	0.00013063813358083	3.7860100835536095e-05	1.9439999999999777
0.04188604303834512	0.001191996487413574	7.957336224482176e-05	0.001285889121288672	7.578731833137143e-05	9.389263387509799e-05	2.4252883521037206e-05	1.9799999999999773
0.04264752958643921	0.0008720259775117312	6.768686082127597e-05	0.0009458878974990795	6.41941812338165e-05	7.386191998734832e-05	2.1462018161363708e-05	2.015999999999977
0.04340901192539087	0.0008570022822380085	6.54819164580612e-05	0.0009230616903916674	6.261235868446257e-05	6.605940815365889e-05	1.9172217477086763e-05	2.0519999999999765
0.04417048998004482	0.0009548086646446644	6.703436369678919e-05	0.0010162559414481466	6.489826651022807e-05	6.14472768034822e-05	1.678752275354583e-05	2.087999999999976
0.04493196367524619	0.0009495754083341573	6.589298014515559e-05	0.001008060233053147	6.393301068219913e-05	5.8484824718989645e-05	1.595164497848673e-05	2.1239999999999757
0.04569343293584052	0.0009072969972864589	6.368225770135237e-05	0.0009671342699797002	6.193492016538771e-05	5.9837272693241296e-05	1.4815384235601305e-05	2.1599999999999753
0.04645489768667383	0.0009282781296726451	6.346388874878896e-05	0.0009857269633639025	6.176917958002007e-05	5.744883369125738e-05	1.4568240426691692e-05	2.195999999999975
0.047216357852592546	0.0010252458006154803	6.52094874072786e-05	0.0010815924377178422	6.386405025611776e-05	5.634663710236179e-05	1.3178024616917855e-05	2.2319999999999744
0.04797781335844356	0.0012619871454735878	7.203078699853539e-05	0.0013313122218815928	6.990797800689165e-05	6.932507640800493e-05	1.7358251254556967e-05	2.267999999999974
0.04873926412907425	0.0017679375347950266	8.307551938715854e-05	0.0018411086014537175	8.123323212757838e-05	7.317106665869082e-05	1.739838841827374e-05	2.3039999999999736
0.04950071008933241	0.002384348896451424	9.439212833879886e-05	0.0024517681680356197	9.27141310014871e-05	6.741927158419576e-05	1.771902381530546e-05	2.339999999999973
0.050262151164066356	0.0026443489359457327	0.00010037072806766307	0.002731891611177058	9.686922913368373e-05	8.754267523132502e-05	2.627994482259519e-05	2.375999999999973
0.05102358727812485	0.002326999314307146	9.559106002996585e-05	0.0024251679289979972	9.033565579202051e-05	9.816861469085108e-05	3.125891953152136e-05	2.4119999999999724
0.05178501835635717	0.0017034044339545736	8.00233197366874e-05	0.0017782924053405384	7.648674038278943e-05	7.488797138596487e-05	2.3526798492269888e-05	2.447999999999972
0.05254644432361309	0.0011506709176122016	6.434637701755565e-05	0.0012101166208622412	6.22767429928022e-05	5.944570325003959e-05	1.6188375999274184e-05	2.4839999999999716
0.05330786510474286	0.0008760597842664433	5.522367875970621e-05	0.0009302188329053135	5.3667936783411896e-05	5.4159048638870215e-05	1.3015654311901936e-05	2.519999999999971
0.05406928062459729	0.0009060321472413469	5.489911773471618e-05	0.000958800196025757	5.3481937558635354e-05	5.276804878441015e-05	1.2393364475575543e-05	2.5559999999999707
0.05483069080802765	0.0011780962260023614	6.153463260383963e-05	0.0012371115682331148	5.9862745208672755e-05	5.901534223075337e-05	1.4246499421649173e-05	2.5919999999999703
0.05559209557988579	0.001549667500963877	6.975841013467675e-05	0.001613496313546134	6.750829425503858e-05	6.382881258225699e-05	1.7574583673387493e-05	2.62799999999997
0.05635349486502406	0.001709438114720893	7.296630415718957e-05	0.0017817367129657061	7.004319953426577e-05	7.229859824481331e-05	2.044582454591966e-05	2.6639999999999695
0.05711488858829535	0.001586682675402779	6.995545536382777e-05	0.0016599030253589989	6.674944822029158e-05	7.322034995621995e-05	2.0935063827156443e-05	2.699999999999969
0.057876276674553154	0.001354041131058917	6.344021149017523e-05	0.0014174322506620024	6.084162463141849e-05	6.339111960308527e-05	1.797100848944578e-05	2.7359999999999687
0.05863765904865145	0.0011044880287329336	5.6153675334253074e-05	0.0011596238894870177	5.420601099178988e-05	5.513586075408417e-05	1.4660955831822742e-05	2.7719999999999683
0.05939903563544481	0.0008410141909141679	4.874667363151691e-05	0.000893240846597465	4.6799699140288086e-05	5.222665568329711e-05	1.3639147719566098e-05	2.807999999999968
0.06016040635978837	0.0006883383663628031	4.361758074617371e-05	0.0007351368965314157	4.1790627617297297e-05	4.679853016861258e-05	1.2491468828819628e-05	2.8439999999999674
0.06092177114653788	0.0006613135344810773	4.1158782130116045e-05	0.0006977411408412852	4.0117828013689605e-05	3.642760636020797e-05	9.198109691582358e-06	2.879999999999967
0.06168312992054964	0.0006295453009922473	3.955351344576884e-05	0.0006645720977139537	3.857399825168853e-05	3.5026796721706404e-05	8.747976039253097e-06	2.9159999999999666
0.06244448260668054	0.0006191822968237228	3.8653455485669666e-05	0.0006516266698701733	3.7664473587649854e-05	3.2444373046450484e-05	8.68775289403841e-06	2.951999999999966
0.06320582912978807	0.000545354772165399	3.54953405508202e-05	0.0005704980508337467	3.473629605691334e-05	2.514327866834777e-05	7.301296944048211e-06	2.987999999999966
0.06396716941473038	0.00043012699971961305	3.128344807126667e-05	0.00045622158268004975	3.055170292931794e-05	2.609458296043673e-05	6.72663150070998e-06	3.0239999999999654
0.06472850338636617	0.0004221988665827507	3.1070339017045535e-05	0.00045514251216329595	3.0007058622408308e-05	3.294364558054527e-05	8.05868472304837e-06	3.059999999999965
0.06548983096955478	0.000550938509879191	3.4925049484167044e-05	0.0005882855294781333	3.358893830047816e-05	3.7347019598942335e-05	9.567774313715192e-06	3.0959999999999646
0.0662511520891562	0.0007789682229771067	4.0106387305350096e-05	0.0008157204080785647	3.8994081548996214e-05	3.67521851014579e-05	9.37997371195571e-06	3.131999999999964
0.06701246667003107	0.0009968593652644306	4.478964942828255e-05	0.0010398260833223557	4.344146805823462e-05	4.296671805792512e-05	1.090649113389969e-05	3.1679999999999637
0.06777377463704064	0.0010598739921029723	4.6124288864351e-05	0.0011093604556289462	4.4259197471855434e-05	4.948646352597386e-05	1.2983584342907731e-05	3.2039999999999633
0.0685350759150468	0.0009585897413713284	4.2897919067807075e-05	0.000999036779366792	4.147192982543212e-05	4.044703799546369e-05	1.0968614174204486e-05	3.239999999999963
0.06929637042891215	0.0008103066387834352	3.865266781349285e-05	0.000842207382530015	3.7629870934433766e-05	3.190074374657979e-05	8.832980389318359e-06	3.2759999999999625
0.07005765810349994	0.0006549228039343329	3.459417758712684e-05	0.0006855115908293557	3.352460626618041e-05	3.058878689502281e-05	8.535683782055558e-06	3.311999999999962
0.07081893886367407	0.0004940692832644887	2.9668716296607767e-05	0.0005215194816239467	2.884335113701064e-05	2.7450198359458057e-05	6.949375646466821e-06	3.3479999999999617
0.07158021263429917	0.00041019304346362	2.6402925874903393e-05	0.0004324468109393765	2.5902236662681087e-05	2.2253767475756482e-05	5.1174828408215365e-06	3.3839999999999613
0.07234147934024049	0.0004256966365921482	2.6314884553544106e-05	0.00044378953518386336	2.5899369117534654e-05	1.80928985917152e-05	4.657878098452812e-06	3.419999999999961
0.07310273890636404	0.0004183518904352066	2.594847529773826e-05	0.0004373963137183958	2.5403262343520826e-05	1.9044423283189247e-05	5.291278917576487e-06	3.4559999999999604
0.07386399125753652	0.00038495352669812847	2.460577288388322e-05	0.00040326965965147536	2.4138063641999977e-05	1.8316132953346878e-05	4.774719136033201e-06	3.49199999999996
0.07462523631862535	0.0003489887506924123	2.2962972018345707e-05	0.00036300039534017454	2.266330271240494e-05	1.4011644647762204e-05	3.6976741448141304e-06	3.5279999999999596
0.0753864740144986	0.00028475130547732917	2.0450240913434993e-05	0.0002954464117037028	2.022310834378972e-05	1.0695106226373641e-05	3.0394477019473587e-06	3.563999999999959
0.07614770427002518	0.00023129600311214108	1.8353108414359913e-05	0.00024108214591687534	1.8084062032398107e-05	9.786142804734256e-06	3.131020421144821e-06	3.599999999999959
0.07690892701007462	0.0002221333081044717	1.77288363634606e-05	0.00023072590406810178	1.753869498189128e-05	8.592595963630095e-06	2.5895592548819137e-06	3.6359999999999584
0.0776701421595173	0.000221447305201732	1.734482990175415e-05	0.00022715728192352125	1.7262288238221263e-05	5.709976721789245e-06	1.6901269482949333e-06	3.671999999999958
0.07843134964322425	0.00018941872694466086	1.5985473223136275e-05	0.00019547980607181225	1.588504421608182e-05	6.061079127151381e-06	1.7890568522918335e-06	3.7079999999999576
0.07919254938606736	0.00015617859128890457	1.4624196187057227e-05	0.00016259290241916574	1.437645096051565e-05	6.414311130261173e-06	2.6804424816488396e-06	3.743999999999957
0.07995374131291917	0.00013804570610605833	1.3488003333165289e-05	0.00014240346767652214	1.3355076393832192e-05	4.357761570463816e-06	1.8889596158690316e-06	3.7799999999999567
0.08071492534865309	0.00012404502382229143	1.2599680246727756e-05	0.00012757554440199738	1.2547789742176732e-05	3.5305205797059453e-06	1.1423287205992854e-06	3.8159999999999563
0.08147610141814324	0.00011271956047629718	1.202661335861039e-05	0.00011687631832926515	1.1921347144727989e-05	4.156757852967968e-06	1.5877377404318697e-06	3.851999999999956
0.08223726944626457	9.856287232420393e-05	1.1129959958405318e-05	0.00010175578829623172	1.1052692628950344e-05	3.1929159720277957e-06	1.309196060814593e-06	3.8879999999999555
0.0829984293578928	8.123139872885895e-05	9.970022469125084e-06	8.326294912130144e-05	9.944993762230122e-06	2.031550392442488e-06	7.060078640234869e-07	3.923999999999955
0.08375958107790445	7.701655735110473e-05	9.669400970255508e-06	7.87450786664841e-05	9.636525355982884e-06	1.7285213153793666e-06	7.966769653235255e-07	3.9599999999999547
0.08452072453117689	7.192932490297861e-05	9.301718956651223e-06	7.366920419654788e-05	9.280512375899412e-06	1.7398792935692746e-06	6.27746437108639e-07	3.9959999999999543
0.08528185964258823	5.212573299998083e-05	7.940950876665191e-06	5.4349283490054034e-05	7.895230993544047e-06	2.223550490073209e-06	8.508985745617131e-07	4.031999999999954
0.08604298633701747	3.779097425115192e-05	6.834875891206977e-06	4.081619561030555e-05	6.73591327308938e-06	3.0252213591536293e-06	1.1588791246806874e-06	4.067999999999953
0.08680410453934441	3.33824125121124e-05	6.38329981100815e-06	3.6373338461605035e-05	6.304155193872048e-06	2.990925949492635e-06	1.0020697424794165e-06	4.103999999999953
0.08756521417444975	2.513666107267242e-05	5.4700585574918185e-06	2.7334913894814933e-05	5.404174301089607e-06	2.1982528221425132e-06	8.464282283998621e-07	4.139999999999953
0.08832631516721486	1.89746077761282e-05	4.583793300859357e-06	2.0481402681450385e-05	4.548486438945177e-06	1.5067949053221852e-06	5.678310838048083e-07	4.175999999999952
0.08908740744252218	2.1045664312222577e-05	4.673651097747949e-06	2.2209430099285712e-05	4.64796244545316e-06	1.163765787063135e-06	4.893461853715525e-07	4.211999999999952
0.08984849092525489	2.0401711262941017e-05	4.628406757414776e-06	2.177014008702092e-05	4.595281617235252e-06	1.3684288240799024e-06	5.527530826531218e-07	4.247999999999951
0.09060956554029706	1.3320203715429646e-05	3.718922811219611e-06	1.4199644896711727e-05	3.6957435138410777e-06	8.794411812820811e-07	4.1456815568875993e-07	4.283999999999951
0.09137063121253362	1.259114778174371e-05	3.46784778670968e-06	1.3065288074916033e-05	3.4571107738372966e-06	4.7414029317232355e-07	2.726781421480587e-07	4.3199999999999505
0.09213168786685041	1.8516042454748024e-05	4.131311426105534e-06	1.9204213784181907e-05	4.115796915996697e-06	6.881713294338836e-07	3.577007768264118e-07	4.35599999999995
0.09289273542813418	2.457948396800275e-05	4.743083760305847e-06	2.5577894066490333e-05	4.725430228496407e-06	9.984100984875806e-07	4.088431397118675e-07	4.39199999999995
0.0936537738212725	2.1810784520809837e-05	4.490312677023221e-06	2.2921078821725622e-05	4.468311374157641e-06	1.1102943009157843e-06	4.4396103546245496e-07	4.427999999999949
0.09441480297115393	1.3706729167263216e-05	3.4747216461437554e-06	1.4306737421490479e-05	3.4625125176108775e-06	6.00008254227262e-07	2.910284927081082e-07	4.463999999999949
0.09517582280266788	1.4995442598009202e-05	3.381460759934321e-06	1.5124984612605328e-05	3.379631769928326e-06	1.295420145961275e-07	1.1120238606579759e-07	4.4999999999999485
0.09593683324070472	1.87382784323004e-05	3.749298106370328e-06	1.9196378667669815e-05	3.7408473438742944e-06	4.5810023536941395e-07	2.5158982543171664e-07	4.535999999999948
0.09669783421015571	1.598717290366272e-05	3.5218830391027435e-06	1.687224241410477e-05	3.5033739380085033e-06	8.850695104420528e-07	3.605983799219971e-07	4.571999999999948
0.09745882563591307	8.913204475595534e-06	2.6949123102927153e-06	9.848479671098835e-06	2.6661122229096285e-06	9.352751955033009e-07	3.9293507735897045e-07	4.607999999999947
0.09821980744286998	8.469992550156171e-06	2.4865276421395105e-06	8.972364883094157e-06	2.4756592630475673e-06	5.023723329379857e-07	2.3223033482008693e-07	4.643999999999947
0.09898077955592054	1.2202562949959451e-05	2.9437988572297853e-06	1.276760956052362e-05	2.928043623801407e-06	5.650466105641681e-07	3.04158262987077e-07	4.679999999999946
0.09974174189995977	1.589248621433704e-05	3.3778903560100548e-06	1.6781696226398417e-05	3.35691754483428e-06	8.892100120613761e-07	3.7582955499737433e-07	4.715999999999946
0.10050269439988377	1.518190479705198e-05	3.329300503263201e-06	1.6200755805717837e-05	3.294359929763547e-06	1.0188510086658575e-06	4.810763912279671e-07	4.751999999999946
0.10126363698058949	1.2291099922411294e-05	2.92067707572132e-06	1.2935259335354199e-05	2.8975509164826684e-06	6.441594129429049e-07	3.668150310912697e-07	4.787999999999945
0.10202456956697491	1.8614708877028066e-05	3.428571133263958e-06	1.8729138971737106e-05	3.427610761192817e-06	1.1443009470903913e-07	8.114484337343507e-08	4.823999999999945
0.102785492083939	2.37123010530365e-05	3.873425746056544e-06	2.3990705181305462e-05	3.868409727965053e-06	2.7840412826896133e-07	1.97061378253161e-07	4.859999999999944
0.10354640445638173	2.0944621336217457e-05	3.6726958855632864e-06	2.1504132049659272e-05	3.66180700248724e-06	5.59510713441814e-07	2.826031570398763e-07	4.895999999999944
0.10430730660920408	1.2441750715331426e-05	2.890660249871881e-06	1.3181687773542984e-05	2.8574965143530184e-06	7.399370582115566e-07	4.3661235741755634e-07	4.9319999999999435
0.10506819846730797	7.765724950190727e-06	2.303260256836203e-06	8.63782595924388e-06	2.2675872400650335e-06	8.721010090531532e-07	4.038018318623826e-07	4.967999999999943
0.10582907995559639	1.215275013899763e-05	2.7868432730908438e-06	1.3036659717692261e-05	2.7563700292218633e-06	8.83909578694631e-07	4.109984072708198e-07	5.003999999999943
0.10658995099897337	1.5423875326963427e-05	3.1099176104380945e-06	1.642135898818648e-05	3.091236109263055e-06	9.97483661223051e-07	3.4036283654534806e-07	5.039999999999942
0.10735081152234396	1.1296858913935711e-05	2.712406944368059e-06	1.2419611048649135e-05	2.6860690481957086e-06	1.122752134713423e-06	3.770736004828112e-07	5.075999999999942
0.1081116614506142	8.970206653201676e-06	2.342636527980184e-06	9.58363751117603e-06	2.3285740775198867e-06	6.134308579743558e-07	2.562980057071423e-07	5.1119999999999415
0.10887250070869124	1.1848049190144934e-05	2.620510624840535e-06	1.2388546610520278e-05	2.609966847593575e-06	5.404974203753441e-07	2.3483821955675613e-07	5.147999999999941
0.10963332922148326	1.4660795227546755e-05	2.925704127297265e-06	1.5494928280315555e-05	2.9073171603006206e-06	8.341330527688002e-07	3.274928547400516e-07	5.183999999999941
0.11039414691389944	1.2369539263962176e-05	2.684171217950664e-06	1.3069958779862694e-05	2.6700668478516643e-06	7.004195159005178e-07	2.7480566820615397e-07	5.21999999999994
0.11115495371085017	7.674898216138056e-06	2.179026831275323e-06	8.346600066481328e-06	2.1337439729771286e-06	6.717018503432732e-07	4.4192147402174564e-07	5.25599999999994
0.11191574953724674	8.863113695431242e-06	2.3192387057517878e-06	9.57086235502155e-06	2.2849086485608133e-06	7.077486595903089e-07	3.9756841170951385e-07	5.291999999999939
0.11267653431800172	1.3729052220658341e-05	2.849942242617265e-06	1.4610303698793507e-05	2.823091349345034e-06	8.812514781351658e-07	3.9028966103082943e-07	5.327999999999939
0.11343730797802859	1.3959069669219317e-05	2.8733712498432294e-06	1.487691099282157e-05	2.8487332432419604e-06	9.178413236022529e-07	3.754746972484081e-07	5.363999999999939
0.11419807044224196	8.97634603002413e-06	2.3464843242275925e-06	9.851905425075756e-06	2.3182328832307907e-06	8.75559395051626e-07	3.6302201441961555e-07	5.399999999999938
0.11495882163555769	8.017139093994504e-06	2.170986801331045e-06	8.537768753176713e-06	2.1581368964560935e-06	5.206296591822088e-07	2.3585764288753234e-07	5.435999999999938
0.11571956148289257	1.0889850240206203e-05	2.4767969532644174e-06	1.118864454683971e-05	2.470602355302409e-06	2.9879430663350795e-07	1.7506327334449997e-07	5.471999999999937
0.1164802899091646	1.1589146814405157e-05	2.5750161648346964e-06	1.2055521304308508e-05	2.564532322554448e-06	4.6637448990335094e-07	2.321254310356286e-07	5.507999999999937
0.11724100683929292	7.028799154220927e-06	2.0585933072094052e-06	7.64003466732401e-06	2.0415630696130776e-06	6.112355131030833e-07	2.6424730325849133e-07	5.5439999999999365
0.11800171219819777	4.43609959573416e-06	1.6655215063711483e-06	4.971492510356162e-06	1.6468442008489346e-06	5.353929146220024e-07	2.4872890124602084e-07	5.579999999999936
0.11876240591080055	5.457061196219943e-06	1.8846491423612732e-06	6.228138969409104e-06	1.843246361344399e-06	7.710777731891605e-07	3.928679691623076e-07	5.615999999999936
0.11952308790202376	6.264233121787547e-06	2.0663440300138124e-06	7.45259567177349e-06	2.016308308283093e-06	1.188362549985943e-06	4.51971742836092e-07	5.651999999999935
0.12028375809679111	5.828985454015171e-06	1.9965120923497146e-06	7.026670283004278e-06	1.9578422695868143e-06	1.197684828989107e-06	3.910424303292259e-07	5.687999999999935
0.1210444164200275	3.958753429411777e-06	1.7052470247140173e-06	5.011572064740968e-06	1.6534557424034878e-06	1.0528186353291907e-06	4.1707496113880923e-07	5.7239999999999345
0.12180506279665891	5.5550955387239126e-06	1.8252475689117192e-06	6.033263785712067e-06	1.8142222690722715e-06	4.781682469881546e-07	2.0031536691027863e-07	5.759999999999934
0.12256569715161263	9.080476890635549e-06	2.25424223190282e-06	9.274522856866249e-06	2.2493949483640326e-06	1.9404596623069967e-07	1.4775116367926843e-07	5.795999999999934
0.12332631940981698	8.75813870334899e-06	2.2259420547128223e-06	9.033459811862317e-06	2.2199791830116784e-06	2.753211085133253e-07	1.6282032408130617e-07	5.831999999999933
0.12408692949620158	4.579679842965862e-06	1.7229512903772657e-06	5.2181478631080125e-06	1.6872481800336348e-06	6.384680201421505e-07	3.48933701418868e-07	5.867999999999933
0.12484752733569723	3.597044464891545e-06	1.56293731420116e-06	4.208524010641203e-06	1.5151784799955052e-06	6.114795457496582e-07	3.8341520820234316e-07	5.903999999999932
0.12560811285323595	5.750149963392029e-06	1.79404610172668e-06	5.8730184678218825e-06	1.7898337201371161e-06	1.2286850442985335e-07	1.2286850442985335e-07	5.939999999999932
0.12636868597375087	7.474490873803975e-06	2.0300505428812618e-06	7.546032160179246e-06	2.028789553156334e-06	7.154128637527006e-08	7.154128637527006e-08	5.975999999999932
0.12712924662217656	7.1681058002573175e-06	2.0196631884731875e-06	7.419814671075572e-06	2.011750159778139e-06	2.5170887081825447e-07	1.7860764123159334e-07	6.011999999999931
0.1278897947234486	3.999943557534524e-06	1.5212966356696258e-06	4.20118300388094e-06	1.5137819256712512e-06	2.0123944634641514e-07	1.5102230037567655e-07	6.047999999999931
0.12865033020250397	9.213702041085291e-07	7.77746438824533e-07	1.0850862893567026e-06	7.693246600126304e-07	1.6371608524817359e-07	1.1414504194529725e-07	6.08399999999993
0.1294108529842808	-3.901119018010788e-07	2.4144081855493964e-07	9.277401055440157e-09	7.113620314057897e-08	3.9938930285651896e-07	2.307234480221323e-07	6.11999999999993
0.13017136299371843	-2.66443356813388e-07	1.716584687166371e-07	0.0	0.0	2.66443356813388e-07	1.716584687166371e-07	6.1559999999999295
0.13093186015575767	-9.698277307643398e-09	9.698277307643398e-09	0.0	0.0	9.698277307643398e-09	9.698277307643398e-09	6.191999999999929
0.1316923443953403	0.0	0.0	0.0	0.0	0.0	0.0	6.227999999999929
0.13245281563740968	0.0	0.0	0.0	0.0	0.0	0.0	6.263999999999928
0.13321327380691025	0.0	0.0	0.0	0.0	0.0	0.0	6.299999999999928
0.13397371882878775	0.0	0.0	0.0	0.0	0.0	0.0	6.3359999999999275
0.13473415062798935	0.0	0.0	0.0	0.0	0.0	0.0	6.371999999999927
0.1354945691294634	0.0	0.0	0.0	0.0	0.0	0.0	6.407999999999927
0.13625497425815958	0.0	0.0	0.0	0.0	0.0	0.0	6.443999999999926
0.13701536593902897	0.0	0.0	0.0	0.0	0.0	0.0	6.479999999999926
0.1377757440970238	0.0	0.0	0.0	0.0	0.0	0.0	6.515999999999925
0.13853610865709792	0.0	0.0	0.0	0.0	0.0	0.0	6.551999999999925
0.13929645954420625	0.0	0.0	0.0	0.0	0.0	0.0	6.587999999999925
0.14005679668330517	0.0	0.0	0.0	0.0	0.0	0.0	6.623999999999924
0.14081711999935248	0.0	0.0	0.0	0.0	0.0	0.0	6.659999999999924
0.1415774294173072	0.0	0.0	0.0	0.0	0.0	0.0	6.695999999999923
0.14233772486212984	0.0	0.0	0.0	0.0	0.0	0.0	6.731999999999923
0.14309800625878225	-2.022716284987438e-08	2.022716284987438e-08	0.0	0.0	2.022716284987438e-08	2.022716284987438e-08	6.7679999999999225
0.1438582735322276	-2.2353176247593058e-07	1.6184833844226488e-07	0.0	0.0	2.2353176247593058e-07	1.6184833844226488e-07	6.803999999999922
0.14461852660743063	-3.603059911794355e-07	2.090598037837289e-07	0.0	0.0	3.603059911794355e-07	2.090598037837289e-07	6.839999999999922
0.14537876540935732	-1.4769376666557506e-07	3.3195452095998965e-07	1.4315711900372112e-07	2.794544398890794e-07	2.908508856692962e-07	1.7916199377115984e-07	6.875999999999921
0.14613898986297502	6.061752468858789e-07	6.633998286820684e-07	7.711600839749216e-07	6.485997994475876e-07	1.6498483708904273e-07	1.393471666448472e-07	6.911999999999921
0.14689919989325273	1.162570064232721e-06	8.075624962297492e-07	1.1937054072130863e-06	8.069620658583146e-07	3.113534298036526e-08	3.113534298036526e-08	6.9479999999999205
0.14765939542516063	1.9042218521029928e-06	1.0192091440964343e-06	1.9042218521029928e-06	1.0192091440964343e-06	0.0	0.0	6.98399999999992
0.14841957638367048	1.7611242801778027e-06	9.801657918121424e-07	1.7611242801778027e-06	9.801657918121424e-07	0.0	0.0	7.01999999999992
0.14917974269375542	5.745889978638507e-07	5.714941941391071e-07	5.977260106549045e-07	5.71025649663668e-07	2.3137012791053815e-08	2.3137012791053815e-08	7.055999999999919
0.14993989428038998	-5.016974281013169e-09	3.406551285995917e-07	1.7512114033623857e-07	3.090820808122235e-07	1.8013811461725174e-07	1.432277346116684e-07	7.091999999999919
0.15070003106855032	-2.496219827729487e-07	1.7726598044233387e-07	0.0	0.0	2.496219827729487e-07	1.7726598044233387e-07	7.127999999999918
0.15146015298321383	-1.544722396986094e-07	1.1137422577253699e-07	0.0	0.0	1.544722396986094e-07	1.1137422577253699e-07	7.163999999999918
0.15222025994935956	-1.3637949777807995e-07	1.3637949777807995e-07	0.0	0.0	1.3637949777807995e-07	1.3637949777807995e-07	7.199999999999918
0.15298035189196799	-7.452813902501487e-08	7.452813902501487e-08	0.0	0.0	7.452813902501487e-08	7.452813902501487e-08	7.235999999999917
0.1537404287360209	0.0	0.0	0.0	0.0	0.0	0.0	7.271999999999917
0.15450049040650188	0.0	0.0	0.0	0.0	0.0	0.0	7.307999999999916
0.15526053682839575	0.0	0.0	0.0	0.0	0.0	0.0	7.343999999999916
0.15602056792668897	0.0	0.0	0.0	0.0	0.0	0.0	7.3799999999999155
0.1567805836263695	0.0	0.0	0.0	0.0	0.0	0.0	7.415999999999915
0.1575405838524268	0.0	0.0	0.0	0.0	0.0	0.0	7.451999999999915
0.1583005685298518	0.0	0.0	0.0	0.0	0.0	0.0	7.487999999999914
0.15906053758363706	0.0	0.0	0.0	0.0	0.0	0.0	7.523999999999914
0.15982049093877662	0.0	0.0	0.0	0.0	0.0	0.0	7.5599999999999135
0.1605804285202661	0.0	0.0	0.0	0.0	0.0	0.0	7.595999999999913
0.1613403502531027	0.0	0.0	0.0	0.0	0.0	0.0	7.631999999999913
0.16210025606228506	0.0	0.0	0.0	0.0	0.0	0.0	7.667999999999912
0.16286014587281358	0.0	0.0	0.0	0.0	0.0	0.0	7.703999999999912
0.1636200196096901	0.0	0.0	0.0	0.0	0.0	0.0	7.739999999999911
0.16437987719791813	0.0	0.0	0.0	0.0	0.0	0.0	7.775999999999911
0.1651397185625027	0.0	0.0	0.0	0.0	0.0	0.0	7.811999999999911
0.1658995436284504	0.0	0.0	0.0	0.0	0.0	0.0	7.84799999999991
0.16665935232076964	0.0	0.0	0.0	0.0	0.0	0.0	7.88399999999991
0.16741914456447018	6.473857955533507e-07	5.942513538952275e-07	6.473857955533507e-07	5.942513538952275e-07	0.0	0.0	7.919999999999909
0.16817892028456366	1.090955884524538e-06	7.714223039205361e-07	1.090955884524538e-06	7.714223039205361e-07	0.0	0.0	7.955999999999909
0.16893867940606316	4.435700889591224e-07	4.918919590450487e-07	4.435700889591224e-07	4.918919590450487e-07	0.0	0.0	7.9919999999999085
