#Initialized App on 2019-01-08 15:43:14.354322
#Set wavelength to 1.54055 A
#Load data from ../txtfile/DD205_12.txt
#Reading mode set to 0.
#Select data above noise threshold of 0.1.
#Applying footprint correction for a equidistributed beam using a sample size of 10 and a beam size of 0.2.
#Rescaling data by setting mean value between 0.01 .. 0.015 (Imean = 1339572.8001433522) to 1.
#[[Data]]
#q / A-1	I / a.u.	sI / a.u.
0.0035591920951453587	1.3750582384632117	0.0068593616730151415
0.004271030454543874	1.171088659445004	0.0057786637442929206
0.004982868781416634	1.07290933571036	0.005120833521734552
0.005694707070342677	1.027311686139702	0.004687208687045675
0.006406545315901047	1.0043551946604723	0.004369488334408138
0.007118383512670783	1.0033382032431977	0.004143161415338839
0.007830221655230929	1.010982696925771	0.00396536988152528
0.008542059738160527	1.019021211576776	0.0038116163422404264
0.009253897756038621	1.0292447743998066	0.003680407078590127
0.009965735703444254	1.0234654611934773	0.0035365579863924387
0.010677573574956467	1.0208519447792777	0.0034122745282211832
0.01138941136515431	1.0156245710566634	0.003295450786600223
0.012101249068616827	1.0125016507950768	0.003192137870056082
0.012813086679923057	1.001656135052613	0.0030855409600422804
0.013524924193652052	0.9955991090856746	0.0029941510100660617
0.014236761604382864	0.978188824515948	0.0028927081046086667
0.014948598906694532	0.9755777647147463	0.0028192239253646
0.015660436095166114	0.960147045316319	0.002732535541396118
0.01637227316437665	0.9542554240356461	0.0026642605729113446
0.017084110108905197	0.9332145883404523	0.0025792500583796023
0.01779594692333081	0.9202146115641908	0.002509475048626621
0.018507783602232538	0.9015356701046799	0.0024356401314104665
0.01921962014018943	0.8917174885518047	0.002377059827427747
0.019931456531780547	0.8694758023151188	0.002304931918107437
0.020643292771584935	0.8568091133984984	0.0022482853105691256
0.021355128854181664	0.8326800227803667	0.0021791485918324464
0.022066964774149787	0.8060788291349726	0.0021091930274553354
0.022778800526068368	0.7712278623273786	0.0020306019556923034
0.02349063610451646	0.7172691085098818	0.0019283796741963728
0.024202471504073127	0.6430303847371716	0.0017988077874458088
0.02491430671931743	0.6599509440773665	0.0017960990957585899
0.025626141744828444	0.640378650460393	0.0017445189068580511
0.026337976575185225	0.54133319807307	0.0015821221021672608
0.02704981120496684	0.47287105694501647	0.0014591102814638082
0.027761645628752368	0.5497026961043668	0.001552888238880048
0.028473479841120874	0.5879749284557265	0.0015858350078526737
0.029185313836651426	0.5333243488819754	0.001491806147190734
0.02989714760992311	0.40233576643290914	0.0012802014459839
0.030608981155515	0.30788122406560386	0.0011067920618508685
0.03132081446800616	0.2841368585966882	0.0010511050779277123
0.032032647541975684	0.29209520871710554	0.0010538157118200025
0.03274448037200264	0.30388430630845215	0.0010631240795530017
0.03345631295266612	0.29997046527605115	0.0010449585884349426
0.034168145278545205	0.2591614972731586	0.0009611106906672256
0.034879977344218986	0.20033617779016308	0.0008363546292423839
0.03559180914426656	0.14906833310311554	0.0007141945569131211
0.03630364067326699	0.14069748741799226	0.0006870161578227698
0.037015471925799404	0.16274022171621952	0.0007317364290301151
0.03772730289644286	0.18365740781646464	0.0007699725030102293
0.03843913357977649	0.17480058355720915	0.0007441894593119841
0.03915096397037938	0.14624549069837137	0.000674479699069997
0.039862794062830616	0.10582977871831054	0.0005686158303935028
0.04057462385170931	0.07929752147291393	0.00048786698083528386
0.04128645333159459	0.06989217376041415	0.0004540559341045051
0.041998282497065546	0.07807098548017917	0.0004758038324750758
0.042710111342701286	0.0886632468901196	0.0005028116530140407
0.04342193986308093	0.08987424234548441	0.0005020672356235967
0.044133768052783594	0.08161704256015727	0.0004745738381235375
0.0448455959063884	0.06620274758244404	0.00042401085771499045
0.045557423418474456	0.05279656731827214	0.00037568351349040897
0.04626925058362089	0.04684905967355608	0.000351158412388775
0.04698107739640684	0.04682876825047703	0.0003484125191040259
0.047692903851411415	0.051745090590060994	0.0003635017978711353
0.048404729943213765	0.055319203148731594	0.0003730722337199278
0.049116555666393	0.054842303827851706	0.0003687591146215087
0.0498283810155283	0.050852177966138876	0.0003525455694514364
0.05054020598519876	0.04387800052325425	0.00032516499104267947
0.05125203056998355	0.03810981787725673	0.00030092742487455496
0.05196385476446181	0.03438631986843666	0.0002838840808379714
0.05267567856321269	0.0336788863266607	0.00027904398278138967
0.05338750196081532	0.0339894712583405	0.0002784525981639702
0.054099324951848875	0.03471960321134732	0.00027956984389847114
0.05481114753089252	0.03346659201791871	0.000272690600151203
0.05552296969252541	0.03090332599023023	0.00026035453004664516
0.0562347914313267	0.02741740565166256	0.00024367417525507612
0.05694661274187557	0.023454041398695506	0.00022396170529624367
0.05765843361875119	0.020591831280220563	0.00020855227704105297
0.0583702540565327	0.018396152364262574	0.0001959144988209557
0.05908207404979933	0.01717272212403534	0.00018814408763838335
0.05979389359313022	0.016182097293246128	0.00018154649020772704
0.06050571268110459	0.014832348342982608	0.0001727848412119436
0.0612175313083016	0.013697013167973135	0.0001650721854042541
0.061929349469300454	0.011984051662114898	0.00015351557641557178
0.06264116715868033	0.009858969206844627	0.00013844736832599358
0.06335298437102045	0.008123817441946898	0.0001249670186778748
0.0640648011009	0.0067922126571234006	0.00011363046048662422
0.06477661734289819	0.005895973589322395	0.00010528524266647136
0.06548843309159422	0.005093603948895166	9.732606336323662e-05
0.06620024834156733	0.004382075735511498	8.978607786420011e-05
0.06691206308739671	0.0038221930179945297	8.340708964615066e-05
0.06762387732366158	0.0032686942718377007	7.67248392646727e-05
0.06833569104494118	0.002714251293454684	6.955047522543842e-05
0.06904750424581477	0.002137727652678746	6.140462241812925e-05
0.06975931692086149	0.0016759719832849618	5.40917631664406e-05
0.07047112906466067	0.0013600699442702072	4.848125763833502e-05
0.0711829406717915	0.0011069451352507332	4.351850380941766e-05
0.07189475173683324	0.0009045692273962317	3.9144538824217906e-05
0.07260656225436511	0.0008218980428582266	3.712956885523833e-05
0.07331837221896642	0.0006561181050711607	3.3012884627034645e-05
0.07403018162521639	0.0005626198257462032	3.0422995896297023e-05
0.0747419904676943	0.0005197850261875109	2.910237434693799e-05
0.07545379874097938	0.0004438633894447448	2.6765969472065708e-05
0.07616560643965092	0.0004141318194816824	2.5732899176498423e-05
0.07687741355828821	0.0003817825019020877	2.4592772844411763e-05
0.07758922009147053	0.00038141926756082124	2.4468057422261113e-05
0.07830102603377714	0.00034373405500256755	2.3122054717025927e-05
0.07901283137978733	0.00036221629017319624	2.362838545972476e-05
0.0797246361240804	0.00031773754082667024	2.2031134530584467e-05
0.08043644026123564	0.0003436930541585982	2.281170920800533e-05
0.08114824378583237	0.0003436798718958614	2.271100519508077e-05
0.08186004669244987	0.0003481301282493119	2.2757978425805127e-05
0.0825718489756675	0.0003716775005403441	2.341348177018632e-05
0.08328365063006452	0.00037435009904254605	2.3396881190159128e-05
0.08399545165022025	0.0003769774036523679	2.3379146104075176e-05
0.08470725203071407	0.0003680587212377621	2.300367007736013e-05
0.08541905176612526	0.0003493084398719125	2.2316497619085553e-05
0.08613085085103317	0.00033510997027356017	2.1767731719351946e-05
0.08684264928001716	0.00038425120637586904	2.321346431604358e-05
0.08755444704765654	0.0004047739175970918	2.3728267276130428e-05
0.08826624414853067	0.00042220611591630894	2.4135917172720352e-05
0.08897804057721892	0.0003805044137947669	2.282113819736821e-05
0.08968983632830065	0.0003611903559808815	2.2146001629445735e-05
0.09040163139635521	0.00036508228807544276	2.217716962652233e-05
0.09111342577596197	0.0003782699135892085	2.2485812372364595e-05
0.09182521946170033	0.0004018633444058803	2.3086445924024376e-05
0.09253701244814964	0.0003448129418425519	2.1302614689363673e-05
0.0932488047298893	0.00031606021630352946	2.0317120201046608e-05
0.09396059630149874	0.0003590308320017966	2.1572071991174774e-05
0.09467238715755728	0.00030487566369580174	1.9803802464224054e-05
0.09538417729264437	0.0003294132838767147	2.0508375259693464e-05
0.09609596670133941	0.00034344869580748096	2.086302248482789e-05
0.09680775537822184	0.0002893446297187885	1.9078819891850344e-05
0.09751954331787104	0.0003334397281806861	2.0406179970986157e-05
0.0982313305148664	0.0002702739618358818	1.830526249676637e-05
0.09894311696378745	0.00030648660622426704	1.942279948252644e-05
0.09965490265921358	0.00026030270119998297	1.783564719998378e-05
0.10036668759572422	0.0002936456118955346	1.8876254857909604e-05
0.10107847176789882	0.0002614561172869483	1.7748797748181035e-05
0.10179025517031683	0.00022493103773503625	1.640478195341683e-05
0.10250203779755773	0.00026138937000880354	1.7622867730928888e-05
0.10321381964420098	0.0002277284023830072	1.6392249092812513e-05
0.10392560070482604	0.0001816380770096293	1.4589521431881485e-05
0.10463738097401237	0.00021415523877284644	1.5787733662743774e-05
0.10534916044633952	0.00019883604158923317	1.516110603647619e-05
0.1060609391163869	0.0001929085844292643	1.4883220406940262e-05
0.10677271697873404	0.00014029511779989638	1.2649984761225696e-05
0.10748449402796044	0.000181289189338087	1.43321688368467e-05
0.10819627025864563	0.00017446854886004525	1.4013651072995838e-05
0.1089080456653691	0.0001610275806780508	1.3418965056504235e-05
0.10961982024271036	0.00017220285731448708	1.3831666348723509e-05
0.11033159398524896	0.0001567422918073846	1.3153520934145698e-05
0.11104336688756443	0.00013380272246662903	1.2113929301036314e-05
0.11175513894423629	0.00012314270276122985	1.1584291027664735e-05
0.1124669101498441	0.00014510346233242917	1.253502995515198e-05
0.11317868049896743	0.00011621357727811464	1.118265668750148e-05
0.11389044998618579	0.00011227930892505833	1.0957338577057531e-05
0.1146022186060788	0.00012645956302506683	1.159252913599231e-05
0.115313986353226	0.00014257701676482105	1.2271075810713055e-05
0.11602575322220694	0.00011336189567510926	1.090825349731177e-05
0.11673751920760128	0.00010745447473014977	1.0587804002138175e-05
0.11744928430398857	0.00012650485602756689	1.1453211518457165e-05
0.11816104850594841	8.760771040804371e-05	9.502390363630585e-06
0.1188728118080604	0.00010552428782460246	1.0397617035101665e-05
0.11958457420490416	8.350960540378334e-05	9.222093166648047e-06
0.12029633569105934	9.111457452716733e-05	9.604319451433605e-06
0.12100809626110551	7.950792208714779e-05	8.945340116801896e-06
0.12171985590962232	9.104952898421647e-05	9.544584062482693e-06
0.12243161463118944	7.858347958919331e-05	8.841332209846855e-06
0.12314337242038649	7.615131773044009e-05	8.678248066722e-06
0.12385512927179312	6.981393100829874e-05	8.285389280706004e-06
0.12456688517998903	7.234805423425311e-05	8.4102904724417e-06
0.1252786401395538	5.735518986193492e-05	7.467009707223697e-06
0.1259903941450672	4.44649837376754e-05	6.55600418267855e-06
0.12670214719110895	5.286600045559908e-05	7.128450047229317e-06
0.1274138992722586	5.926149775468073e-05	7.526217741065957e-06
0.12812565038309592	5.0377606216802e-05	6.919896400324904e-06
0.12883740051820064	5.8606728133818486e-05	7.443061916060585e-06
0.12954914967215245	4.5123669676078197e-05	6.5130407085768735e-06
0.13026089783953104	5.048675216642876e-05	6.870376754339091e-06
0.13097264501491618	5.3931827406517035e-05	7.081595874355974e-06
0.13168439119288758	3.699333043997824e-05	5.849159121278504e-06
0.13239613636802505	3.955404330997933e-05	6.031935055645773e-06
0.1331078805349082	4.117242870828243e-05	6.137623292698891e-06
0.1338196236881169	3.367283331254092e-05	5.535779696283826e-06
0.1345313658222309	3.892625693620531e-05	5.936198531170945e-06
0.13524310693182995	3.6019907466643234e-05	5.695247435154906e-06
0.13595484701149388	3.851868930816465e-05	5.874045050580893e-06
0.1366665860558024	3.7426971395602354e-05	5.775107065276833e-06
0.1373783240593354	4.8757588338590405e-05	6.574471870383405e-06
0.1380900610166726	3.351343285138967e-05	5.436596704122815e-06
0.13880179692239386	3.5973815993947734e-05	5.618166173263321e-06
0.13951353177107895	3.4044425884434565e-05	5.451471064228628e-06
0.14022526555730777	1.9107072450914593e-05	4.073641533993541e-06
0.14093699827566017	3.8021163232265785e-05	5.731906024285543e-06
0.1416487299207159	3.181169280458126e-05	5.229810081542281e-06
0.14236046048705486	2.9086219259486722e-05	4.988245450146763e-06
0.14307218996925694	2.3834198237706658e-05	4.504240088256125e-06
0.14378391836190196	2.4563227120228157e-05	4.561276766810499e-06
0.14449564565956985	1.6013880439794615e-05	3.6738361332109167e-06
0.14520737185684046	2.5161140933612137e-05	4.593774820635321e-06
0.14591909694829372	1.836150554989813e-05	3.9146861366057985e-06
0.1466308209285095	2.2425195550829235e-05	4.3157308959670854e-06
0.1473425437920677	2.2316872971467417e-05	4.294884205849132e-06
0.14805426553354828	2.3854746975590895e-05	4.4297153067603564e-06
0.14876598614753114	1.964741130686221e-05	4.010511039033435e-06
0.14947770562859625	2.118335115497678e-05	4.154396957789033e-06
0.15018942397132354	1.7028550585631717e-05	3.715934382573426e-06
0.15090114117029294	2.501882506347984e-05	4.493513631881342e-06
0.15161285722008444	1.6868676248281763e-05	3.681046941974041e-06
0.152324572115278	2.078744541474548e-05	4.0767534541358484e-06
0.1530362858504536	1.8303374247589022e-05	3.816517356503376e-06
0.15374799842019127	1.980287648961882e-05	3.960575297923764e-06
0.15445970981907092	2.4442420986297195e-05	4.389988403509489e-06
0.1551714200416727	1.8836371527221623e-05	3.8449582372652065e-06
0.1558831290825765	1.484404378640302e-05	3.4054571988644016e-06
0.1565948369363624	1.555429378289633e-05	3.4780458240558544e-06
0.15730654359761037	1.4709724978652636e-05	3.3746423510117287e-06
0.15801824906090053	2.0038436996922122e-05	3.929860818046365e-06
0.1587299533208129	1.4577815624921956e-05	3.344380269821213e-06
0.1594416563719276	1.5276572973571893e-05	3.4159455632142853e-06
0.16015335820882456	2.129216006562766e-05	4.023840029216535e-06
0.160865058826084	1.4384329391039131e-05	3.2999914834811336e-06
0.161576758218286	1.4320970535485136e-05	3.2854559651370147e-06
0.16228845638001058	2.2512896045632784e-05	4.110273666320643e-06
0.16300015330583792	1.7931679566137116e-05	3.6602887640106305e-06
0.16371184899034805	1.418362630083766e-05	3.253947036752473e-06
0.1644235434281212	1.6423146243075184e-05	3.5014265438365817e-06
0.1651352366137375	1.343711965342515e-05	3.167159475517318e-06
0.165846928541777	1.79161595379002e-05	3.657120751512795e-06
0.1665586192068199	2.1648692774962742e-05	4.020061325937805e-06
0.1672703086034464	1.418362630083766e-05	3.253947036752473e-06
0.16798199672623668	1.418362630083766e-05	3.253947036752473e-06
0.1686936835697709	1.2690613006012642e-05	3.0779257575074925e-06
0.16940536912862922	1.418362630083766e-05	3.253947036752473e-06
0.17011705339739192	1.4930132948250168e-05	3.3384792185396727e-06
0.17082873637063914	2.3141706069787758e-05	4.15637310807908e-06
0.17154041804295117	2.0155679480137726e-05	3.878962324519111e-06
0.17225209840890815	1.1944106358600134e-05	2.9860265896500335e-06
0.17296377746309044	1.9409172832725216e-05	3.8064519621831085e-06
0.17367545520007827	1.7169652890487694e-05	3.580120112023401e-06
0.17438713161445182	7.465066474125084e-06	2.3606612942797683e-06
0.17509880670079145	8.211573121537592e-06	2.475882452973423e-06
0.17581048045367736	1.418362630083766e-05	3.253947036752473e-06
0.17652215286768996	1.5676639595662674e-05	3.42092321855553e-06
0.17723382393740947	1.343711965342515e-05	3.167159475517318e-06
0.17794549365741621	8.9580797689501e-06	2.5859748830127406e-06
0.1786571620222905	1.866266618531271e-05	3.732533237062542e-06
0.17936882902661275	1.6423146243075184e-05	3.5014265438365817e-06
0.18008049466496323	1.418362630083766e-05	3.253947036752473e-06
0.18079215893192238	1.0451093063775118e-05	2.793172111566862e-06
0.18150382182207042	9.704586416362608e-06	2.691567994720516e-06
0.18221548332998788	1.418362630083766e-05	3.253947036752473e-06
0.18292714345025501	8.9580797689501e-06	2.5859748830127406e-06
0.18363880217745235	1.1944106358600134e-05	2.9860265896500335e-06
0.1843504595061602	1.343711965342515e-05	3.167159475517318e-06
0.18506211543095905	1.0451093063775118e-05	2.793172111566862e-06
0.18577376994642925	1.1944106358600134e-05	2.9860265896500335e-06
0.18648542304715132	7.465066474125084e-06	2.3606612942797683e-06
0.18719707472770566	1.343711965342515e-05	3.167159475517318e-06
0.1879087249826728	8.9580797689501e-06	2.5859748830127406e-06
0.1886203738066331	1.343711965342515e-05	3.167159475517318e-06
0.1893320211941672	1.418362630083766e-05	3.253947036752473e-06
0.19004366713985543	1.418362630083766e-05	3.253947036752473e-06
0.19075531163827839	1.0451093063775118e-05	2.793172111566862e-06
0.1914669546840166	1.0451093063775118e-05	2.793172111566862e-06
0.19217859627165051	7.465066474125084e-06	2.3606612942797683e-06
0.19289023639576078	5.225546531887559e-06	1.975070941110076e-06
0.19360187505092794	1.1197599711187626e-05	2.891207813261777e-06
0.19431351223173238	3.732533237062542e-06	1.6692396092698364e-06
0.19502514793275494	8.9580797689501e-06	2.5859748830127406e-06
0.19573678214857593	8.211573121537592e-06	2.475882452973423e-06
0.19644841487377615	8.9580797689501e-06	2.5859748830127406e-06
0.1971600461029362	7.465066474125084e-06	2.3606612942797683e-06
0.1978716758306365	6.718559826712575e-06	2.239519942237525e-06
0.19858330405145797	5.972053179300067e-06	2.111439650344879e-06
0.199294930759981	6.718559826712575e-06	2.239519942237525e-06
0.20000655595078634	3.732533237062542e-06	1.6692396092698364e-06
0.2007181796184547	7.465066474125084e-06	2.3606612942797683e-06
0.2014298017575667	7.465066474125084e-06	2.3606612942797683e-06
0.20214142236270302	1.1197599711187626e-05	2.891207813261777e-06
0.20285304142844443	7.465066474125084e-06	2.3606612942797683e-06
0.2035646589493715	1.1197599711187626e-05	2.891207813261777e-06
0.20427627492006512	6.718559826712575e-06	2.239519942237525e-06
0.20498788933510592	2.9860265896500335e-06	1.4930132948250167e-06
0.20569950218907465	4.47903988447505e-06	1.8285603757563976e-06
0.20641111347655214	7.465066474125084e-06	2.3606612942797683e-06
0.20712272319211905	6.718559826712575e-06	2.239519942237525e-06
0.20783433133035628	1.2690613006012642e-05	3.0779257575074925e-06
0.20854593788584455	7.465066474125084e-06	2.3606612942797683e-06
0.20925754285316464	6.718559826712575e-06	2.239519942237525e-06
0.20996914622689747	8.9580797689501e-06	2.5859748830127406e-06
0.2106807480016238	6.718559826712575e-06	2.239519942237525e-06
0.21139234817192448	3.732533237062542e-06	1.6692396092698364e-06
0.21210394673238034	5.972053179300067e-06	2.111439650344879e-06
0.21281554367757233	2.9860265896500335e-06	1.4930132948250167e-06
0.2135271390020812	4.47903988447505e-06	1.8285603757563976e-06
0.214238732700488	4.47903988447505e-06	1.8285603757563976e-06
0.2149503247673735	6.718559826712575e-06	2.239519942237525e-06
0.21566191519731867	2.239519942237525e-06	1.2929874415063703e-06
0.21637350398490446	5.972053179300067e-06	2.111439650344879e-06
0.21708509112471175	6.718559826712575e-06	2.239519942237525e-06
0.21779667661132163	3.732533237062542e-06	1.6692396092698364e-06
0.21850826043931484	3.732533237062542e-06	1.6692396092698364e-06
0.2192198426032726	3.732533237062542e-06	1.6692396092698364e-06
0.21993142309777572	8.211573121537592e-06	2.475882452973423e-06
0.2206430019174053	5.225546531887559e-06	1.975070941110076e-06
0.2213545790567423	2.9860265896500335e-06	1.4930132948250167e-06
0.22206615451036782	2.239519942237525e-06	1.2929874415063703e-06
0.22277772827286285	3.732533237062542e-06	1.6692396092698364e-06
0.2234893003388085	5.225546531887559e-06	1.975070941110076e-06
0.22420087070278574	3.732533237062542e-06	1.6692396092698364e-06
0.2249124393593758	2.9860265896500335e-06	1.4930132948250167e-06
0.2256240063031596	5.225546531887559e-06	1.975070941110076e-06
0.2263355715287184	1.4930132948250167e-06	1.0557198251724395e-06
0.22704713503063317	7.465066474125084e-07	7.465066474125084e-07
0.2277586968034852	2.239519942237525e-06	1.2929874415063703e-06
0.22847025684185554	2.239519942237525e-06	1.2929874415063703e-06
0.2291818151403254	4.47903988447505e-06	1.8285603757563976e-06
0.22989337169347587	2.9860265896500335e-06	1.4930132948250167e-06
0.2306049264958883	2.9860265896500335e-06	1.4930132948250167e-06
0.2313164795421437	6.718559826712575e-06	2.239519942237525e-06
0.23202803082682338	5.972053179300067e-06	2.111439650344879e-06
0.23273958034450865	1.4930132948250167e-06	1.0557198251724395e-06
0.23345112808978052	2.9860265896500335e-06	1.4930132948250167e-06
0.2341626740572205	3.732533237062542e-06	1.6692396092698364e-06
0.2348742182414097	7.465066474125084e-06	2.3606612942797683e-06
0.23558576063692946	3.732533237062542e-06	1.6692396092698364e-06
0.23629730123836104	6.718559826712575e-06	2.239519942237525e-06
0.23700884004028577	1.4930132948250167e-06	1.0557198251724395e-06
0.23772037703728494	2.239519942237525e-06	1.2929874415063703e-06
0.23843191222393997	5.225546531887559e-06	1.975070941110076e-06
0.23914344559483208	2.9860265896500335e-06	1.4930132948250167e-06
0.2398549771445428	7.465066474125084e-07	7.465066474125084e-07
0.24056650686765332	2.239519942237525e-06	1.2929874415063703e-06
0.24127803475874518	1.4930132948250167e-06	1.0557198251724395e-06
0.24198956081239972	2.9860265896500335e-06	1.4930132948250167e-06
0.24270108502319837	2.9860265896500335e-06	1.4930132948250167e-06
0.24341260738572257	2.239519942237525e-06	1.2929874415063703e-06
0.2441241278945538	3.732533237062542e-06	1.6692396092698364e-06
0.2448356465442734	2.239519942237525e-06	1.2929874415063703e-06
0.245547163329463	2.9860265896500335e-06	1.4930132948250167e-06
0.246258678244704	1.4930132948250167e-06	1.0557198251724395e-06
0.24697019128457787	5.225546531887559e-06	1.975070941110076e-06
0.24768170244366625	4.47903988447505e-06	1.8285603757563976e-06
0.24839321171655052	1.4930132948250167e-06	1.0557198251724395e-06
0.24910471909781237	5.225546531887559e-06	1.975070941110076e-06
0.24981622458203329	2.9860265896500335e-06	1.4930132948250167e-06
0.25052772816379487	2.9860265896500335e-06	1.4930132948250167e-06
0.2512392298376787	2.9860265896500335e-06	1.4930132948250167e-06
0.25195072959826637	1.4930132948250167e-06	1.0557198251724395e-06
0.25266222744013955	1.4930132948250167e-06	1.0557198251724395e-06
0.25337372335787983	2.239519942237525e-06	1.2929874415063703e-06
0.2540852173460688	2.239519942237525e-06	1.2929874415063703e-06
0.2547967093992882	1.4930132948250167e-06	1.0557198251724395e-06
0.2555081995121198	1.4930132948250167e-06	1.0557198251724395e-06
0.2562196876791451	2.9860265896500335e-06	1.4930132948250167e-06
0.2576426581541039	7.465066474125084e-07	7.465066474125084e-07
0.2583541404512009	1.4930132948250167e-06	1.0557198251724395e-06
0.25977709913753877	7.465066474125084e-07	7.465066474125084e-07
0.2604885755159433	7.465066474125084e-07	7.465066474125084e-07
0.26120004991061374	1.4930132948250167e-06	1.0557198251724395e-06
0.26191152231613213	1.4930132948250167e-06	1.0557198251724395e-06
0.26333446113803977	1.4930132948250167e-06	1.0557198251724395e-06
0.26404592754359274	1.4930132948250167e-06	1.0557198251724395e-06
0.26475739193832115	1.4930132948250167e-06	1.0557198251724395e-06
0.26546885431680656	7.465066474125084e-07	7.465066474125084e-07
0.266180314673631	1.4930132948250167e-06	1.0557198251724395e-06
0.26689177300337646	1.4930132948250167e-06	1.0557198251724395e-06
0.2676032293006249	7.465066474125084e-07	7.465066474125084e-07
0.2690261357759583	7.465066474125084e-07	7.465066474125084e-07
0.26973758594320724	2.239519942237525e-06	1.2929874415063703e-06
0.27044903405628695	3.732533237062542e-06	1.6692396092698364e-06
0.27116048010977956	7.465066474125084e-07	7.465066474125084e-07
0.271871924098267	7.465066474125084e-07	7.465066474125084e-07
0.27258336601633126	1.4930132948250167e-06	1.0557198251724395e-06
0.2732948058585546	7.465066474125084e-07	7.465066474125084e-07
0.27400624361951903	7.465066474125084e-07	7.465066474125084e-07
0.2747176792938064	2.239519942237525e-06	1.2929874415063703e-06
0.27542911287599914	7.465066474125084e-07	7.465066474125084e-07
0.27614054436067914	1.4930132948250167e-06	1.0557198251724395e-06
0.2768519737424287	1.4930132948250167e-06	1.0557198251724395e-06
0.27756340101582994	1.4930132948250167e-06	1.0557198251724395e-06
0.27827482617546495	2.9860265896500335e-06	1.4930132948250167e-06
0.27898624921591597	3.732533237062542e-06	1.6692396092698364e-06
0.2796976701317653	2.239519942237525e-06	1.2929874415063703e-06
0.2804090889175949	1.4930132948250167e-06	1.0557198251724395e-06
0.2818319200775246	1.4930132948250167e-06	1.0557198251724395e-06
0.2825433324407891	3.732533237062542e-06	1.6692396092698364e-06
0.283254742652363	3.732533237062542e-06	1.6692396092698364e-06
0.2839661507068288	1.4930132948250167e-06	1.0557198251724395e-06
0.28467755659876864	3.732533237062542e-06	1.6692396092698364e-06
0.28538896032276495	7.465066474125084e-07	7.465066474125084e-07
0.28610036187339993	1.4930132948250167e-06	1.0557198251724395e-06
0.28681176124525626	7.465066474125084e-07	7.465066474125084e-07
0.28752315843291587	2.9860265896500335e-06	1.4930132948250167e-06
0.2882345534309616	7.465066474125084e-07	7.465066474125084e-07
0.2889459462339756	1.4930132948250167e-06	1.0557198251724395e-06
0.2896573368365405	1.4930132948250167e-06	1.0557198251724395e-06
0.29108011141865225	1.4930132948250167e-06	1.0557198251724395e-06
0.29179149538736415	7.465066474125084e-07	7.465066474125084e-07
0.29321425665301265	1.4930132948250167e-06	1.0557198251724395e-06
0.29392563393911425	7.465066474125084e-07	7.465066474125084e-07
0.2946370089868442	2.239519942237525e-06	1.2929874415063703e-06
0.29534838179078493	1.4930132948250167e-06	1.0557198251724395e-06
0.2967711206456294	1.4930132948250167e-06	1.0557198251724395e-06
0.2989052119640428	1.4930132948250167e-06	1.0557198251724395e-06
0.2996165711914836	1.4930132948250167e-06	1.0557198251724395e-06
0.3003279281372138	2.239519942237525e-06	1.2929874415063703e-06
0.30103928279581604	1.4930132948250167e-06	1.0557198251724395e-06
0.30175063516187306	1.4930132948250167e-06	1.0557198251724395e-06
0.3024619852299676	2.239519942237525e-06	1.2929874415063703e-06
0.30317333299468224	1.4930132948250167e-06	1.0557198251724395e-06
0.3038846784506001	1.4930132948250167e-06	1.0557198251724395e-06
0.3060187009113997	7.465066474125084e-07	7.465066474125084e-07
0.3067300370779577	1.4930132948250167e-06	1.0557198251724395e-06
0.30815270239800835	1.4930132948250167e-06	1.0557198251724395e-06
0.3088640315406667	3.732533237062542e-06	1.6692396092698364e-06
0.30957535833119093	3.732533237062542e-06	1.6692396092698364e-06
0.3109980048341688	1.4930132948250167e-06	1.0557198251724395e-06
0.3117093245357884	1.4930132948250167e-06	1.0557198251724395e-06
0.3124206418636057	1.4930132948250167e-06	1.0557198251724395e-06
0.31313195681220385	1.4930132948250167e-06	1.0557198251724395e-06
0.31384326937616563	7.465066474125084e-07	7.465066474125084e-07
0.3145545795500744	1.4930132948250167e-06	1.0557198251724395e-06
0.31526588732851285	2.239519942237525e-06	1.2929874415063703e-06
0.3159771927060645	7.465066474125084e-07	7.465066474125084e-07
0.3166884956773121	2.9860265896500335e-06	1.4930132948250167e-06
0.31739979623683895	1.4930132948250167e-06	1.0557198251724395e-06
0.318111094379228	1.4930132948250167e-06	1.0557198251724395e-06
0.3188223900990627	7.465066474125084e-07	7.465066474125084e-07
0.31953368339092597	7.465066474125084e-07	7.465066474125084e-07
0.3202449742494011	1.4930132948250167e-06	1.0557198251724395e-06
0.3209562626690713	7.465066474125084e-07	7.465066474125084e-07
0.32166754864451974	2.9860265896500335e-06	1.4930132948250167e-06
0.32237883217032987	2.9860265896500335e-06	1.4930132948250167e-06
0.3230901132410846	7.465066474125084e-07	7.465066474125084e-07
0.32380139185136747	7.465066474125084e-07	7.465066474125084e-07
0.3245126679957617	7.465066474125084e-07	7.465066474125084e-07
0.32522394166885077	2.9860265896500335e-06	1.4930132948250167e-06
0.32664648157944626	2.239519942237525e-06	1.2929874415063703e-06
0.3273577478061195	2.239519942237525e-06	1.2929874415063703e-06
0.328069011539821	7.465066474125084e-07	7.465066474125084e-07
0.328780272775134	2.239519942237525e-06	1.2929874415063703e-06
0.32949153150664207	1.4930132948250167e-06	1.0557198251724395e-06
0.3302027877289287	3.732533237062542e-06	1.6692396092698364e-06
0.33091404143657727	3.732533237062542e-06	1.6692396092698364e-06
0.33162529262417134	2.239519942237525e-06	1.2929874415063703e-06
0.3323365412862943	2.239519942237525e-06	1.2929874415063703e-06
0.3330477874175298	1.4930132948250167e-06	1.0557198251724395e-06
0.3344702720656726	7.465066474125084e-07	7.465066474125084e-07
0.33518151057174694	1.4930132948250167e-06	1.0557198251724395e-06
0.33589274652526824	1.4930132948250167e-06	1.0557198251724395e-06
0.3366039799208199	1.4930132948250167e-06	1.0557198251724395e-06
0.33731521075298576	1.4930132948250167e-06	1.0557198251724395e-06
0.33802643901634927	2.239519942237525e-06	1.2929874415063703e-06
0.3387376647054943	7.465066474125084e-07	7.465066474125084e-07
0.3394488878150046	7.465066474125084e-07	7.465066474125084e-07
0.3401601083394637	7.465066474125084e-07	7.465066474125084e-07
0.34087132627345545	1.4930132948250167e-06	1.0557198251724395e-06
0.34158254161156354	7.465066474125084e-07	7.465066474125084e-07
0.34229375434837184	7.465066474125084e-07	7.465066474125084e-07
0.34300496447846435	7.465066474125084e-07	7.465066474125084e-07
0.3444273768968362	1.4930132948250167e-06	1.0557198251724395e-06
0.34513857917428353	1.4930132948250167e-06	1.0557198251724395e-06
0.34798336194610624	1.4930132948250167e-06	1.0557198251724395e-06
0.34869455102749	7.465066474125084e-07	7.465066474125084e-07
0.3501169212184587	1.4930132948250167e-06	1.0557198251724395e-06
0.35082810231721184	1.4930132948250167e-06	1.0557198251724395e-06
0.3515392807442562	1.4930132948250167e-06	1.0557198251724395e-06
0.35225045649417586	2.239519942237525e-06	1.2929874415063703e-06
0.35296162956155486	7.465066474125084e-07	7.465066474125084e-07
0.3536727999409773	7.465066474125084e-07	7.465066474125084e-07
0.35509513261428927	7.465066474125084e-07	7.465066474125084e-07
0.356517454470785	7.465066474125084e-07	7.465066474125084e-07
0.35722861132918715	2.239519942237525e-06	1.2929874415063703e-06
0.35793976546713796	7.465066474125084e-07	7.465066474125084e-07
0.3586509168792215	2.239519942237525e-06	1.2929874415063703e-06
0.3593620655600222	7.465066474125084e-07	7.465066474125084e-07
0.3600732115041242	1.4930132948250167e-06	1.0557198251724395e-06
0.3607843547061119	2.239519942237525e-06	1.2929874415063703e-06
0.3614954951605697	7.465066474125084e-07	7.465066474125084e-07
0.36220663286208177	1.4930132948250167e-06	1.0557198251724395e-06
0.3629177678052326	7.465066474125084e-07	7.465066474125084e-07
0.3636288999846067	2.9860265896500335e-06	1.4930132948250167e-06
0.3643400293947883	7.465066474125084e-07	7.465066474125084e-07
0.36505115603036187	2.239519942237525e-06	1.2929874415063703e-06
0.36647340095602304	7.465066474125084e-07	7.465066474125084e-07
0.36718451923527945	1.4930132948250167e-06	1.0557198251724395e-06
0.36789563471826586	1.4930132948250167e-06	1.0557198251724395e-06
0.3686067473995669	7.465066474125084e-07	7.465066474125084e-07
0.36931785727376704	1.4930132948250167e-06	1.0557198251724395e-06
0.37002896433545074	1.4930132948250167e-06	1.0557198251724395e-06
0.3707400685792028	1.4930132948250167e-06	1.0557198251724395e-06
0.37145116999960776	7.465066474125084e-07	7.465066474125084e-07
0.3721622685912504	1.4930132948250167e-06	1.0557198251724395e-06
0.37287336434871515	3.732533237062542e-06	1.6692396092698364e-06
0.37358445726658696	7.465066474125084e-07	7.465066474125084e-07
0.3750066345618901	7.465066474125084e-07	7.465066474125084e-07
0.37571771892849115	2.239519942237525e-06	1.2929874415063703e-06
0.3771398790725157	7.465066474125084e-07	7.465066474125084e-07
0.377850954839109	2.239519942237525e-06	1.2929874415063703e-06
0.3792730977343818	7.465066474125084e-07	7.465066474125084e-07
0.38069522907633524	2.9860265896500335e-06	1.4930132948250167e-06
0.3828284043320283	7.465066474125084e-07	7.465066474125084e-07
0.3835394569270026	7.465066474125084e-07	7.465066474125084e-07
0.38496155334907634	2.239519942237525e-06	1.2929874415063703e-06
0.3856725971653458	1.4930132948250167e-06	1.0557198251724395e-06
0.3870946759812756	7.465066474125084e-07	7.465066474125084e-07
0.3878057109701061	7.465066474125084e-07	7.465066474125084e-07
0.3885167430056271	7.465066474125084e-07	7.465066474125084e-07
0.3899387981950821	2.9860265896500335e-06	1.4930132948250167e-06
0.39064982133818626	1.4930132948250167e-06	1.0557198251724395e-06
0.3913608415063219	7.465066474125084e-07	7.465066474125084e-07
0.39278287289602876	7.465066474125084e-07	7.465066474125084e-07
0.39349388410677066	7.465066474125084e-07	7.465066474125084e-07
0.3942048923208853	7.465066474125084e-07	7.465066474125084e-07
0.39491589753295786	1.4930132948250167e-06	1.0557198251724395e-06
0.3956268997375739	7.465066474125084e-07	7.465066474125084e-07
0.39633789892931903	1.4930132948250167e-06	1.0557198251724395e-06
0.39704889510277824	7.465066474125084e-07	7.465066474125084e-07
0.3977598882525372	7.465066474125084e-07	7.465066474125084e-07
0.39918186545929646	2.239519942237525e-06	1.2929874415063703e-06
0.39989284950546766	1.4930132948250167e-06	1.0557198251724395e-06
0.40060383050628073	7.465066474125084e-07	7.465066474125084e-07
0.4020257833501745	7.465066474125084e-07	7.465066474125084e-07
0.4027367551824264	1.4930132948250167e-06	1.0557198251724395e-06
0.40344772394766265	7.465066474125084e-07	7.465066474125084e-07
0.4041586896404687	1.4930132948250167e-06	1.0557198251724395e-06
0.40629156823016316	7.465066474125084e-07	7.465066474125084e-07
0.4070025215791058	2.239519942237525e-06	1.2929874415063703e-06
0.4077134718285471	2.239519942237525e-06	1.2929874415063703e-06
0.4084244189730727	7.465066474125084e-07	7.465066474125084e-07
0.4091353630072685	2.239519942237525e-06	1.2929874415063703e-06
0.40984630392572036	7.465066474125084e-07	7.465066474125084e-07
0.41055724172301405	7.465066474125084e-07	7.465066474125084e-07
0.4112681763937356	7.465066474125084e-07	7.465066474125084e-07
0.4119791079324709	1.4930132948250167e-06	1.0557198251724395e-06
0.41269003633380585	2.239519942237525e-06	1.2929874415063703e-06
0.4134009615923265	7.465066474125084e-07	7.465066474125084e-07
0.4141118837026187	1.4930132948250167e-06	1.0557198251724395e-06
0.41482280265926874	1.4930132948250167e-06	1.0557198251724395e-06
0.4155337184568623	7.465066474125084e-07	7.465066474125084e-07
0.4162446310899857	2.239519942237525e-06	1.2929874415063703e-06
0.41695554055322503	7.465066474125084e-07	7.465066474125084e-07
0.4176664468411663	7.465066474125084e-07	7.465066474125084e-07
0.41837734994839554	2.239519942237525e-06	1.2929874415063703e-06
0.4190882498694993	1.4930132948250167e-06	1.0557198251724395e-06
0.42051004013167415	7.465066474125084e-07	7.465066474125084e-07
0.42122093046191794	2.239519942237525e-06	1.2929874415063703e-06
0.4226427014936492	7.465066474125084e-07	7.465066474125084e-07
0.42335358218430924	1.4930132948250167e-06	1.0557198251724395e-06
0.42406445965094747	7.465066474125084e-07	7.465066474125084e-07
0.42477533388815014	2.239519942237525e-06	1.2929874415063703e-06
0.42548620489050376	1.4930132948250167e-06	1.0557198251724395e-06
0.42619707265259454	5.225546531887559e-06	1.975070941110076e-06
0.426907937169009	7.465066474125084e-07	7.465066474125084e-07
