#Executed at: 2019-01-04 17:45:52.250789
#Loaded File	 = ../data/DD205_4_KOELNPPMS_ZFCW_100OE_TOUCHDOWN.DAT
#Magnetic Moment	 = 23130
#Volume Particle	 = 7.200486626101367e-25
#Ms Raw	 = 0.0484
#Ms Calculated	 = 297.90743639970236
#Rescale Factor	 = 6155.1123223079
#[[Data]]
#B/T	M/kAm-1	sM/kAm-1	M_raw/memu	sM_raw/memu
4.9908276000	2.5668089937	1.7745202255	0.0004170207	0.0002883002
5.0319939000	5.2527611193	1.5936769244	0.0008533981	0.0002589192
5.5438199000	4.1401681089	1.5274536954	0.0006726389	0.0002481602
6.0461206000	3.5540163607	1.7997194215	0.0005774089	0.0002923942
6.5262961000	3.0117207556	1.5313953282	0.0004893039	0.0002488005
7.0507607000	3.4507290754	1.5021464158	0.0005606281	0.0002440486
7.5419517000	3.2940670163	1.3312457937	0.0005351758	0.0002162829
8.0369244000	3.9724034983	1.4837996423	0.0006453828	0.0002410678
8.5565796000	3.9251579134	1.5122847343	0.0006377070	0.0002456957
9.0098047000	4.1085274949	1.5569473151	0.0006674984	0.0002529519
9.5351725000	3.5462397121	1.8048593390	0.0005761454	0.0002932293
10.0556717000	3.6495870837	1.8375285946	0.0005929359	0.0002985370
10.5049686000	6.2581537411	2.0638527393	0.0010167408	0.0003353071
11.0132475000	4.7151413328	1.9517514978	0.0007660528	0.0003170944
11.5532093000	2.6642901896	1.4784213474	0.0004328581	0.0002401940
12.0109882000	2.8508768598	1.6223707181	0.0004631722	0.0002635810
12.5259323000	2.8487076350	1.4691113545	0.0004628198	0.0002386815
13.0195436000	4.6322770755	2.0787934217	0.0007525902	0.0003377344
13.5152760000	1.5496491596	1.6223840466	0.0002517662	0.0002635832
14.0123444000	3.5666968432	1.9075766954	0.0005794690	0.0003099174
14.5187016000	3.5120207826	1.6986742115	0.0005705860	0.0002759778
15.8147087000	2.0677129835	1.6094936426	0.0003359342	0.0002614889
16.0624237000	1.8682057851	1.7794827145	0.0003035210	0.0002891065
16.5577965000	2.3249776153	1.6405568375	0.0003777311	0.0002665356
17.0154057000	5.2076487628	1.7587766167	0.0008460688	0.0002857424
17.5018902000	2.7969856050	1.5983696435	0.0004544167	0.0002596816
18.0443363000	4.1143279771	1.3311308893	0.0006684408	0.0002162643
18.5033073000	3.8042996075	1.6324196620	0.0006180715	0.0002652136
19.0248365500	5.0611104637	1.6824214338	0.0008222613	0.0002733372
19.5123425000	0.2482866636	1.6322153707	0.0000403383	0.0002651804
20.0414524000	3.4182686234	1.5090067083	0.0005553544	0.0002451631
20.5679569000	2.6975449340	1.5313115961	0.0004382609	0.0002487869
21.0110855000	2.6164246789	1.5820031526	0.0004250815	0.0002570226
21.5108852000	5.2732194409	1.5922674356	0.0008567219	0.0002586902
22.0402203000	5.9059969582	1.4844306151	0.0009595271	0.0002411704
22.5713253000	3.5200376943	1.7775157577	0.0005718885	0.0002887869
23.0105610000	3.5649465426	1.5833271148	0.0005791846	0.0002572377
23.5388794000	2.9927694518	1.5173947666	0.0004862250	0.0002465259
24.0319977000	3.9086732979	1.6791354511	0.0006350288	0.0002728034
24.5429688000	2.6807320520	1.6088414573	0.0004355293	0.0002613830
25.0258121000	2.3589058100	1.8773591734	0.0003832433	0.0003050081
26.1726379000	3.2117251080	1.5149548395	0.0005217980	0.0002461295
26.5200558000	4.2171909057	1.5078900093	0.0006851526	0.0002449817
27.0506382000	4.3571387318	1.3749438587	0.0007078894	0.0002233824
27.5557346000	4.9184956467	1.9214474607	0.0007990911	0.0003121710
28.0563622000	2.6922208601	1.3725509642	0.0004373959	0.0002229937
28.5696564000	3.3552396970	1.5800151084	0.0005451143	0.0002566996
29.0607166000	3.6656331195	1.6465995805	0.0005955428	0.0002675174
29.5200844000	4.2502060835	1.5310530543	0.0006905164	0.0002487449
30.0342922000	3.8572125979	1.6956838384	0.0006266681	0.0002754919
30.5519991000	2.5985745481	1.3541046629	0.0004221815	0.0002199967
31.0262890000	2.2266943139	1.4537549830	0.0003617634	0.0002361866
31.5233002000	2.0814066486	1.6401001883	0.0003381590	0.0002664615
32.0205307000	4.0653474551	1.7324074957	0.0006604831	0.0002814583
32.5252609000	3.3303931466	1.8256804787	0.0005410776	0.0002966120
33.0296364000	4.5666597199	1.5309495252	0.0007419296	0.0002487281
33.5660133000	4.9735093381	1.5536973596	0.0008080290	0.0002524239
34.0074730000	2.8892081346	1.7678867707	0.0004693997	0.0002872225
34.5027122000	4.0298590707	1.8110133381	0.0006547174	0.0002942291
35.0668602000	3.5291183509	1.9432888114	0.0005733638	0.0003157195
35.5064201000	1.9274570359	1.4027212930	0.0003131473	0.0002278953
36.6643715000	3.7420485496	1.4690053057	0.0006079578	0.0002386643
37.0491829000	6.0836746204	1.7003285772	0.0009883938	0.0002762466
37.5029106000	4.0572800285	1.4176187643	0.0006591724	0.0002303157
38.0501060000	2.7829425119	1.6973417171	0.0004521351	0.0002757613
38.5425720000	4.7859630655	2.0850747558	0.0007775590	0.0003387549
39.0433884000	4.3301667688	1.9410035105	0.0007035074	0.0003153482
39.5480194000	3.2912236308	1.8251902565	0.0005347138	0.0002965324
40.0445442000	2.8408429237	1.5772345323	0.0004615420	0.0002562479
40.5496216000	3.6177695880	1.4480621219	0.0005877666	0.0002352617
41.0751095000	2.8596534516	1.3484833483	0.0004645981	0.0002190835
41.5421410000	3.5067775338	1.5616083660	0.0005697341	0.0002537092
42.0267448000	2.7124847184	1.7765782051	0.0004406881	0.0002886346
42.5301704000	1.9862825408	1.6090209452	0.0003227045	0.0002614121
43.0342560000	2.0027673931	1.7006456898	0.0003253828	0.0002762981
43.5394745000	1.4452087899	1.6498464696	0.0002347981	0.0002680449
44.0285873000	1.2086975616	1.7379208250	0.0001963729	0.0002823540
44.5252838000	4.6950918216	1.8152257207	0.0007627955	0.0002949135
45.0155220000	5.0887746183	1.4429474195	0.0008267558	0.0002344307
45.5235939000	3.7208865218	1.8010801801	0.0006045197	0.0002926153
46.0205460000	5.2062051224	1.6242701377	0.0008458343	0.0002638896
47.0742874000	2.2302041565	1.5596112395	0.0003623336	0.0002533847
47.5023842000	4.3518869432	1.5267388784	0.0007070362	0.0002480440
48.0421753000	4.7421672452	1.6147439253	0.0007704437	0.0002623419
48.5333138000	4.0174299677	1.6544743440	0.0006526981	0.0002687968
49.0362663000	3.3618281001	1.7898564798	0.0005461847	0.0002907918
49.5256996000	4.5150214537	1.5624687261	0.0007335401	0.0002538489
50.0223007000	2.7804546321	1.6523420098	0.0004517309	0.0002684503
50.5591393000	3.9922016933	1.6686302434	0.0006485993	0.0002710966
51.0252113500	3.7066919665	1.6792589776	0.0006022135	0.0002728234
51.5482864000	4.7162582594	1.6216416297	0.0007662343	0.0002634626
52.0418892000	3.3689102609	1.4699077963	0.0005473353	0.0002388109
52.5439644000	3.3153677005	1.7977190275	0.0005386364	0.0002920692
53.0843391000	2.5889408054	1.6629620380	0.0004206163	0.0002701757
53.5121880000	3.6992384831	1.6563716046	0.0006010026	0.0002691050
54.0598831000	3.7494820623	1.7255312539	0.0006091655	0.0002803411
54.5177116000	3.2499941496	1.7065698609	0.0005280154	0.0002772606
55.0099792000	2.6518187702	1.7195061255	0.0004308319	0.0002793623
55.5486755000	3.7258967507	1.5660004325	0.0006053337	0.0002544227
56.0403481000	5.9787055730	2.0477415564	0.0009713398	0.0003326896
56.5308342000	3.5985923337	1.6006787299	0.0005846510	0.0002600568
57.4304199000	5.0534315297	1.7409100365	0.0008210137	0.0002828397
57.5611954000	3.1314621563	1.3264832977	0.0005087579	0.0002155092
58.0314522000	1.8262750433	1.3490897712	0.0002967086	0.0002191820
58.5772095000	3.2789535471	1.6200382222	0.0005327203	0.0002632021
59.0012703000	5.0060480057	1.6625887752	0.0008133155	0.0002701151
59.5235214000	6.1046132179	1.5975118541	0.0009917956	0.0002595423
60.0588913000	4.9360649368	1.7859150234	0.0008019456	0.0002901515
60.5437088000	3.4528637729	1.5584628076	0.0005609749	0.0002531981
61.0484085000	2.7541938174	1.4517214816	0.0004474644	0.0002358562
61.5576706000	4.6470600810	1.5610530219	0.0007549919	0.0002536189
62.0321732000	4.8147706306	1.6717918308	0.0007822393	0.0002716103
62.5043221000	2.6159077461	1.7337815495	0.0004249976	0.0002816815
63.0049667000	5.9693123252	1.8262854140	0.0009698137	0.0002967103
63.5450706000	4.3170164447	1.6237547663	0.0007013709	0.0002638059
64.0073471000	4.6948465592	1.7224468321	0.0007627556	0.0002798400
64.5434723000	5.1555858225	1.7663172831	0.0008376104	0.0002869675
65.0155411000	3.3879615138	1.4576847436	0.0005504305	0.0002368250
65.5201263000	1.9732838206	1.3984312081	0.0003205927	0.0002271983
66.0373611000	4.7221687895	1.6476194520	0.0007671946	0.0002676831
66.5162354000	3.4586509315	1.6536694446	0.0005619152	0.0002686660
67.7732697000	3.5992427183	1.6320349828	0.0005847566	0.0002651511
68.0172501000	2.9927598687	1.7382790767	0.0004862234	0.0002824122
68.5321579000	4.3404857514	1.4384965846	0.0007051838	0.0002337076
69.0262909000	4.7696947413	1.5378072836	0.0007749160	0.0002498423
69.5091248000	5.5086971649	1.8642699988	0.0008949791	0.0003028816
70.0068741000	4.5691007365	1.8420237801	0.0007423261	0.0002992673
70.5613632000	5.2323456794	1.4565508301	0.0008500813	0.0002366408
71.0093079000	4.4983658018	2.0942616511	0.0007308341	0.0003402475
71.5537949000	6.5766028216	1.7195678693	0.0010684781	0.0002793723
72.0388260000	5.0495158906	1.6845593281	0.0008203775	0.0002736846
72.5609818000	4.9264148928	1.7332207295	0.0008003777	0.0002815904
73.0690002000	4.9573430443	1.9362142816	0.0008054025	0.0003145701
73.5150604000	3.9977538649	1.7608759279	0.0006495014	0.0002860835
74.0083466000	4.0291898380	1.3265377886	0.0006546087	0.0002155180
74.5171356000	3.3836988926	1.5239823480	0.0005497380	0.0002475962
75.0206528000	6.5684351036	1.9660740091	0.0010671511	0.0003194213
75.5168686000	5.2663014645	1.3651910344	0.0008555979	0.0002217979
76.0085602000	3.7469491508	1.6376641207	0.0006087540	0.0002660657
76.5309296000	1.6744048566	1.6920100977	0.0002720348	0.0002748951
77.0453949000	2.6587577796	1.4954274507	0.0004319593	0.0002429570
78.2652130000	6.1142901893	1.8224564195	0.0009933678	0.0002960882
78.5717010000	4.0228790345	1.6252432125	0.0006535834	0.0002640477
79.0324631000	3.1904584548	1.5688914640	0.0005183428	0.0002548924
79.6396027000	4.1091513109	1.9697139582	0.0006675997	0.0003200127
80.0431900000	4.2976564362	1.7548685308	0.0006982255	0.0002851075
80.5865669500	4.0866054890	1.6696878823	0.0006639368	0.0002712685
81.0238037000	4.4665448220	1.6373038991	0.0007256642	0.0002660072
81.5665970000	3.6266627017	1.5776011962	0.0005892115	0.0002563075
82.0357742000	3.1133525753	1.8005460698	0.0005058157	0.0002925285
82.5632553000	4.1815509582	1.6246319357	0.0006793623	0.0002639484
83.0368118000	3.4840901312	1.3756530775	0.0005660482	0.0002234976
83.6092529000	2.7803355853	1.7831018687	0.0004517116	0.0002896944
84.0373230000	5.9626561917	1.7306617690	0.0009687323	0.0002811747
84.5269089000	4.0196934923	1.8463579325	0.0006530658	0.0002999714
85.0947800000	3.5371119220	1.5962963277	0.0005746624	0.0002593448
85.6135177500	4.2820091221	1.4778481109	0.0006956833	0.0002401009
86.0634079000	3.1593358564	1.5763129691	0.0005132865	0.0002560982
86.5127792000	4.7266995966	1.4107509702	0.0007679307	0.0002291999
87.0619431000	6.2114125676	1.6063233616	0.0010091469	0.0002609739
87.5410843000	7.4850389163	1.3854059671	0.0012160686	0.0002250822
88.6743851000	5.4372794602	1.4100185889	0.0008833762	0.0002290809
89.0609360000	4.8802000872	1.6435788333	0.0007928694	0.0002670266
89.5699692000	4.0244566353	1.4808332507	0.0006538397	0.0002405859
90.1100769500	3.6907828500	1.7101735447	0.0005996288	0.0002778460
90.5354080000	6.6430902939	1.4349746950	0.0010792801	0.0002331354
91.0823517000	6.5624506813	1.5092492266	0.0010661789	0.0002452025
91.5753860000	4.6181577331	1.7820020187	0.0007502963	0.0002895158
92.0609818000	3.7461463331	1.4974733834	0.0006086236	0.0002432894
92.5125427000	5.4251008955	1.8761075953	0.0008813975	0.0003048048
93.0458298000	4.1380978376	1.7252057335	0.0006723026	0.0002802883
93.5073853000	3.1382533754	1.5415231803	0.0005098613	0.0002504460
94.1089859000	3.6920521367	1.6492439329	0.0005998351	0.0002679470
94.5578232000	5.0433950362	1.6844784509	0.0008193831	0.0002736714
95.0401230000	3.7579003502	1.5285389639	0.0006105332	0.0002483365
95.5410957500	4.1813994937	1.9220079454	0.0006793376	0.0003122620
96.0757675000	7.3634496209	1.9614532656	0.0011963144	0.0003186706
96.5501404000	4.4905744527	1.4654136449	0.0007295682	0.0002380807
97.0491562000	5.0807369725	1.8345088664	0.0008254499	0.0002980464
97.5286255000	4.9246167845	1.4279845688	0.0008000856	0.0002319998
98.0274811000	7.4507553851	1.7884514955	0.0012104987	0.0002905636
99.0025253000	6.8422055698	1.4922520889	0.0011116297	0.0002424411
99.5282059000	4.4731832335	1.6736291172	0.0007267427	0.0002719088
100.0578308000	3.5526142062	1.6496085548	0.0005771811	0.0002680062
100.5178528000	6.1550947098	1.5780600871	0.0009999971	0.0002563820
101.0062714000	4.5400588291	1.6240995493	0.0007376078	0.0002638619
101.5418701000	5.0105998641	1.6395625007	0.0008140550	0.0002663741
102.0196838000	4.5667740381	1.9535294501	0.0007419481	0.0003173832
102.5610046000	4.3422425718	1.5291899072	0.0007054693	0.0002484422
103.0468979000	6.6341746549	1.3607514188	0.0010778316	0.0002210766
103.5629044000	4.8118920918	1.4416820800	0.0007817716	0.0002342251
104.0359116000	3.3894888962	1.6181339633	0.0005506786	0.0002628927
104.5249939000	4.1843049743	1.3752322935	0.0006798097	0.0002234293
105.0099106000	3.1783408967	1.9569213867	0.0005163742	0.0003179343
105.5621490000	5.5031461190	1.3399762400	0.0008940773	0.0002177013
106.0436020000	4.4883086318	1.5078456784	0.0007292001	0.0002449745
106.5467834000	6.7790245571	1.8239256137	0.0011013649	0.0002963269
107.0197830000	5.4393531017	1.6898308129	0.0008837131	0.0002745410
107.5067825000	7.5597059492	1.7145737129	0.0012281995	0.0002785609
108.0118523000	3.5015441240	1.5662363071	0.0005688839	0.0002544610
108.5110016000	3.3557430021	1.6331261143	0.0005451961	0.0002653284
109.4217033500	5.2488403717	1.6999968563	0.0008527611	0.0002761927
109.5028229000	4.4976918419	1.6717813026	0.0007307246	0.0002716086
110.0414505000	4.1230076450	1.5366212307	0.0006698509	0.0002496496
110.5242691000	5.1161563936	1.6914540454	0.0008312044	0.0002748047
111.0051193000	5.2084743413	1.6598956111	0.0008462030	0.0002696776
111.5074844000	7.4635205508	1.6409168787	0.0012125726	0.0002665941
112.0294876000	3.9634473661	1.7973049972	0.0006439277	0.0002920020
112.5460129000	6.1148321966	1.6584322873	0.0009934558	0.0002694398
113.0332870000	4.5300560400	1.8018602232	0.0007359827	0.0002927421
113.5366287000	5.1230339916	1.5965739069	0.0008323218	0.0002593899
114.0397339000	5.7354142661	1.8839712905	0.0009318131	0.0003060824
114.5012512000	4.4365146954	1.8094910003	0.0007207853	0.0002939818
115.0356903000	5.6532622950	1.4573086958	0.0009184661	0.0002367639
115.5111771000	2.3574553816	2.0810974185	0.0003830077	0.0003381088
116.0159531000	7.5228567189	1.1291351574	0.0012222127	0.0001834467
116.5515289000	3.3535706941	1.6043081827	0.0005448431	0.0002606465
117.0316162000	5.0317154969	1.7438589574	0.0008174856	0.0002833188
117.5195923000	6.1461568727	1.7961496000	0.0009985450	0.0002918143
118.0015106000	5.6557060211	1.7212813650	0.0009188632	0.0002796507
118.5568161000	4.9689013090	1.2777168943	0.0008072804	0.0002075863
119.7903976000	3.6098167372	1.3220772246	0.0005864746	0.0002147934
120.0245438000	5.8005124097	1.9517673192	0.0009423894	0.0003170969
120.5138397000	4.6532566361	1.7953589572	0.0007559987	0.0002916858
121.0629959000	3.8107000773	1.6525309200	0.0006191114	0.0002684810
121.5517883000	4.8207963340	1.6207375687	0.0007832183	0.0002633157
122.0028763000	3.2523367662	1.7095100462	0.0005283960	0.0002777382
122.5221329000	3.7417844432	1.6071917525	0.0006079149	0.0002611149
123.0245667000	5.2322174141	1.3336263617	0.0008500604	0.0002166697
123.5129013000	5.4634184939	1.4899797686	0.0008876229	0.0002420719
124.0141068000	3.4361792486	1.8335891204	0.0005582643	0.0002978969
124.5228882000	6.3213139137	1.4007531770	0.0010270022	0.0002275756
125.0131836000	7.6989641214	1.8241960159	0.0012508243	0.0002963709
125.5344391000	6.3224016972	1.7028323303	0.0010271789	0.0002766533
126.0263214000	5.8546156826	1.8202692955	0.0009511793	0.0002957329
126.5563812000	5.4561760840	1.7180621586	0.0008864462	0.0002791277
127.0680237000	5.7123094779	1.9736587726	0.0009280593	0.0003206536
127.5351944000	5.9688557295	1.6334435810	0.0009697395	0.0002653800
128.0196533000	4.0703559110	1.6253938007	0.0006612968	0.0002640722
128.5672455000	6.2930972559	1.6124166588	0.0010224179	0.0002619638
129.0605621000	4.3840852425	1.6744550651	0.0007122673	0.0002720430
130.1763611000	5.7869727456	1.7178184798	0.0009401896	0.0002790881
130.5449982000	6.4199966642	1.8433754572	0.0010430349	0.0002994869
131.0419769000	4.1428808214	1.8555863514	0.0006730796	0.0003014708
131.5153503000	4.4628365316	1.7749135275	0.0007250618	0.0002883641
132.0467529000	6.1135981093	1.5634105962	0.0009932553	0.0002540020
132.5351257000	6.6462220295	1.9754997188	0.0010797889	0.0003209527
133.0470734000	7.0578430781	2.3310590428	0.0011466636	0.0003787192
133.5340424000	4.0101616443	1.6542508998	0.0006515172	0.0002687605
134.0365601000	4.5217932847	1.9854986241	0.0007346403	0.0003225772
134.5634918000	1.9105554513	1.8322966603	0.0003104014	0.0002976870
135.0430145000	5.9757512872	1.9796383467	0.0009708598	0.0003216251
135.5372314000	4.7557295073	1.6761067388	0.0007726471	0.0002723113
136.0142670000	5.6915938840	1.9965253833	0.0009246937	0.0003243686
136.5346527000	5.0952907025	1.5590607825	0.0008278144	0.0002532953
137.0466614000	6.8005708088	1.7301606394	0.0011048654	0.0002810933
137.5255737000	3.7986155166	1.7018288971	0.0006171480	0.0002764903
138.0157166000	4.9330497197	1.6037895700	0.0008014557	0.0002605622
138.5143890000	3.8534322805	1.8859407520	0.0006260539	0.0003064023
139.0121307000	6.8248921530	1.4547210601	0.0011088168	0.0002363435
139.5492706000	6.0949614212	1.6908348623	0.0009902275	0.0002747041
140.6031342000	7.1493559097	1.8576263645	0.0011615313	0.0003018022
141.0256958000	5.1736980274	1.7178650362	0.0008405530	0.0002790956
141.5022888000	5.2940567533	1.6632654307	0.0008601073	0.0002702250
142.0458527000	6.5564021101	1.5004262383	0.0010651962	0.0002437691
142.5461426000	7.6127876996	1.8169122940	0.0012368235	0.0002951875
143.0552368000	4.5490823158	1.6865689152	0.0007390738	0.0002740111
143.5248260000	5.7741561619	1.6298068991	0.0009381074	0.0002647891
144.0267792000	6.4273558040	1.8138794766	0.0010442305	0.0002946948
144.5081482000	4.4222018491	1.8742113634	0.0007184600	0.0003044967
145.0514984000	4.7377540571	1.7190474822	0.0007697267	0.0002792878
145.5421448000	5.2674836010	1.8362430726	0.0008557900	0.0002983281
146.0024872000	6.8619683651	1.7481796203	0.0011148405	0.0002840208
146.5130463000	7.8054397368	1.6882472701	0.0012681230	0.0002742837
147.0119476000	5.3130412945	1.7427393792	0.0008631916	0.0002831369
147.5471344000	7.4062367036	1.7878139748	0.0012032659	0.0002904600
148.0324860000	4.5732339389	1.7886105815	0.0007429976	0.0002905894
148.5257568500	8.4475609159	1.8742248534	0.0013724463	0.0003044989
149.0273819000	5.5232693676	1.5412249540	0.0008973466	0.0002503975
149.5345306000	4.1676303415	1.6099570836	0.0006771006	0.0002615642
150.0364227000	6.5372765302	1.5189202486	0.0010620889	0.0002467738
151.0293731500	7.0870401291	1.5670927518	0.0011514071	0.0002546002
151.5389404000	4.1742608192	1.4106398173	0.0006781778	0.0002291818
152.0052795000	6.5961520048	1.6805662741	0.0010716542	0.0002730358
152.5593872000	7.9076495150	1.8397070045	0.0012847287	0.0002988909
153.0352631000	4.9588973247	1.5559843364	0.0008056550	0.0002527954
153.5407410000	9.3668981358	1.8143711927	0.0015218078	0.0002947747
154.0202026000	6.7137107397	1.9902536768	0.0010907536	0.0003233497
154.5220337000	6.0686472605	1.7505247957	0.0009859523	0.0002844018
155.0244293000	5.9554845970	2.0528440137	0.0009675672	0.0003335185
155.5608673000	5.4581757257	1.8708363166	0.0008867711	0.0003039484
156.0413666000	6.2384826915	1.8807521897	0.0010135449	0.0003055594
156.5482483000	6.4522887839	1.6965372057	0.0010482812	0.0002756306
157.0391693000	7.9002503854	1.8493848225	0.0012835266	0.0003004632
157.5643005500	5.9448346435	1.6470562789	0.0009658369	0.0002675916
158.0366516000	8.5899075954	1.5849736915	0.0013955728	0.0002575052
158.5349884000	6.2119011166	1.7751795424	0.0010092263	0.0002884073
159.0441589000	5.5988335356	1.6296709193	0.0009096233	0.0002647670
159.5218506000	7.8729066616	1.8510580455	0.0012790842	0.0003007351
160.0610046000	9.1031341332	1.7897455466	0.0014789550	0.0002907738
160.5367737000	5.9457864952	1.4054630591	0.0009659916	0.0002283408
161.4402466000	6.3161554222	1.7114980973	0.0010261641	0.0002780612
161.5325622500	6.9206909892	1.9751499293	0.0011243809	0.0003208958
162.0131226000	7.5623678472	1.8692083651	0.0012286320	0.0003036839
162.5147247000	8.0360207699	1.6332486047	0.0013055847	0.0002653483
163.0085907000	6.3373575506	1.5631118530	0.0010296088	0.0002539534
163.5521851000	1.9330746283	1.6646462461	0.0003140600	0.0002704494
164.0551910000	7.1293024508	1.9272877796	0.0011582733	0.0003131198
164.5092316000	6.2255384757	2.0030176057	0.0010114419	0.0003254234
165.0042877000	9.2413384276	1.9074769896	0.0015014086	0.0003099012
165.5481262000	5.1322248654	1.8276812366	0.0008338150	0.0002969371
166.0392609000	6.1091708599	1.4299943336	0.0009925360	0.0002323263
166.5194702000	8.6181853869	1.6780489614	0.0014001670	0.0002726269
167.0077667000	4.9310794325	1.4475630354	0.0008011356	0.0002351806
167.5484924000	6.5826786841	1.8364737297	0.0010694652	0.0002983656
168.0437012000	5.2109906861	1.5921878620	0.0008466118	0.0002586773
168.5430145000	8.9064168527	1.8324322754	0.0014469950	0.0002977090
169.0351791500	6.4671883546	1.9195974734	0.0010507019	0.0003118704
169.5097046000	6.6102502133	1.6483680675	0.0010739447	0.0002678047
170.0128174000	5.2851618589	2.0187580577	0.0008586621	0.0003279807
170.5153656000	4.6825905795	1.8086925291	0.0007607644	0.0002938521
171.7616577000	6.6471290896	1.9698291733	0.0010799363	0.0003200314
172.0231781000	8.7480932934	1.7674707202	0.0014212727	0.0002871549
172.5115204000	6.8764920882	1.9169847220	0.0011172001	0.0003114459
173.0037231000	8.0521983322	1.8055176000	0.0013082131	0.0002933363
173.5026245000	6.3402533662	1.7214964578	0.0010300792	0.0002796856
174.0522461000	6.6366030642	1.9039228118	0.0010782262	0.0003093238
174.5109024000	5.6771548187	1.8435337979	0.0009223479	0.0002995126
175.0332184000	7.9733239991	1.9655951982	0.0012953986	0.0003193435
175.5230560000	5.2412126537	1.5832037044	0.0008515219	0.0002572177
176.0094299000	6.8666194075	1.6731917107	0.0011155961	0.0002718377
176.5368195000	8.3085100391	1.9002109884	0.0013498551	0.0003087208
177.0274048000	7.4632640132	1.3735161444	0.0012125309	0.0002231505
177.5045013000	6.7494620556	1.6585352039	0.0010965620	0.0002694565
178.0294113500	6.8277000767	1.5692308444	0.0011092730	0.0002549476
178.5433960000	6.7989835711	2.1904228328	0.0011046076	0.0003558705
179.0435638000	8.3085290006	1.8632488599	0.0013498582	0.0003027157
179.5336456000	6.3904393431	1.8288825886	0.0010382328	0.0002971323
180.0401459000	7.1557660805	1.7090257225	0.0011625728	0.0002776596
180.5369720000	8.0922077601	1.9120179320	0.0013147133	0.0003106390
181.0503235000	10.0184099444	1.9786959278	0.0016276567	0.0003214719
182.2169952000	9.1214513858	1.9125257833	0.0014819309	0.0003107215
182.5442810000	7.1968134434	2.1253865939	0.0011692416	0.0003453043
183.0152283000	9.3147380024	1.8431628150	0.0015133336	0.0002994523
183.5612946000	7.0216043424	2.1229598309	0.0011407760	0.0003449100
184.0414886000	8.1221333816	1.6606275827	0.0013195752	0.0002697965
184.5279999000	7.2453071199	1.8714696515	0.0011771202	0.0003040513
185.0203705000	7.8909323426	1.9804961713	0.0012820127	0.0003217644
185.5304413000	9.8904549024	1.8169850159	0.0016068683	0.0002951993
186.0581055000	7.5390813603	2.0008885947	0.0012248487	0.0003250775
186.5268555000	8.4851809858	1.6801784265	0.0013785583	0.0002729728
187.0504913000	8.9769936840	1.6814044389	0.0014584614	0.0002731720
187.5160370000	4.7210437915	2.3286328408	0.0007670118	0.0003783250
188.0050354000	10.8666880124	1.4019710745	0.0017654736	0.0002277734
188.5378418000	6.7733029458	1.7096743664	0.0011004353	0.0002777649
189.0355835000	8.4166728658	1.7522087698	0.0013674280	0.0002846754
189.5160522000	9.3506735031	1.7016868525	0.0015191719	0.0002764672
190.0158691000	7.4273126344	2.0928495401	0.0012066900	0.0003400181
190.5139313000	9.8110811562	1.8205296777	0.0015939727	0.0002957752
191.0007629000	5.8058185100	1.9517159674	0.0009432514	0.0003170886
191.5054016000	5.5202617338	1.8478676299	0.0008968580	0.0003002167
192.5615387000	11.2196381026	2.1064439110	0.0018228161	0.0003422267
193.0632477000	10.1481662706	1.5890906410	0.0016487378	0.0002581741
193.5556793000	10.8908287520	1.6790148626	0.0017693956	0.0002727838
194.0448456000	14.7645845051	2.0417333585	0.0023987514	0.0003317134
194.5469971000	8.0830273871	1.7940392115	0.0013132218	0.0002914714
195.0468597000	8.1518704856	2.0620359892	0.0013244065	0.0003350119
195.5030670000	8.5425075723	1.7209094180	0.0013878719	0.0002795903
196.0224304500	11.2651769043	2.0303905067	0.0018302147	0.0003298706
196.5312347000	10.8093844706	1.7836559571	0.0017561636	0.0002897845
197.0311737000	10.2579438012	1.9201133235	0.0016665730	0.0003119542
197.5363464000	10.7023723803	1.6377175729	0.0017387778	0.0002660744
198.0187683000	10.0138457442	1.7696313715	0.0016269152	0.0002875059
198.5463867000	8.2517634129	2.2100988387	0.0013406357	0.0003590672
199.0494385000	9.0936927982	2.1459013072	0.0014774211	0.0003486372
199.5095291000	10.0070039375	1.7596474919	0.0016258036	0.0002858839
200.0151825000	9.4285135122	1.9285877940	0.0015318183	0.0003133310
200.5439606000	10.4278249547	1.9083533309	0.0016941730	0.0003100436
201.0326538000	11.6426460336	2.0693423790	0.0018915408	0.0003361990
201.5243530000	8.2804628923	1.7336431159	0.0013452984	0.0002816591
202.0127563000	9.6023846512	1.6744020970	0.0015600665	0.0002720344
202.9542084000	8.6655379549	1.8597248813	0.0014078602	0.0003021431
203.0114288000	10.9666261989	1.8281443082	0.0017817102	0.0002970123
203.5018311000	10.0018874011	2.1156945026	0.0016249724	0.0003437296
204.0561371000	11.8783770636	1.7594608815	0.0019298392	0.0002858536
204.5149689000	12.1392339861	2.1767207273	0.0019722197	0.0003536444
205.0503540000	10.7709906997	1.9113977417	0.0017499259	0.0003105382
205.5284576000	10.8113716199	2.1946901888	0.0017564865	0.0003565638
206.0197296000	10.8670153303	2.2010382140	0.0017655267	0.0003575951
206.5620270000	13.7110848251	2.0956031729	0.0022275930	0.0003404655
207.0401611000	14.0827161842	2.0592429100	0.0022879706	0.0003345581
207.5324554000	11.1374194772	2.2785361510	0.0018094584	0.0003701860
208.0347595000	10.8216691211	1.9695372320	0.0017581595	0.0003199840
208.5224304000	12.8203417571	1.9851531456	0.0020828770	0.0003225210
209.0026550000	13.4963831771	2.0855119422	0.0021927111	0.0003388260
209.5122986000	12.8956720647	1.9504501746	0.0020951156	0.0003168830
210.0500031000	12.1395998080	1.8340847289	0.0019722792	0.0002979775
210.5539703000	13.5228365573	1.5608617304	0.0021970089	0.0002535879
211.0419006000	12.6326366683	2.3269085189	0.0020523812	0.0003780449
211.5030975000	14.1963997964	2.0567577502	0.0023064404	0.0003341544
212.0594025000	14.3460267030	1.8936795996	0.0023307498	0.0003076596
212.5104751500	13.5377155801	1.9642772309	0.0021994262	0.0003191294
213.4243927000	13.8226880571	2.1853817110	0.0022457247	0.0003550515
213.5503693000	11.2503647069	2.5257563095	0.0018278082	0.0004103510
214.0447388000	13.4899024092	1.8444124084	0.0021916582	0.0002996554
214.5402985000	14.5598415704	1.8973280024	0.0023654876	0.0003082524
215.0382538000	12.4617231478	1.9410216013	0.0020246134	0.0003153511
215.5206604000	14.8965246419	2.0251886702	0.0024201873	0.0003290255
216.0165558000	14.6314987763	1.7977399126	0.0023771295	0.0002920726
216.5420227000	17.8476913160	2.4324103391	0.0028996532	0.0003951854
217.0322113000	14.0618416911	1.8475652317	0.0022845792	0.0003001676
217.5097351000	14.2409773098	2.2641089452	0.0023136828	0.0003678420
218.0010986000	16.1133264628	2.1982054558	0.0026178769	0.0003571349
218.5656433000	15.4558514307	1.9833522454	0.0025110592	0.0003222284
219.0403595000	15.6213853457	2.0838320101	0.0025379529	0.0003385530
219.5434723000	15.0691323438	2.0618361512	0.0024482303	0.0003349795
220.0682831000	16.7719819110	1.8139655956	0.0027248864	0.0002947088
220.5084686000	16.1747446032	1.9067246823	0.0026278553	0.0003097790
221.0137634000	13.6769872907	2.0266509397	0.0022220532	0.0003292630
221.5014038000	15.4098550769	2.0054547454	0.0025035863	0.0003258194
222.0554047000	16.6815827630	2.0602384755	0.0027101996	0.0003347199
222.5613708000	13.0365696988	1.4361442283	0.0021180068	0.0002333254
223.0200729500	16.3377884480	2.4400671575	0.0026543445	0.0003964293
223.8551636000	15.8182745223	1.8969182290	0.0025699408	0.0003081858
224.0347137000	14.7439281422	1.8731818731	0.0023953955	0.0003043294
224.5071106000	16.1301867611	1.7590797297	0.0026206162	0.0002857917
225.0415497000	17.0293264108	2.5136255271	0.0027666963	0.0004083801
225.5246582000	16.0257327088	2.5051790766	0.0026036459	0.0004070079
226.0296021000	19.0264499538	2.2152644182	0.0030911621	0.0003599064
226.5255280000	18.6631712329	2.1475441553	0.0030321415	0.0003489041
227.0134583000	20.1290260657	2.1088118094	0.0032702939	0.0003426114
227.5174255000	19.1964419427	2.3468182901	0.0031187801	0.0003812795
228.0207977000	19.1495320259	2.2480281498	0.0031111588	0.0003652294
228.5630798000	16.9442705697	2.1554565792	0.0027528776	0.0003501896
229.0066223000	18.7164337446	1.7706262784	0.0030407948	0.0002876676
229.5471954000	18.1620711849	1.7898450644	0.0029507294	0.0002907900
230.0292969000	17.8691627282	1.9857650709	0.0029031416	0.0003226204
230.5101471000	19.4341975487	1.9943676333	0.0031574075	0.0003240181
231.0411530000	22.0256373523	1.8810395625	0.0035784298	0.0003056060
231.5534668000	16.7730639201	2.0490388303	0.0027250622	0.0003329003
232.0281677000	17.6435273185	1.7968640695	0.0028664834	0.0002919303
232.5302429000	20.3295573713	1.6786132406	0.0033028735	0.0002727185
233.0122681000	17.7612335895	1.7824037608	0.0028856067	0.0002895810
234.2955627000	20.5416245482	2.1607008443	0.0033373273	0.0003510417
234.5232239000	19.3409022052	2.1832136882	0.0031422501	0.0003546992
235.0256348000	22.1536659944	2.0601764291	0.0035992302	0.0003347098
235.5352631000	21.2493210408	2.0129145977	0.0034523043	0.0003270313
236.0316467000	19.3482657645	2.0451431088	0.0031434464	0.0003322674
236.5072479000	23.6542906993	2.1455361812	0.0038430315	0.0003485779
237.0021515000	22.2180310282	2.5373058793	0.0036096873	0.0004122274
237.5248642000	25.7609242813	2.5338462654	0.0041852891	0.0004116653
238.0275421000	23.1463176748	2.2013527032	0.0037605029	0.0003576462
238.5260925000	21.5899869876	2.4378668767	0.0035076512	0.0003960719
239.0148010000	22.9623307495	2.3674198266	0.0037306112	0.0003846266
239.5467834000	22.0780500635	2.3773813523	0.0035869451	0.0003862450
240.0249634000	24.2183196446	2.2475799039	0.0039346674	0.0003651566
240.5208435000	24.7484451204	1.9852845673	0.0040207950	0.0003225424
241.0452118000	23.6342201052	2.0672343064	0.0038397707	0.0003358565
241.5380707000	23.6268799713	1.8677913812	0.0038385782	0.0003034537
242.0387573000	25.4485650970	2.2106823040	0.0041345411	0.0003591620
242.5172882000	24.0812701402	2.0085698421	0.0039124014	0.0003263255
243.0133820000	22.3400090537	2.2559595590	0.0036295047	0.0003665180
243.5070190000	23.0363143416	2.2784980545	0.0037426310	0.0003701798
244.6400299000	26.4214128250	2.0657035344	0.0042925964	0.0003356078
245.0586395000	26.5467644607	2.1083214875	0.0043129618	0.0003425318
245.5378571000	27.3262683688	2.0239561522	0.0044396052	0.0003288252
246.0335999000	24.3414281114	2.2321465101	0.0039546684	0.0003626492
246.5264130000	25.4793554521	2.3100214395	0.0041395435	0.0003753013
247.0285339000	32.0371631722	2.2282728606	0.0052049681	0.0003620199
247.5599213000	25.6111626173	1.8489325394	0.0041609578	0.0003003897
248.0468597000	26.8662677598	1.8644272896	0.0043648704	0.0003029071
248.5091095000	29.6385092615	2.1683606071	0.0048152670	0.0003522861
249.0269012000	26.5231860024	2.3306064136	0.0043091311	0.0003786456
249.5444336000	28.4561752869	2.0293940396	0.0046231773	0.0003297087
250.0412750000	26.1416431568	1.9780470818	0.0042471432	0.0003213665
250.5215454000	25.7132423396	2.1708003422	0.0041775423	0.0003526825
251.0360107500	30.4794672753	2.3573203264	0.0049518946	0.0003829858
251.5373230000	30.4523141823	2.2390854599	0.0049474831	0.0003637765
252.0333862000	26.8803221342	2.2333270713	0.0043671538	0.0003628410
252.5116730000	27.1027106092	1.7093024696	0.0044032845	0.0002777045
253.0101471000	29.2996898135	1.9773171980	0.0047602202	0.0003212479
253.5557556000	34.5308564473	2.2103085612	0.0056101099	0.0003591013
254.0154495000	28.7043123001	2.3339900337	0.0046634912	0.0003791954
255.0338135000	33.4197605769	1.8535027914	0.0054295939	0.0003011322
255.5198059000	33.0420746505	2.4571915484	0.0053682326	0.0003992115
256.0159302000	32.7482948622	2.4583087623	0.0053205032	0.0003993930
256.5104370000	31.9836724527	2.3972512133	0.0051962776	0.0003894732
257.0000610000	33.1229945409	2.1192356474	0.0053813794	0.0003443050
257.5430603000	30.1548047804	1.9238083186	0.0048991478	0.0003125545
258.0342712000	32.3602334932	1.8527488429	0.0052574562	0.0003010098
258.5227966000	33.1584890238	2.7210163128	0.0053871460	0.0004420742
259.0450134000	33.7161298336	2.3204828622	0.0054777440	0.0003770009
259.5342102000	33.5848000034	2.2721154133	0.0054564073	0.0003691428
260.0193481000	34.2917628132	2.2136152113	0.0055712652	0.0003596385
260.5199280000	36.7306149130	1.7479546767	0.0059674971	0.0002839842
261.0238037000	35.7130357027	2.1769384916	0.0058021745	0.0003536797
261.5562134000	37.6603452152	1.9461088007	0.0061185472	0.0003161776
262.0472412000	33.3987225918	2.0411737050	0.0054261760	0.0003316225
262.5300598000	36.1621007341	2.4886644357	0.0058751325	0.0004043248
263.0114441000	36.7044420411	2.1571414690	0.0059632449	0.0003504634
263.5510559000	36.8971089604	2.2943731617	0.0059945468	0.0003727589
264.0537415000	37.6789827697	2.9080705966	0.0061215752	0.0004724643
264.5443420000	38.8927851750	2.1175926478	0.0063187775	0.0003440380
265.3716431000	36.2717390375	2.1525101475	0.0058929451	0.0003497109
265.5503235000	38.4086933712	2.5380951519	0.0062401288	0.0004123556
266.0481873000	38.2713122982	2.3730297032	0.0062178089	0.0003855380
266.5265808000	37.3324394000	1.9021603673	0.0060652735	0.0003090375
267.0144653000	37.0521340531	2.3599472845	0.0060197332	0.0003834125
267.5119018500	37.9406756824	1.9713129221	0.0061640915	0.0003202725
268.0286865000	38.6517303146	1.9798207749	0.0062796141	0.0003216547
268.5236816000	37.4911075260	2.3551152395	0.0060910517	0.0003826275
269.0269165000	41.5527554941	2.5111313981	0.0067509337	0.0004079749
269.5209656000	38.2870059121	2.3136770052	0.0062203586	0.0003758952
270.0019836000	41.4617873477	2.2549412020	0.0067361545	0.0003663526
270.5597839000	37.4609998227	1.8997671105	0.0060861602	0.0003086487
271.0488892000	39.8721472921	2.4802663815	0.0064778911	0.0004029604
271.5310669000	40.8454304871	2.1716737896	0.0066360171	0.0003528244
272.0243530000	40.7828579748	2.1790558009	0.0066258511	0.0003540237
272.5048523000	42.5266423800	2.2146737825	0.0069091578	0.0003598105
273.0467529000	42.9463047204	2.1944607186	0.0069773389	0.0003565265
273.5222778000	41.3672276726	1.8825776447	0.0067207917	0.0003058559
274.0211792000	45.2320444394	2.6121741608	0.0073486952	0.0004243910
274.5169067000	41.5233570743	2.1214810445	0.0067461575	0.0003446698
275.8124084000	43.6392014774	1.7539253897	0.0070899115	0.0002849542
276.0465088000	43.8498765799	2.6685770302	0.0071241391	0.0004335546
276.5416260000	40.1708966339	2.1830459952	0.0065264279	0.0003546720
277.0057068000	44.6364181283	2.1738883768	0.0072519258	0.0003531842
277.5245667000	44.6286188890	2.0888021136	0.0072506587	0.0003393605
278.0295105000	43.6597101575	1.8472186068	0.0070932434	0.0003001113
278.5231628000	44.5335015066	2.3579284152	0.0072352053	0.0003830845
279.0263519000	45.8618197001	2.2600959726	0.0074510126	0.0003671900
279.5213623000	41.2075466176	2.4658020106	0.0066948488	0.0004006104
280.0082092000	46.3589633040	2.1579704016	0.0075317819	0.0003505981
280.5519409000	44.3103204693	2.4460166604	0.0071989459	0.0003973959
281.0382690000	45.7300640033	1.8833615307	0.0074296067	0.0003059833
281.5119629000	48.8193033459	2.0796604466	0.0079315049	0.0003378753
282.0520630000	45.4592065342	2.4074872892	0.0073856015	0.0003911362
282.5461121000	46.5996852561	2.4381802600	0.0075708911	0.0003961228
283.0287781000	45.1911017709	2.2658726199	0.0073420434	0.0003681286
283.5686646000	46.2502825429	2.3816414525	0.0075141249	0.0003869371
284.0557556000	45.3674518921	2.4966302006	0.0073706944	0.0004056190
284.5340881000	47.5371804322	1.9932118241	0.0077232028	0.0003238303
285.0096741000	47.5874665493	2.0252040370	0.0077313726	0.0003290280
286.2016602000	49.0100512233	2.6258346743	0.0079624950	0.0004266104
286.5017395000	50.4028884613	2.7128449921	0.0081887845	0.0004407466
287.0432739000	51.1602892577	2.3963818360	0.0083118368	0.0003893319
287.5291443000	49.4870755108	2.5072869059	0.0080399955	0.0004073503
288.0222473000	48.6131817701	2.0434542723	0.0078980170	0.0003319930
288.5150146000	47.6186559363	2.4685864759	0.0077364398	0.0004010628
289.0620728000	49.6195429412	1.8302057333	0.0080615171	0.0002973473
289.5446472000	47.5576570901	2.7661340950	0.0077265295	0.0004494043
290.0544434000	49.5547230526	2.7430324408	0.0080509860	0.0004456511
290.5365906000	51.0697145092	2.2595633383	0.0082971215	0.0003671035
291.0144043000	49.6514589282	2.2932018102	0.0080667023	0.0003725686
291.5254517000	49.7062425602	2.4022252714	0.0080756028	0.0003902813
292.0252686000	50.0281285246	2.4924275003	0.0081278986	0.0004049362
292.5144958000	49.9976922339	2.1208906941	0.0081229537	0.0003445738
293.0432739000	50.6286764686	2.3767718553	0.0082254675	0.0003861460
293.5282288000	49.2041546765	2.4106286702	0.0079940303	0.0003916466
294.0023193000	48.7953033498	2.3659560473	0.0079276057	0.0003843888
294.5525513000	50.8350655729	1.9165621005	0.0082589988	0.0003113773
295.0121155000	49.4368283557	2.1101933149	0.0080318320	0.0003428359
295.5074158000	52.6620322711	2.4408848700	0.0085558199	0.0003965622
296.6961975000	49.2286885029	2.5461550164	0.0079980163	0.0004136651
297.0580139000	52.6249892141	2.1054677192	0.0085498016	0.0003420681
297.5372620000	50.7355795449	2.5363506942	0.0082428357	0.0004120722
298.0309448000	48.3651428074	2.8687897823	0.0078577190	0.0004660824
298.5262756000	51.6422711661	2.6740977679	0.0083901428	0.0004344515
299.0090942000	50.5383649399	2.1729687537	0.0082107949	0.0003530348
299.5537720000	54.6982024598	2.1089618073	0.0088866295	0.0003426358
300.0277405000	53.7465782872	2.6542028700	0.0087320223	0.0004312192
300.5157166000	50.8704426136	2.7368893698	0.0082647464	0.0004446530
301.0206909000	53.9755518212	2.3866507417	0.0087692229	0.0003877510
301.5258789000	53.0237294027	2.4331975119	0.0086145836	0.0003953133
302.0249939000	52.8479348324	2.5167790578	0.0085860228	0.0004088925
302.5017395000	49.0464823016	1.9599307255	0.0079684139	0.0003184232
303.0132751000	52.2189426676	2.6791961859	0.0084838326	0.0004352798
303.5398254000	54.9602585868	2.6390131189	0.0089292048	0.0004287514
304.0176697000	50.7173892909	2.5608291055	0.0082398804	0.0004160491
304.5239258000	51.9377477087	1.7338390989	0.0084381478	0.0002816909
305.0594788000	52.8231269476	3.0165652882	0.0085819924	0.0004900910
305.5398254000	50.6690044795	2.2782942600	0.0082320195	0.0003701467
306.0297546000	52.4907080767	1.8427431896	0.0085279854	0.0002993842
307.0645141500	53.4461217528	2.6906267784	0.0086832082	0.0004371369
307.5060120000	52.2380636296	2.3776035315	0.0084869391	0.0003862811
308.0072632000	53.5369930126	2.2765722742	0.0086979717	0.0003698669
308.5466614000	51.1662099806	2.8137211713	0.0083127987	0.0004571356
309.0124207000	53.9955097478	2.8281539749	0.0087724654	0.0004594805
309.5484314000	53.0006548942	2.3889213614	0.0086108347	0.0003881199
310.0015869000	51.6413490989	2.3662784210	0.0083899930	0.0003844411
310.5455322000	50.7418232651	2.8225390599	0.0082438501	0.0004585682
311.0130310000	53.9043587798	2.2412190692	0.0087576564	0.0003641232
311.5412292000	54.0189461513	2.4957817922	0.0087762730	0.0004054811
312.0440521000	52.5758163630	2.2811306099	0.0085418127	0.0003706075
312.5171356000	53.7067212651	1.9619502871	0.0087255469	0.0003187513
313.0318298000	54.5730941811	2.6364455873	0.0088663035	0.0004283343
313.5194702000	50.0426802167	2.3568353316	0.0081302627	0.0003829070
314.0440979000	50.7581185370	2.4724524599	0.0082464975	0.0004016909
314.5315247000	57.0515622513	1.8385963699	0.0092689718	0.0002987104
315.0263367000	53.9264059968	2.4600666926	0.0087612383	0.0003996786
315.5084839000	58.0584479581	2.0326466064	0.0094325570	0.0003302371
316.0542908000	54.1725760190	2.1318902296	0.0088012327	0.0003463609
316.5024871500	52.5938392694	2.5377965780	0.0085447408	0.0004123071
317.4928436500	53.6130192521	2.5568298643	0.0087103235	0.0004153994
317.5190125000	51.5798778029	2.4506924181	0.0083800059	0.0003981556
318.0551453000	52.2159776543	2.3178322105	0.0084833509	0.0003765703
318.5281677000	52.0314161233	2.5919530279	0.0084533658	0.0004211057
319.0134277000	53.4140925402	2.8391101566	0.0086780045	0.0004612605
319.5090332000	51.2263047308	2.2704975486	0.0083225621	0.0003688800
320.0238037000	52.8740011206	2.3620391772	0.0085902577	0.0003837524
320.5124817000	53.8785198111	2.3821811965	0.0087534584	0.0003870248
321.0612488000	50.3277939374	2.4295500524	0.0081765842	0.0003947207
321.5242310000	50.6928539045	2.8543364289	0.0082358942	0.0004637343
322.0205078000	51.3940784749	2.1141544721	0.0083498198	0.0003434794
322.5314026000	51.9430113293	2.5463544030	0.0084390030	0.0004136975
323.0138855000	51.9088008583	2.8284200377	0.0084334449	0.0004595237
323.5244446000	50.7103455163	2.8279942052	0.0082387360	0.0004594545
324.0487366000	53.3971514362	2.9149402473	0.0086752522	0.0004735803
324.5297241000	50.7228807841	2.5998640181	0.0082407726	0.0004223910
325.0137329000	56.2636924203	2.4430635367	0.0091409692	0.0003969162
325.5455322000	52.0098952366	2.6396975150	0.0084498694	0.0004288626
326.0098267000	52.0798787909	2.2146298731	0.0084612394	0.0003598033
326.5090942000	52.7032319389	2.7270976742	0.0085625134	0.0004430622
327.0545044000	50.8259139344	2.3168155484	0.0082575120	0.0003764051
327.8991089000	52.5731476081	2.3822277695	0.0085413791	0.0003870324
328.0144348000	53.3680873325	2.0760800957	0.0086705302	0.0003372936
328.5562439000	53.5277487938	2.8233018118	0.0086964699	0.0004586922
329.0226440000	51.6715252140	2.3791440192	0.0083948956	0.0003865314
329.5145569000	53.9298869629	2.6309031070	0.0087618039	0.0004274338
330.0091248000	53.3028611637	2.2108952385	0.0086599331	0.0003591966
330.5603638000	51.1594341953	2.7410746659	0.0083116979	0.0004453330
331.0373230000	50.0837088062	2.0632356921	0.0081369285	0.0003352068
331.5063782000	51.7610160675	2.7146797311	0.0084094348	0.0004410447
332.0513000000	50.7825293187	2.9524985911	0.0082504635	0.0004796823
332.5177917000	52.8430493857	2.3649882813	0.0085852291	0.0003842315
333.0417480000	52.7801824021	2.4505071533	0.0085750153	0.0003981255
333.5353394000	46.0762814292	2.3011742032	0.0074858555	0.0003738639
334.0222168000	51.7482662163	2.0960471718	0.0084073634	0.0003405376
334.5104370000	55.6926853634	2.3522380991	0.0090481997	0.0003821601
335.0591125000	53.1347383773	2.3266507592	0.0086326188	0.0003780030
335.5414124000	48.8672282573	3.0469184759	0.0079392911	0.0004950224
336.0165710000	50.0184035582	2.7232993851	0.0081263186	0.0004424451
336.5045471000	52.2049214144	2.6535918614	0.0084815546	0.0004311200
337.0375977000	52.3213967714	2.2382785765	0.0085004780	0.0003636454
338.3057556000	50.5098336932	2.5301962897	0.0082061595	0.0004110723
338.5582581000	49.6270596921	2.6210719260	0.0080627383	0.0004258366
339.0453186000	52.7306904330	2.8352511761	0.0085669745	0.0004606335
339.5243835000	49.7156570134	2.0804693518	0.0080771324	0.0003380067
340.0574036000	50.9428545289	2.1983687887	0.0082765109	0.0003571614
340.5379333000	51.2017217163	2.2426385702	0.0083185682	0.0003643538
341.0187073000	49.5854817780	2.4407571776	0.0080559833	0.0003965415
341.5161133000	50.2529764874	2.2349908206	0.0081644288	0.0003631113
342.0283813000	52.0964965631	2.3588906998	0.0084639392	0.0003832409
342.5014038000	53.3033681744	3.2830785534	0.0086600155	0.0005333905
343.0406189000	53.1006116025	2.0464397749	0.0086270743	0.0003324781
343.5180664000	52.8798413409	2.9636119281	0.0085912066	0.0004814879
344.0588989000	49.3926728442	3.0612519597	0.0080246582	0.0004973511
344.5095215000	48.5897354531	2.5266071137	0.0078942078	0.0004104892
345.0241546500	49.8386534141	2.5841541068	0.0080971152	0.0004198387
345.5028534000	51.8534097689	2.5318241448	0.0084244457	0.0004113368
346.0088501000	47.2126993883	3.1810913707	0.0076704854	0.0005168210
346.5486450000	49.9596966814	2.7913773843	0.0081167807	0.0004535055
347.0422974000	47.4504378569	3.0729883125	0.0077091100	0.0004992579
347.5402527000	50.3696085174	2.4807018089	0.0081833776	0.0004030311
348.1582947000	51.0186886776	2.3948963964	0.0082888315	0.0003890906
348.5057373000	51.9304288677	2.2706461321	0.0084369588	0.0003689041
349.0047607000	51.8905987776	2.8289408277	0.0084304877	0.0004596083
349.5013123000	48.8662062485	3.0194023876	0.0079391250	0.0004905520
349.8647156000	48.2353354598	2.8057295458	0.0078366296	0.0004558373
