#File generated by ModelExp v0.3.9
#Read datafile: ../dd67_rfm_la.dat
#Read datafile: ../dd67_rfp_la.dat
#Read datafile: ../dd67_rfm_sa.dat
#Read datafile: ../dd67_rfp_sa.dat
#Started Fit at 2018-08-31 12:50:03.005054
#Finished Fit at 2018-08-31 13:40:36.830409
#[[Fit Statistics]]
#    # fitting method   = leastsq
#    # function evals   = 7
#    # data points      = 573
#    # variables        = 1
#    chi-square         = 2009.75556
#    reduced chi-square = 3.51355867
#    Akaike info crit   = 721.047766
#    Bayesian info crit = 725.398652
#[[Variables]]
#    r:               56.22659 (fixed)
#    d:               16.33209 (fixed)
#    pVal:            1.537738 (fixed)
#    sldCore:         6.4525e-06 (fixed)
#    sldShell:        7.8e-08 (fixed)
#    sldSolvent:      5.664e-06 (fixed)
#    sigR:            0.09266898 (fixed)
#    i0:              0.1707672 (fixed)
#    bg:              0.01579581 (fixed)
#    orderHermite:    10 (fixed)
#    orderLegendre:   10 (fixed)
#    magSldCore:      3.1243e-07 +/- 1.5785e-08 (5.05%) (init = 3.150548e-07)
#    magSldShell:     0 (fixed)
#    magSldSolvent:   0 (fixed)
#    xi:              1 (fixed)
#    sin2alpha:       0.9974654 (fixed)
#    polarization_p:  1 (fixed)
#    dTheta_la:       0.00141583 (fixed)
#    wavelength:      5.9984 (fixed)
#    dWavelength:     0.04247 (fixed)
#    polarization_m: -1 (fixed)
#    dTheta_sa:       0.00090456 (fixed)

#[[Data]] p_la
#q / A-1	I / cm-1	sI / cm-1	Imodel / cm-1
0.0167323	4.20204	0.0920458	3.729625288390271
0.0183245	3.98869	0.0834092	3.302842185265232
0.0188237	3.65408	0.135911	3.1740628071570134
0.0203989	3.30461	0.0676343	2.767496303821456
0.0209157	2.96631	0.122603	2.6401016171214513
0.0224677	2.61547	0.0542954	2.2624803586251327
0.0230022	2.41324	0.108734	2.1365872979529335
0.024532	2.16949	0.0478933	1.799817532078235
0.0250566	1.85326	0.116633	1.6867177238237236
0.0265953	1.60395	0.038487	1.3839216802810383
0.0271495	1.40691	0.103527	1.2829322244342762
0.028656	1.21316	0.0320192	1.028639305714157
0.029242	1.16568	0.0970988	0.9394851107855138
0.0307151	0.903589	0.0279161	0.7348891393322123
0.0313369	0.743743	0.0796355	0.6591564385782047
0.0327739	0.585102	0.0226046	0.5025262719689774
0.0341878	0.411415	0.0426845	0.37833425827207934
0.0349263	0.37822	0.0208752	0.3226462080304388
0.0362745	0.307234	0.0358434	0.24125372500322287
0.0370067	0.223089	0.0189787	0.20489792235759274
0.0383836	0.171684	0.0280674	0.15443491378346674
0.0391096	0.157181	0.0180005	0.13452042657535784
0.0404498	0.168185	0.0263876	0.11156535924110568
0.0411821	0.0922554	0.016257	0.10442473879416041
0.0425997	0.0970238	0.0242167	0.10222201140535574
0.0432543	0.128507	0.0163873	0.10474656494660746
0.0446508	0.120246	0.0239376	0.1175123443740727
0.045328	0.174434	0.0169867	0.12626141654357023
0.0467237	0.184066	0.0228553	0.1482506161761258
0.047389	0.202093	0.0177283	0.1602021903268128
0.0487543	0.19083	0.0230449	0.1859346437035477
0.0494357	0.223954	0.0172501	0.19925538979616278
0.0508291	0.210157	0.0216649	0.22558445530177879
0.0515174	0.265474	0.0179591	0.23821824241406286
0.052882	0.302782	0.0224018	0.2608484669000544
0.0535548	0.30739	0.0190937	0.27072700247102066
0.0549339	0.327761	0.0219411	0.2882669703782516
0.0556159	0.368535	0.0195265	0.2951646235412647
0.0570296	0.374726	0.0209395	0.30596492173355977
0.0577005	0.376391	0.0198333	0.3092040742546238
0.0591419	0.338889	0.0180915	0.3122815122547193
0.0598004	0.36914	0.0227249	0.3117540774087214
0.0612131	0.360128	0.0171814	0.30741382653958116
0.0618988	0.396074	0.0242432	0.30357228755569293
0.063281	0.362403	0.016336	0.2930490284723418
0.0639993	0.343217	0.0230349	0.28607658969033306
0.0653341	0.3362	0.0154411	0.2711364511243706
0.066094	0.32431	0.0244028	0.26147167286949785
0.0673857	0.283123	0.0145104	0.24383967397939144
0.0681403	0.298548	0.0247846	0.23284696123219006
0.0694502	0.251395	0.0134771	0.21322247492852298
0.0703076	0.210896	0.0234686	0.20029211854537785
0.0715135	0.213287	0.0130227	0.18197780747536974
0.0726119	0.196626	0.0198764	0.16572467778031044
0.0736501	0.175637	0.012961	0.15100262519617122
0.0747595	0.131357	0.0178366	0.1360477946688366
0.075728	0.139135	0.0123341	0.12391057451671546
0.0768578	0.154441	0.0178052	0.11085720830679524
0.0778055	0.130207	0.0122782	0.10101625082646544
0.0789485	0.083549	0.0157293	0.09041925018690845
0.0798677	0.102865	0.0120806	0.08310860117911562
0.0810331	0.079454	0.0149184	0.07518619628819828
0.0819554	0.0661155	0.0114673	0.07010160531259749
0.083146	0.0740127	0.0146212	0.0650515643363376
0.084026	0.0633555	0.011387	0.06216152468159978
0.0852029	0.0856828	0.0144612	0.05957937682329958
0.0860807	0.0616414	0.0112381	0.058434301423699944
0.0872574	0.0555149	0.0138068	0.0579199451098767
0.0881232	0.0469566	0.0112262	0.058165451351599076
0.089334	0.05717	0.0134829	0.05927538690142097
0.0901864	0.0745096	0.0112744	0.06053338369077681
0.0914374	0.0849234	0.0129516	0.06282752500775325
0.0922852	0.0549667	0.0113031	0.06458368328975543
0.0935789	0.0721051	0.0117601	0.06753995414460144
0.0943991	0.0638284	0.0124281	0.06945841450742905
0.0956463	0.0636332	0.0111518	0.07234038496947634
0.096479	0.087499	0.0131686	0.07417971313900755
0.0977136	0.0838397	0.0108813	0.07667818956864933
0.0985745	0.088378	0.0135452	0.07822181448591707
0.0997775	0.064369	0.0102676	0.08002143463392349
0.100664	0.104286	0.0146604	0.08104357285377915
0.101829	0.102676	0.0102636	0.08200826795632925
0.102845	0.116993	0.0139718	0.08243350592933246
0.103929	0.0998119	0.0104846	0.08251106916814115
0.105009	0.0871719	0.0125767	0.08217072101915872
0.106025	0.0896956	0.0106837	0.08149906428728149
0.107108	0.0746296	0.0119392	0.08041573084330081
0.10812	0.0967439	0.0106435	0.07910128134682003
0.109232	0.10136	0.0121512	0.07734495516615796
0.110201	0.10494	0.0107624	0.0755793811840487
0.111318	0.0921091	0.0119424	0.07330947697706557
0.112269	0.0977468	0.0107859	0.07124265237370232
0.113384	0.0739685	0.0113038	0.06869879227636438
0.114347	0.07274	0.0102759	0.06642665273031602
0.115485	0.107509	0.0117595	0.06369786767918578
0.116398	0.0859525	0.0104469	0.061481863301005864
0.117534	0.0628827	0.0112562	0.05877963487958736
0.11846	0.0836624	0.0102117	0.056626875824632404
0.119606	0.0527382	0.0107318	0.054044024637328054
0.120521	0.0613315	0.00997265	0.0521041535709806
0.121756	0.0373755	0.00970865	0.04961482376472511
0.122662	0.0440844	0.0104811	0.047912974982368524
0.12385	0.0580705	0.00954072	0.0458548996353974
0.12476	0.0607599	0.0112711	0.04441447045864561
0.125903	0.0560735	0.00919116	0.042779267971714
0.12687	0.0565966	0.0112688	0.041529591470379754
0.12798	0.0419937	0.00875383	0.04025852656487405
0.128947	0.0413822	0.0116903	0.03927736741495033
0.130167	0.0628976	0.0130207	0.03819279391740756
0.131047	0.0384869	0.0153588	0.037526559331893396
0.131885	0.033798	0.0272224	0.036937921262182684

#[[Data]] m_la
#q / A-1	I / cm-1	sI / cm-1	Imodel / cm-1
0.0167293	3.25851	0.0821538	2.8365464092237973
0.0183211	3.02524	0.0716213	2.4889464116932305
0.0188202	2.99742	0.122167	2.3843584163825002
0.0203951	2.5096	0.0585825	2.0555759578763757
0.0209119	2.33755	0.108494	1.9530153391434653
0.0224636	2.02818	0.0478822	1.6509386875743972
0.0229979	1.85546	0.0959523	1.5508401578246795
0.0245274	1.52294	0.0406067	1.2853744391016302
0.025052	1.38167	0.102273	1.1969621885068704
0.0265904	1.13564	0.0332128	0.9626709773940128
0.0271445	1.062	0.0923497	0.8855372460855423
0.0286507	0.809894	0.027401	0.6936428082227813
0.0292366	0.751954	0.082457	0.6275599441950922
0.0307094	0.589809	0.0241248	0.478411209945753
0.0313311	0.539314	0.0717724	0.42460810614581607
0.0327678	0.382146	0.02	0.316186749172186
0.0341815	0.270336	0.0387463	0.23444926768338145
0.0349199	0.27133	0.0193196	0.1995760676303039
0.0362678	0.219004	0.0334199	0.1522650229465212
0.0369999	0.153146	0.0178697	0.1331061678554495
0.0383765	0.173344	0.0281153	0.11106173967847796
0.0391023	0.120533	0.0173963	0.10486470139208842
0.0404423	0.145903	0.025845	0.10372026027179125
0.0411745	0.106891	0.016503	0.10728996815050293
0.0425919	0.131038	0.0250636	0.12235513363297743
0.0432463	0.148788	0.0167144	0.13184670033601106
0.0446425	0.121789	0.0239815	0.1563708181835444
0.0453196	0.204519	0.0174505	0.16989036944803704
0.0467151	0.232688	0.0238195	0.19927622420198085
0.0473802	0.229601	0.0181543	0.21390305892786843
0.0487453	0.257297	0.0243376	0.24320936746857882
0.0494265	0.309875	0.0184674	0.25759219220902635
0.0508196	0.311466	0.0234456	0.28452452571594766
0.0515078	0.361446	0.0192622	0.2968592292586899
0.0528722	0.362505	0.0233783	0.3177473533907347
0.0535449	0.366391	0.0199074	0.32636120667797497
0.0549237	0.395779	0.0230031	0.34053578340786755
0.0556056	0.368224	0.0195046	0.34549630162263284
0.0570191	0.378556	0.0210033	0.35173328314029206
0.0576898	0.386483	0.0199692	0.35269072733358814
0.059131	0.374487	0.018537	0.3505363926312526
0.0597893	0.420173	0.0235095	0.34758923671406583
0.0612018	0.349716	0.0170619	0.3380834945158949
0.0618873	0.344014	0.0234111	0.331765119252961
0.0632693	0.336386	0.0160373	0.3164494074492488
0.0639875	0.340949	0.0229928	0.3070957888261808
0.065322	0.345486	0.0155503	0.28802399526417777
0.0660817	0.278095	0.0235833	0.2761814254204129
0.0673732	0.284578	0.0145291	0.2551772281134464
0.0681277	0.296973	0.0247609	0.24241427990101608
0.0694373	0.237859	0.0133304	0.2201208420109326
0.0702946	0.198982	0.0232258	0.20566284544021116
0.0715003	0.221198	0.0131126	0.18555995118431104
0.0725985	0.158417	0.0191943	0.1679923584982344
0.0736364	0.145171	0.0126005	0.15232337665129342
0.0747457	0.164875	0.0184213	0.13661693165677277
0.075714	0.133878	0.0122708	0.12405675627434425
0.0768436	0.127291	0.0173433	0.11073084314082615
0.0777911	0.0916321	0.0117959	0.10084653035941583
0.0789339	0.0616202	0.0153595	0.09038042545917731
0.0798529	0.0734513	0.0117058	0.08329441399441545
0.0810181	0.0666042	0.0147026	0.07580309068884078
0.0819403	0.0926321	0.0118012	0.07114285991583344
0.0831307	0.0660209	0.0144843	0.0667269020923108
0.0840104	0.0541975	0.0112602	0.06434652448593457
0.0851871	0.0525745	0.0139181	0.06248066986839278
0.0860648	0.0587295	0.011197	0.06188283870909031
0.0872413	0.0794684	0.0141826	0.062096678144360165
0.0881069	0.0665565	0.0114765	0.06286585782246475
0.0893175	0.0686619	0.0136515	0.06466915390288551
0.0901697	0.0661612	0.0111701	0.06637828031253296
0.0914204	0.0920733	0.0130555	0.06927665912318874
0.0922681	0.0833035	0.0116701	0.07139636416414663
0.0935616	0.0819093	0.011888	0.07482253268954575
0.0943817	0.0727144	0.0125518	0.07698818307289484
0.0956286	0.0945057	0.0115509	0.08016009952701743
0.0964611	0.115414	0.0135564	0.08214063582772148
0.0976955	0.116048	0.0112574	0.0847655418300103
0.0985562	0.0937338	0.0136131	0.0863450619659789
0.0997591	0.0998907	0.0106683	0.08812126451913906
0.100646	0.139672	0.015192	0.08907447516202471
0.101811	0.106568	0.0103056	0.08989416152443767
0.102826	0.117293	0.0139807	0.09014194255387838
0.10391	0.0986203	0.0104712	0.08999156421784578
0.10499	0.116892	0.0129798	0.08938571552970191
0.106005	0.0968379	0.0107661	0.08843803271873217
0.107088	0.0863054	0.0120946	0.08703623481738117
0.1081	0.0981918	0.0106593	0.08540837736202934
0.109212	0.116048	0.0123412	0.0832970753717829
0.110181	0.0990425	0.0106948	0.08121816488066606
0.111297	0.083465	0.0118331	0.078584745213513
0.112248	0.0974511	0.0107849	0.07621599400372951
0.113363	0.0986979	0.0116125	0.0733259325655436
0.114326	0.0780194	0.0103324	0.07076665866001736
0.115463	0.0820824	0.0114314	0.0677177679381547
0.116377	0.0845259	0.0104333	0.0652541871588975
0.117512	0.0621994	0.0112467	0.06227228607323519
0.118438	0.0730064	0.0100911	0.059907962580572724
0.119584	0.0798321	0.0110779	0.057086332607099145
0.120498	0.0694161	0.0100619	0.05498102321521272
0.121734	0.0640637	0.0100142	0.05228673200635759
0.122639	0.048474	0.0105317	0.050456911556759666
0.123827	0.056286	0.00951982	0.04825325848422414
0.124736	0.0438164	0.0110475	0.04672015002473924
0.125879	0.0670934	0.00930681	0.04498711038500117
0.126847	0.0596126	0.0113042	0.04366945813374389
0.127956	0.0466924	0.00880318	0.04233981661259764
0.128924	0.0584762	0.0119289	0.04131862208198698
0.130143	0.0591333	0.0129662	0.040201256151083505
0.131023	0.0548988	0.0156593	0.03952113258067591
0.131861	0.0550414	0.0279088	0.03892364488729017

#[[Data]] p_sa
#q / A-1	I / cm-1	sI / cm-1	Imodel / cm-1
0.00424634	5.44931	1.87355	6.418763925234713
0.00430999	8.33471	0.808402	6.410858240679847
0.00463524	9.56477	2.24448	6.368808883931466
0.0046968	6.80929	0.749921	6.360877419371381
0.0050279	9.18252	1.58626	6.316410077832722
0.0051026	7.22604	0.724379	6.30640781618374
0.00541655	8.13908	1.43384	6.262365950633677
0.00548887	6.23941	0.667561	6.252264112462418
0.00580523	8.3998	1.46541	6.205977928397276
0.00587556	5.68577	0.622922	6.195718026548655
0.00619396	5.72653	1.22922	6.14711978779102
0.00627305	6.81768	0.603973	6.134551447808299
0.00658537	8.6125	1.31767	6.085155173075349
0.0066629	6.75658	0.622245	6.072823848319004
0.006976	6.86281	1.07455	6.020572965901802
0.00705313	5.52138	0.574114	6.00776873676486
0.00736456	5.33248	0.96361	5.953654552635799
0.00745058	6.09982	0.538054	5.938204490455123
0.00775315	3.20213	0.803308	5.8839747373706155
0.00783704	5.70625	0.527453	5.8682954882751925
0.00814178	6.93712	1.08286	5.811580486705258
0.0082283	5.38928	0.494749	5.794803000982076
0.00853323	6.30875	0.962701	5.7359625654459725
0.00862433	6.25675	0.511824	5.7177224137601375
0.00892406	6.77493	0.914732	5.657860002630631
0.00901378	5.89703	0.501908	5.639286499103053
0.00931256	5.86694	0.861801	5.57771150605122
0.00940643	4.83225	0.435058	5.557700697698999
0.00970109	5.27852	0.840686	5.494506381664393
0.00979824	5.70643	0.461202	5.473877717535277
0.0100896	7.43988	0.992653	5.409615084829649
0.0101847	5.58253	0.455863	5.388884721385196
0.0104782	4.63362	0.782042	5.322503985127111
0.0105774	6.11111	0.457592	5.3003643580945745
0.0108721	5.60149	0.740456	5.232813618247684
0.0109745	5.17143	0.425343	5.208060758630733
0.0112605	5.03239	0.710372	5.141724942925561
0.011361	5.31504	0.428611	5.116919759996662
0.011649	5.95581	0.769993	5.048823597985986
0.0117497	5.31283	0.419999	5.023663261284091
0.0120112	4.71225	0.646155	4.960543594556851
0.012142	4.26727	0.364987	4.927708443942651
0.0124114	4.15297	0.623243	4.861630115051911
0.0125322	5.33269	0.400253	4.830728586258172
0.01282	5.4107	0.67917	4.759139737528123
0.0129276	5.10026	0.39852	4.731038129011869
0.0131876	4.99368	0.616533	4.665450863214411
0.0133142	4.17297	0.361775	4.632223761212129
0.0135753	4.85405	0.604885	4.565595186669047
0.0137008	5.30187	0.398103	4.532293984116322
0.013963	4.51696	0.591833	4.4647251926079985
0.0140991	4.59076	0.356308	4.42917911298451
0.0143554	5.0861	0.617709	4.361726135281125
0.0144857	5.31343	0.377858	4.327385016290928
0.014747	4.44819	0.549125	4.258095765490557
0.0148743	3.83277	0.330051	4.224307974953666
0.0151326	3.95198	0.48983	4.1553590901257715
0.0152683	4.33776	0.341613	4.119187041842251
0.0155152	3.66438	0.463021	4.052166695641996
0.0156581	3.40835	0.308007	4.01467133117678
0.0159099	3.57274	0.46885	3.9461138970546865
0.0160506	4.28769	0.328988	3.909104366686479
0.0163009	2.90514	0.432274	3.8407441437274996
0.0164399	3.86302	0.316901	3.8041308330608077
0.016688	4.17323	0.477177	3.736201870301726
0.0168283	3.72545	0.309229	3.6992382205422984
0.0170788	3.63442	0.442873	3.630658568785415
0.0172199	3.19699	0.295627	3.593529118435797
0.0174699	3.44136	0.4052	3.52516285807616
0.0176161	3.47346	0.303229	3.486105029477012
0.0178657	3.7287	0.398502	3.418985455957893
0.0180093	3.55491	0.308142	3.3803799314802503
0.0182588	3.36881	0.38678	3.313601124287285
0.0183958	3.11161	0.295084	3.276778007972565
0.0186429	3.55673	0.359665	3.210914666358756
0.0187863	3.05967	0.299957	3.1726491471437916
0.0190308	3.76413	0.35502	3.1078110406909043
0.0191832	3.26845	0.30298	3.0626194806710765
0.0194264	2.43817	0.310488	2.997657400476462
0.0195754	3.47354	0.305006	2.958060213884412
0.0198172	2.23991	0.267646	2.8937845033053664
0.0199661	2.52561	0.270605	2.854461792023753
0.0202045	2.88108	0.307352	2.7915550101982602
0.0203526	2.6486	0.277011	2.7527801190789782
0.0205939	2.84157	0.298413	2.6907132771097584
0.0207442	2.64371	0.273768	2.6516220456367403
0.0209823	2.55502	0.266277	2.5911379721906593
0.021141	2.58553	0.273806	2.5508496245886256
0.0213776	2.69418	0.273839	2.4925055629893897
0.0215325	2.57821	0.269664	2.4545135081566296
0.0217684	2.53174	0.274213	2.393964007071907
0.0219189	2.19496	0.254455	2.357171711297148
0.0221512	2.36023	0.247908	2.3024341866655784
0.0223054	2.11518	0.254898	2.26613268688622
0.0225435	2.06229	0.226724	2.2123102918537336
0.0227044	2.20696	0.258866	2.176033267859974
0.0229379	1.52529	0.203565	2.1254910818126387
0.0230961	2.14634	0.257708	2.0912618513772214
0.023325	2.49451	0.245207	2.043123826153531
0.0234853	1.94748	0.24337	2.0108459786376414
0.0237147	1.84752	0.21406	1.96327795751736
0.0238717	1.47558	0.226233	1.9324010581216449
0.0241045	2.01615	0.221156	1.8847445156014668
0.0242656	2.09808	0.254928	1.852755980379253
0.0244961	1.42602	0.189469	1.8058726900416948
0.0246596	1.67	0.235792	1.7730352595839427
0.0248791	1.11592	0.234337	1.727904718692922
0.0250497	1.49803	0.290596	1.692368577272859
0.0252421	1.50575	0.459255	1.6515503713797182
0.0279819	0.949257	0.145501	1.075084948522109
0.0281742	0.908284	0.198643	1.041646731054085
0.0283828	1.08327	0.147029	1.0072404509407547
0.0285642	0.680999	0.179112	0.9782242006467399
0.0287807	0.895833	0.138519	0.945409083905009
0.0289585	0.840217	0.167238	0.9191853050359416
0.0291933	0.970338	0.144561	0.8860007894418075
0.0293531	0.72287	0.164412	0.8641602731026918
0.0295909	0.999512	0.152481	0.8325476799234123
0.029733	0.732787	0.154605	0.8146248324054687
0.0299761	0.637426	0.148285	0.783303074113674
0.0301155	0.785285	0.136187	0.7662051245005498
0.030339	0.816416	0.194356	0.7388965354687217
0.030508	0.780477	0.124062	0.7185419658135332
0.0307258	0.441015	0.161995	0.6927151882560816
0.0309153	0.696197	0.114919	0.6706083715356003
0.0311149	0.534798	0.166177	0.6475281386939555
0.0313163	0.411373	0.105708	0.6246926983248091
0.0314949	0.689752	0.171707	0.6045432509134778
0.0317223	0.748416	0.122279	0.5796077192649796
0.0318891	0.432572	0.154594	0.5612461017290992
0.0321225	0.46081	0.111213	0.5364367743664198
0.0322678	0.542728	0.151394	0.5212535792338295
0.0325172	0.383409	0.109848	0.49599939974325163
0.0326553	0.537421	0.130017	0.48245374787891276
0.0328938	0.386657	0.128974	0.4592359445920525
0.0330394	0.455891	0.107898	0.44556514395672375
0.0332494	0.388765	0.16124	0.42601194865661113
0.0334377	0.641846	0.10401	0.4090737764704926
0.0336531	0.432798	0.145641	0.39027498206618155
0.03385	0.473663	0.101315	0.3736324928691549
0.0340442	0.509899	0.155428	0.35773633283701967
0.0342529	0.379831	0.0985229	0.34122070835793855
0.0344268	0.339617	0.146121	0.3278991412646878
0.03466	0.12495	0.0875442	0.31072464292820134
0.0348147	0.388924	0.139408	0.2997084345658426
0.035054	0.184362	0.0952146	0.28336002895925333
0.0351937	0.414509	0.117184	0.27413492011172946
0.0354539	0.295607	0.101829	0.2558751990511031
0.0355909	0.131477	0.10015	0.24780988736610257
0.0358001	0.147014	0.129254	0.23571197006959035
0.0359702	0.249626	0.0834501	0.22624401949152842
0.0361893	0.33453	0.163078	0.21460095287624337
0.0363787	0.100843	0.0763751	0.20499774993109288
0.0365803	0.403075	0.162773	0.1951856597115287
0.0367817	0.323392	0.0856972	0.18593382130171923
0.0369655	0.262859	0.126854	0.17802383842850428
0.0371951	0.188084	0.0806103	0.16829703140321167
0.037362	0.303424	0.121508	0.16183660051199086
0.0375948	0.285975	0.0944444	0.1529671264979488
0.0377457	0.0276355	0.0906121	0.14773116528506555
0.0379901	0.0579701	0.0882504	0.13939614733398994
0.038131	0.116224	0.0852412	0.13504420628225117
0.0383865	0.0327629	0.0903738	0.1274542223117921
0.0385194	0.181655	0.0904711	0.12367004034363306
0.0387265	0.0505086	0.108416	0.11817517487602837
0.0391174	0.105205	0.122018	0.1087884323371768
0.039315	0.0971851	0.0727591	0.10448508244264042
0.0395016	0.00484906	0.101681	0.10072932806891441
0.0397152	0.0585309	0.0713795	0.09686188995011796
0.0398825	0.0365003	0.102477	0.09390447263784615
0.0401233	0.00365111	0.0632184	0.09008685214062755
0.0402821	0.192437	0.107887	0.08767946957215728
0.0405229	0.0403875	0.075204	0.08444794444798885
0.0406738	0.120434	0.0951327	0.08250589993761119
0.0409177	0.135692	0.0848951	0.07974483703146906
0.0410624	0.092354	0.0786977	0.0781826646148201
0.0412757	0.0338928	0.114285	0.07611639104129143

#[[Data]] m_sa
#q / A-1	I / cm-1	sI / cm-1	Imodel / cm-1
0.00424792	5.87683	1.9216	5.07772742086587
0.00431158	4.75542	0.639343	5.071059728342529
0.00463695	7.69158	2.0369	5.035596581564198
0.00469854	4.4413	0.636425	5.028906689172787
0.00502976	4.50066	1.18627	4.991415195329237
0.00510448	5.64314	0.650687	4.982983055720701
0.00541855	8.38304	1.45433	4.945861880898459
0.0054909	4.2746	0.575312	4.937347394273471
0.00580738	5.87166	1.24827	4.898348457412197
0.00587774	4.49443	0.565608	4.889703825853394
0.00619625	5.0237	1.15978	4.848773819410661
0.00627537	5.42938	0.547651	4.838191905653619
0.00658781	6.77418	1.18056	4.796603874315603
0.00666536	4.03729	0.503945	4.7862244323664855
0.00697858	5.17015	0.943979	4.742256340929277
0.00705575	5.14196	0.555944	4.731481156535205
0.00736728	3.63717	0.815776	4.6859695689311565
0.00745333	4.18115	0.454889	4.672980139505764
0.00775602	2.42173	0.723137	4.627388837032578
0.00783994	4.50833	0.476047	4.6142136335396895
0.00814479	6.01064	1.01396	4.5665605722533416
0.00823134	5.56895	0.502895	4.552470875201192
0.00853639	4.07306	0.793976	4.503059353381944
0.00862753	4.19482	0.428892	4.487748883770139
0.00892736	4.59953	0.765439	4.437513177812681
0.00901712	4.53427	0.445552	4.4219325955488005
0.009316	5.5059	0.836039	4.370292666898125
0.00940991	4.32565	0.413323	4.353517968521299
0.00970468	3.88678	0.737621	4.300558720210052
0.00980186	4.72513	0.424702	4.283275466198356
0.0100934	3.73761	0.73417	4.229446954209763
0.0101885	4.35828	0.408637	4.212096356041029
0.0104821	4.04884	0.736709	4.156549394193209
0.0105813	4.28446	0.390385	4.138033437080157
0.0108761	4.40842	0.6619	4.081553160931101
0.0109785	4.15815	0.386779	4.06142939705953
0.0112647	4.66603	0.686106	4.005429726586341
0.0113652	4.66258	0.404087	3.984722763056072
0.0116533	2.64113	0.534592	3.9278774032057355
0.011754	4.23338	0.380363	3.906892694607254
0.0120157	4.81076	0.653176	3.8542256793829623
0.0121465	3.9585	0.352872	3.8268627035920466
0.012416	4.14226	0.621767	3.771800503718146
0.0125368	4.49115	0.370418	3.746074187927318
0.0128247	4.18943	0.606262	3.686481153008243
0.0129324	3.57747	0.343325	3.663089836920527
0.0131924	2.99766	0.496445	3.6085668320228717
0.0133191	3.73748	0.344899	3.580939750945427
0.0135803	3.21709	0.508082	3.525588748969699
0.0137059	3.71704	0.340086	3.4979297352152536
0.0139682	2.4318	0.462327	3.441859422509069
0.0141043	3.15072	0.303594	3.412394165839213
0.0143607	4.10821	0.563509	3.3564824780026705
0.014491	3.57528	0.31713	3.3280503314816077
0.0147524	3.345	0.483296	3.270685555849533
0.0148798	3.94655	0.333948	3.242724713309843
0.0151382	3.51981	0.465308	3.185712759722003
0.0152739	3.46312	0.308755	3.1558399322222863
0.0155209	2.76672	0.411643	3.1010693418932513
0.0156639	2.89842	0.288105	3.0695478331449695
0.0159157	2.6222	0.411544	3.0130393053365108
0.0160565	3.4248	0.298399	2.982528884435386
0.016307	2.57841	0.411025	2.926219898447318
0.0164459	3.36405	0.299271	2.896122756827458
0.0166942	2.92979	0.409853	2.840251504122166
0.0168345	2.94829	0.279755	2.8098900146138917
0.0170852	2.56437	0.382273	2.7535701920334272
0.0172263	2.66669	0.275017	2.7231204137138474
0.0174764	2.85294	0.375531	2.6670871830218648
0.0176226	2.75019	0.27575	2.6351173864776327
0.0178723	2.62322	0.343342	2.580192661663138
0.0180159	2.31323	0.257447	2.54864586602095
0.0182656	2.08151	0.317267	2.4940741115362295
0.0184026	2.29158	0.261399	2.464036925605741
0.0186498	2.70674	0.320147	2.4103300898259525
0.0187933	2.34727	0.269042	2.379152225902142
0.0190378	2.25483	0.287901	2.3264001081421046
0.0191903	2.44058	0.268593	2.2897255994337673
0.0194336	2.12419	0.294129	2.236973340668329
0.0195826	2.48894	0.265341	2.204865128867584
0.0198245	2.02813	0.256927	2.152776849524575
0.0199735	2.38333	0.264266	2.120936100708581
0.020212	2.67803	0.297635	2.070062297816091
0.0203601	2.16109	0.254593	2.0387506946100755
0.0206015	1.84611	0.25076	1.9886673952909972
0.0207519	2.06403	0.246783	1.9571411721976768
0.0209901	2.04821	0.24326	1.9084307688583515
0.0211488	1.86605	0.240076	1.8760261857852163
0.0213856	1.89746	0.237181	1.829113899291254
0.0215405	1.5277	0.218076	1.7986158697466736
0.0217764	1.95463	0.247544	1.7501609288347353
0.021927	2.10993	0.250929	1.7206963348076052
0.0221594	1.95403	0.229661	1.6769228145521364
0.0223137	1.77577	0.238143	1.64792118063735
0.0225519	2.00584	0.224376	1.6049882627600056
0.0227129	1.54323	0.225048	1.5760842186216695
0.0229464	1.6694	0.210726	1.5358991234454822
0.0231047	1.43193	0.220823	1.508706695991749
0.0233336	1.66246	0.209687	1.4705643447638967
0.023494	1.47237	0.218904	1.445004801920343
0.0237235	1.68784	0.206456	1.4074207037476436
0.0238806	1.14209	0.207895	1.3830615990381085
0.0241134	1.56608	0.201944	1.3455711239943828
0.0242746	1.62201	0.230301	1.3204530506893324
0.0245052	1.13171	0.175488	1.2837002386408192
0.0246687	1.3668	0.218892	1.258043181987982
0.0248883	1.05777	0.230742	1.222821305256889
0.025059	1.07689	0.258195	1.195149865996423
0.0252515	1.50891	0.459884	1.1634215678923265
0.0279923	0.765304	0.136259	0.7219035813787542
0.0281847	0.85916	0.195616	0.69674022379052
0.0283933	0.654666	0.126668	0.6709503803109226
0.0285748	0.845178	0.191257	0.6492596498277778
0.0287913	0.517598	0.119375	0.6248377219191507
0.0289693	0.922121	0.172159	0.6053691698031026
0.0292041	0.552147	0.122722	0.5808877700115884
0.029364	0.570991	0.154054	0.564804184126034
0.0296019	0.805751	0.142672	0.5417378618381571
0.029744	0.256684	0.124502	0.528689280747448
0.0299872	0.603158	0.146324	0.5058775327573656
0.0301266	0.452474	0.118003	0.49354592727779534
0.0303502	0.731885	0.188105	0.47389709485585163
0.0305193	0.505245	0.110594	0.4593237232758991
0.0307372	0.21904	0.141691	0.4409147872230929
0.0309267	0.501641	0.10536	0.4251978637753492
0.0311264	0.253222	0.14029	0.40902672419586805
0.0313279	0.45518	0.107955	0.39292996037317907
0.0315066	0.34514	0.144908	0.3788505676242488
0.031734	0.311674	0.0996391	0.3615397801163251
0.0319009	0.238594	0.138544	0.34892974003182975
0.0321344	0.133932	0.0917042	0.3318402618276595
0.0322798	0.326711	0.13666	0.32145602453796945
0.0325292	0.287792	0.103731	0.30427283073560357
0.0326674	0.349014	0.116947	0.29512567187488764
0.032906	0.543414	0.140386	0.2797754872094206
0.0330516	0.274718	0.0972231	0.2706977945069619
0.0332617	0.0497817	0.128115	0.25774709377958577
0.0334501	0.27063	0.0847876	0.24666640767854212
0.0336655	0.286412	0.132799	0.2344816658792629
0.0338626	0.379512	0.0963265	0.22378763797476017
0.0340568	0.263273	0.134435	0.21368220619105258
0.0342656	0.172554	0.0862772	0.20329186000859562
0.0344396	0.209442	0.136117	0.19500482419175375
0.0346728	0.223794	0.0935428	0.18445185974493566
0.0348276	0.195868	0.125319	0.17777123646576956
0.035067	0.223466	0.0978529	0.16798393942085374
0.0352067	0.215601	0.103372	0.16255082985876992
0.035467	0.0570072	0.0837703	0.15174771039664114
0.035604	0.072226	0.0956821	0.14718910646294114
0.0358134	0.0908634	0.123009	0.14041386711658002
0.0359835	0.124062	0.0764005	0.1352202235953605
0.0362027	0.107775	0.141989	0.1289630377618037
0.0365938	0.0662745	0.130512	0.11891693965199404
0.0367953	0.16374	0.0764418	0.11433612472713767
0.0369792	0.143669	0.117142	0.11056646252483782
0.0372088	0.0982603	0.0748402	0.10603200688314732
0.0373758	0.14567	0.107933	0.10319149113938014
0.0376087	0.120721	0.0842511	0.09938657431747398
0.0377597	0.0267403	0.0904587	0.09730432006181568
0.0381452	0.0782457	0.082378	0.09256926839443749
0.0384007	0.212001	0.104136	0.09006401517636878
0.0385336	0.272745	0.0960366	0.08891955772936042
0.0387408	0.125653	0.116777	0.08741680757961501
0.03892	0.0292512	0.0710325	0.0863400980829323
0.0391318	0.201942	0.131259	0.08535850302375064
0.0393295	0.0367281	0.0690727	0.08466891679782917
0.0395163	0.180761	0.119191	0.08425192270880384
0.0401381	0.0791884	0.0686337	0.08427762450428328
0.040297	0.0494346	0.0952955	0.08455557311247962
0.0405379	0.0928574	0.0787791	0.08524663921318101
0.0406888	0.104566	0.0938244	0.08577905675971478
0.0409328	0.0786913	0.0809747	0.08687239233425695
0.0410776	0.0627373	0.0760431	0.08761247777881376
0.0412909	0.128814	0.123748	0.08884835356613192
