#Initialized App on 2018-12-23 19:02:08.042644
#Set wavelength to 1.54055 A
#Load data from ./DD205_10.txt
#Reading mode set to 0.
#Select data above noise threshold of 0.1.
#Applying footprint correction for a equidistributed beam using a sample size of 10 and a beam size of 0.2.
#Rescaling data by setting mean value between 0.01 .. 0.015 (Imean = 2534143.699204) to 1.
#[[Data]]
#q / A-1	I / a.u.	sI / a.u.
0.0007118384407129105	38.08845419308943	0.05869111588965494
0.0014236768760048613	13.000068651826902	0.02424563255039285
0.0021355153004548925	4.871176504087911	0.012118029380119685
0.002847353708642045	2.123298756838495	0.006928691971362228
0.0035591920951453587	1.56955673373285	0.0053281839111825255
0.004271030454543874	1.3974765748321658	0.004589573676396698
0.004982868781416634	1.2695971294997372	0.004050043168374874
0.005694707070342677	1.1799232574213478	0.0036522256125334474
0.006406545315901047	1.1512569173086384	0.003401265914067175
0.007118383512670783	1.1229427849736435	0.003186797992933156
0.007830221655230929	1.1169188149655007	0.0030303318263259836
0.008542059738160527	1.1021315318802376	0.00288205207285274
0.009253897756038621	1.084951224565247	0.002747319511025805
0.009965735703444254	1.0731709521154746	0.0026329716534647636
0.010677573574956467	1.0546471120362	0.0025216436247497732
0.01138941136515431	1.0382522296391683	0.0024225190912728007
0.012101249068616827	1.018343916093112	0.002327547476800804
0.012813086679923057	1.0050037463489587	0.0022471050200082174
0.013524924193652052	0.9830482180835642	0.002163148835136233
0.014236761604382864	0.9576675176517554	0.0020809813300519072
0.014948598906694532	0.9430372601472409	0.0020152577187174
0.015660436095166114	0.9166235002628383	0.001941153948058878
0.01637227316437665	0.8964583470609568	0.001877487171898233
0.017084110108905197	0.8759538421713394	0.0018168155641555199
0.01779594692333081	0.8555052251699731	0.0017592080108715447
0.018507783602232538	0.8296067109582168	0.0016987338209541137
0.01921962014018943	0.8044341640462526	0.0016414938692177136
0.019931456531780547	0.7798032141761448	0.0015870455940511007
0.020643292771584935	0.7540393021456909	0.0015334651732698433
0.021355128854181664	0.7318379254216372	0.0014853293728961472
0.022066964774149787	0.7024451777299138	0.0014315328833118186
0.022778800526068368	0.6734735544144256	0.001379625647249269
0.02349063610451646	0.644942322651656	0.00132947281620825
0.024202471504073127	0.6109554190400978	0.0012747978242530697
0.02491430671931743	0.5745359967420283	0.0012184301310467175
0.025626141744828444	0.5271092308025238	0.0011507344382988857
0.026337976575185225	0.4771106436198038	0.00107990303243751
0.02704981120496684	0.4221253225253026	0.0010023167666929362
0.027761645628752368	0.369243205221402	0.0009253372912455798
0.028473479841120874	0.3328445035314846	0.0008674947056606845
0.029185313836651426	0.31467008229816945	0.0008331284298187566
0.02989714760992311	0.30014962247533766	0.0008039340709297817
0.030608981155515	0.2720741703291004	0.0007564594130621098
0.03132081446800616	0.23018811632122008	0.0006878461926223944
0.032032647541975684	0.1962722637891141	0.0006280575777409622
0.03274448037200264	0.18213061460539415	0.0005983962135325101
0.03345631295266612	0.17690683032327015	0.0005834446654165899
0.034168145278545205	0.17059933359399806	0.0005669494970565492
0.034879977344218986	0.15928134294813634	0.0005422015676916855
0.03559180914426656	0.14496331402613502	0.0005120595075066912
0.03630364067326699	0.127492593503273	0.0004754816921151064
0.037015471925799404	0.11016997332530518	0.0004377300768631436
0.03772730289644286	0.09252310401721794	0.0003973412277741598
0.03843913357977649	0.07849402171712759	0.0003625750430505477
0.03915096397037938	0.06610589408778858	0.0003296972111795034
0.039862794062830616	0.05790160315734194	0.00030579321003032907
0.04057462385170931	0.05297678945001694	0.0002899225381662336
0.04128645333159459	0.04998519029815714	0.00027917935410819064
0.041998282497065546	0.04954848975510064	0.00027559152454105214
0.042710111342701286	0.04860647547384812	0.00027067498745257293
0.04342193986308093	0.04987580483528306	0.00027192977249472733
0.044133768052783594	0.050173693042207285	0.00027053218601857894
0.0448455959063884	0.050659941323629235	0.0002696738610894195
0.045557423418474456	0.0502210981668353	0.0002663973726608032
0.04626925058362089	0.049802575792025364	0.00026323648409785325
0.04698107739640684	0.04870200334148923	0.0002583320787971764
0.047692903851411415	0.04650609594195057	0.0002505500364989916
0.048404729943213765	0.04493722210578327	0.00024447002782604366
0.049116555666393	0.04220810525752762	0.00023520707879479014
0.0498283810155283	0.03958835769698298	0.00022615790173669654
0.05054020598519876	0.03723360022478954	0.00021777871131581448
0.05125203056998355	0.03434798485628803	0.00020771196046735
0.05196385476446181	0.031923499221233304	0.0001988707796214008
0.05267567856321269	0.029563317445658155	0.0001900806575377248
0.05338750196081532	0.027207348323591105	0.00018112972170403842
0.054099324951848875	0.025514438437952137	0.00017424627223585173
0.05481114753089252	0.023104287224982152	0.00016473210645112727
0.05552296969252541	0.021906013952770132	0.00015937189929337236
0.0562347914313267	0.020192352625037383	0.00015203981351075643
0.05694661274187557	0.01891030621323716	0.00014621157116259575
0.05765843361875119	0.017599845645919557	0.00014018108632689438
0.0583702540565327	0.016545128177554526	0.00013508455234273155
0.05908207404979933	0.014756465565919717	0.00012680305582807712
0.05979389359313022	0.013434160383951108	0.00012026610861391353
0.06050571268110459	0.012430031588060962	0.00011500172042747499
0.0612175313083016	0.010990644740875414	0.00010750782871248856
0.061929349469300454	0.009815215549150987	0.00010101086109589629
0.06264116715868033	0.008602905177534308	9.402840281585587e-05
0.06335298437102045	0.007533274017097186	8.749329151635082e-05
0.0640648011009	0.006416075732452915	8.029553782124472e-05
0.06477661734289819	0.005734699861485188	7.549403281604633e-05
0.06548843309159422	0.004828846281976422	6.889787103313474e-05
0.06620024834156733	0.004125928241905697	6.334282634191531e-05
0.06691206308739671	0.003518956716048916	5.8186356547610746e-05
0.06762387732366158	0.002998161772379251	5.342492348554341e-05
0.06833569104494118	0.0024557149309379503	4.8098506545440046e-05
0.06904750424581477	0.0021883109319744127	4.516967168715809e-05
0.06975931692086149	0.0018823626089053945	4.1678966918965024e-05
0.07047112906466067	0.0015622141280501583	3.777731412279212e-05
0.0711829406717915	0.0013869761649927704	3.541709594012195e-05
0.07189475173683324	0.0011089465284473965	3.1511793391740574e-05
0.07260656225436511	0.0010333220317773036	3.0268877730693424e-05
0.07331837221896642	0.0008540807330127228	2.7384793279376775e-05
0.07403018162521639	0.000754137069200944	2.560867736556781e-05
0.0747419904676943	0.0006578446810424235	2.380377111987839e-05
0.07545379874097938	0.0005590424991556854	2.1839780510714927e-05
0.07616560643965092	0.0005092380877616875	2.0746622219294478e-05
0.07687741355828821	0.00041618885717920246	1.8668621649333862e-05
0.07758922009147053	0.00039890520225696895	1.8192842867503807e-05
0.07830102603377714	0.0003886077563018538	1.787468583765866e-05
0.07901283137978733	0.0003859330706492841	1.7732648143229648e-05
0.0797246361240804	0.000336621585901032	1.6486980325206145e-05
0.08043644026123564	0.00036367906642800665	1.7060790191761687e-05
0.08114824378583237	0.00036129343933002326	1.692999721758746e-05
0.08186004669244987	0.0003924520660692723	1.7568056825994345e-05
0.0825718489756675	0.00035032026680584006	1.6526581831201356e-05
0.08328365063006452	0.0003598702376507828	1.667859642823638e-05
0.08399545165022025	0.00034282773694055966	1.6209756939012904e-05
0.08470725203071407	0.0003800314881337787	1.699479406071708e-05
0.08541905176612526	0.000369220254043736	1.6681373139847466e-05
0.08613085085103317	0.00036692685922608595	1.656062773065266e-05
0.08684264928001716	0.0003864766911024847	1.692628046787771e-05
0.08755444704765654	0.0003602152152945148	1.627452543886314e-05
0.08826624414853067	0.00036100891839052125	1.6226619540640456e-05
0.08897804057721892	0.00038454025925995015	1.6679994388459437e-05
0.08968983632830065	0.0003902245389270106	1.673601606252537e-05
0.09040163139635521	0.00037703984656319153	1.6385960467455318e-05
0.09111342577596197	0.00039057773521620934	1.661226938729287e-05
0.09182521946170033	0.00038257242176877916	1.6377298104460648e-05
0.09253701244814964	0.00038597996332906403	1.638668309256146e-05
0.0932488047298893	0.0003690292765137665	1.5961554521662843e-05
0.09396059630149874	0.00035719930546863996	1.5644036927676064e-05
0.09467238715755728	0.0003483059873173073	1.5389879439162747e-05
0.09538417729264437	0.00037103612295722143	1.582473110629372e-05
0.09609596670133941	0.00036556993799847663	1.564944965178051e-05
0.09680775537822184	0.0003237606710079376	1.4673150841477853e-05
0.09751954331787104	0.00031403229706004497	1.4398184694866233e-05
0.0982313305148664	0.00031508016201474973	1.4369839866137871e-05
0.09894311696378745	0.00029697539317479453	1.3900609745336642e-05
0.09965490265921358	0.000290267627501746	1.3693560302964201e-05
0.10036668759572422	0.0002843054059158385	1.3504054276165019e-05
0.10107847176789882	0.00026163135488463266	1.2908684110088562e-05
0.10179025517031683	0.00023157622040421625	1.2102087562608354e-05
0.10250203779755773	0.0002337905020008346	1.2117515772188852e-05
0.10321381964420098	0.00022964777594021145	1.1968193671321908e-05
0.10392560070482604	0.00021613677923282865	1.1570962276515845e-05
0.10463738097401237	0.00020530624932815406	1.123890669564872e-05
0.10534916044633952	0.00020763818563997416	1.1264307169588514e-05
0.1060609391163869	0.0001865438337580072	1.0640918735634052e-05
0.10677271697873404	0.00019691949332927635	1.0896339331064087e-05
0.10748449402796044	0.00018407319468423625	1.0499987410918257e-05
0.10819627025864563	0.0001780337924861803	1.0292277528113145e-05
0.1089080456653691	0.0001678769995956109	9.961667197634397e-06
0.10961982024271036	0.00018167856264134213	1.0329367082140796e-05
0.11033159398524896	0.0001615681999668575	9.709445059721578e-06
0.11104336688756443	0.00018228997967698846	1.0280198470546587e-05
0.11175513894423629	0.00017353308377116694	9.998245641554011e-06
0.1124669101498441	0.00016140333501361815	9.61192297355097e-06
0.11317868049896743	0.00016096562767679455	9.56865006305806e-06
0.11389044998618579	0.00014677278991832743	9.10847209236302e-06
0.1146022186060788	0.0001327568121740307	8.635715111339808e-06
0.115313986353226	0.00015855107013749032	9.408275096309036e-06
0.11602575322220694	0.00014350900584684216	8.9233677474746e-06
0.11673751920760128	0.00013088768637457693	8.495923187304152e-06
0.11744928430398857	0.00010785580917323993	7.688878443774612e-06
0.11816104850594841	0.0001066536660159538	7.622845853264543e-06
0.1188728118080604	0.00010931102842007552	7.69408773118316e-06
0.11958457420490416	0.00010756811933470498	7.609754020817362e-06
0.12029633569105934	9.716132365460594e-05	7.210857674756703e-06
0.12100809626110551	0.00010360488924989176	7.424194188142508e-06
0.12171985590962232	9.334297830410941e-05	7.026297330690125e-06
0.12243161463118944	9.01333547555732e-05	6.884341270850397e-06
0.12314337242038649	7.317451382635707e-05	6.185015793902041e-06
0.12385512927179312	7.064525881188363e-05	6.059697203289145e-06
0.12456688517998903	6.237886788671935e-05	5.677849195767906e-06
0.1252786401395538	6.567296837665908e-05	5.809265422818248e-06
0.1259903941450672	5.960107180744138e-05	5.518546791438665e-06
0.12670214719110895	5.92662610299862e-05	5.487546192193842e-06
0.1274138992722586	5.791001617067958e-05	5.40922256952661e-06
0.12812565038309592	5.8607800280705585e-05	5.4265783883434225e-06
0.12883740051820064	5.574965642816378e-05	5.2779653222958156e-06
0.12954914967215245	5.1915137479131025e-05	5.079209572122977e-06
0.13026089783953104	5.113033484356056e-05	5.026882065481184e-06
0.13097264501491618	4.935674292584855e-05	4.925489061054957e-06
0.13168439119288758	5.55362887658972e-05	5.21059944401077e-06
0.13239613636802505	4.340105475895574e-05	4.593872082253742e-06
0.1331078805349082	3.9735085891797714e-05	4.383808815087229e-06
0.1338196236881169	4.098761175879948e-05	4.4405096322927256e-06
0.1345313658222309	4.6109773917205415e-05	4.6973306575825e-06
0.13524310693182995	4.683275042155618e-05	4.721540008485878e-06
0.13595484701149388	4.226500261441238e-05	4.473624354179223e-06
0.1366665860558024	3.535592939669746e-05	4.080997866642271e-06
0.1373783240593354	3.945053860117857e-05	4.299656618747805e-06
0.1380900610166726	3.9247204587835455e-05	4.2774955414270214e-06
0.13880179692239386	3.6693802970006935e-05	4.1253920730150965e-06
0.13951353177107895	3.697464774805258e-05	4.130572675782321e-06
0.14022526555730777	3.073343298340253e-05	3.7562873988623703e-06
0.14093699827566017	3.33580596464372e-05	3.903500985723645e-06
0.1416487299207159	3.272946317482029e-05	3.856821241157751e-06
0.14236046048705486	3.21071522871803e-05	3.810417943126241e-06
0.14307218996925694	2.373239694876238e-05	3.2678310961420076e-06
0.14378391836190196	3.860128969803458e-05	4.157307624880326e-06
0.14449564565956985	3.163271089358439e-05	3.7541121087454844e-06
0.14520737185684046	2.2933739912276467e-05	3.18866959460428e-06
0.14591909694829372	3.177162541886433e-05	3.7439501872384837e-06
0.1466308209285095	2.4937671114912424e-05	3.308885393361382e-06
0.1473425437920677	2.6146724523563215e-05	3.3799554465402293e-06
0.14805426553354828	2.1169632450017677e-05	3.0339792657193416e-06
0.14876598614753114	2.8969013100289662e-05	3.54063728984857e-06
0.14947770562859625	2.6646878602996044e-05	3.3876721343123355e-06
0.15018942397132354	1.999913505386197e-05	2.927873726134712e-06
0.15090114117029294	2.3799245350986395e-05	3.1864106339154305e-06
0.15161285722008444	2.1964813278836106e-05	3.053951624169825e-06
0.152324572115278	1.9290171411099148e-05	2.855285051473558e-06
0.1530362858504536	2.432056601550689e-05	3.1985713453259784e-06
0.15374799842019127	1.8686872223239185e-05	2.7972416388035447e-06
0.15445970981907092	1.690976620012918e-05	2.6547743068488386e-06
0.1551714200416727	2.3985918874715342e-05	3.15455950963726e-06
0.1558831290825765	2.1781997992101276e-05	2.9992710187835986e-06
0.1565948369363624	2.293391884890238e-05	3.070554625567877e-06
0.15730654359761037	1.9924500992278808e-05	2.8555301105536137e-06
0.15801824906090053	2.7686012818288073e-05	3.358481782410773e-06
0.1587299533208129	2.3448183628400998e-05	3.08383810664293e-06
0.1594416563719276	2.211489429751874e-05	2.9881882033465615e-06
0.16015335820882456	2.1201216400668976e-05	2.9193003294070976e-06
0.160865058826084	2.1107417791392858e-05	2.9063847350476596e-06
0.161576758218286	2.4247400515843767e-05	3.1082043186017665e-06
0.16228845638001058	1.971521795536522e-05	2.796555149604559e-06
0.16300015330583792	2.0430337223435742e-05	2.8406005893966324e-06
0.16371184899034805	2.481536466134617e-05	3.1292820701889957e-06
0.1644235434281212	2.0012401039424035e-05	2.8101789717095064e-06
0.1651352366137375	1.881164040341282e-05	2.724568399163338e-06
0.165846928541777	1.881164040341282e-05	2.724568399163338e-06
0.1665586192068199	1.7610919228462966e-05	2.636182019920909e-06
0.1672703086034464	1.4408930326827758e-05	2.3845160592996054e-06
0.16798199672623668	2.121312221437389e-05	2.8932547714647406e-06
0.1686936835697709	2.0012401039424035e-05	2.8101789717095064e-06
0.16940536912862922	2.4415111116009097e-05	3.1039429726881343e-06
0.17011705339739192	1.7210665683125897e-05	2.6060528285220945e-06
0.17082873637063914	1.9612147494086966e-05	2.7819348583192997e-06
0.17154041804295117	1.921189394874989e-05	2.753401034870465e-06
0.17225209840890815	2.0412654584761104e-05	2.8381420243082573e-06
0.17296377746309044	1.8411386858075753e-05	2.695427362147457e-06
0.17367545520007827	1.881164040341282e-05	2.724568399163338e-06
0.17438713161445182	2.5215618206683238e-05	3.1544176280119603e-06
0.17509880670079145	1.6810412137788825e-05	2.575571208089913e-06
0.17581048045367736	1.4809183872164829e-05	2.4174079370606846e-06
0.17652215286768996	1.5209437417501901e-05	2.4498582471788585e-06
0.17723382393740947	1.921189394874989e-05	2.753401034870465e-06
0.17794549365741621	1.921189394874989e-05	2.753401034870465e-06
0.1786571620222905	1.6009905047114684e-05	2.513499244823675e-06
0.17936882902661275	2.0012401039424035e-05	2.8101789717095064e-06
0.18008049466496323	2.161337575971096e-05	2.9204224813731597e-06
0.18079215893192238	1.8411386858075753e-05	2.695427362147457e-06
0.18150382182207042	1.4809183872164829e-05	2.4174079370606846e-06
0.18221548332998788	1.921189394874989e-05	2.753401034870465e-06
0.18292714345025501	1.8411386858075753e-05	2.695427362147457e-06
0.18363880217745235	2.0012401039424035e-05	2.8101789717095064e-06
0.1843504595061602	1.3608423236153619e-05	2.317332139086922e-06
0.18506211543095905	2.0412654584761104e-05	2.8381420243082573e-06
0.18577376994642925	1.881164040341282e-05	2.724568399163338e-06
0.18648542304715132	1.7610919228462966e-05	2.636182019920909e-06
0.18719707472770566	2.4415111116009097e-05	3.1039429726881343e-06
0.1879087249826728	1.4408930326827758e-05	2.3845160592996054e-06
0.1886203738066331	1.4008676781490688e-05	2.351164081886129e-06
0.1893320211941672	1.8411386858075753e-05	2.695427362147457e-06
0.19004366713985543	2.121312221437389e-05	2.8932547714647406e-06
0.19075531163827839	1.921189394874989e-05	2.753401034870465e-06
0.1914669546840166	1.7210665683125897e-05	2.6060528285220945e-06
0.19217859627165051	1.2807916145479476e-05	2.24814137647805e-06
0.19289023639576078	1.921189394874989e-05	2.753401034870465e-06
0.19360187505092794	1.4008676781490688e-05	2.351164081886129e-06
0.19431351223173238	1.3208169690816548e-05	2.282998893065631e-06
0.19502514793275494	1.4408930326827758e-05	2.3845160592996054e-06
0.19573678214857593	1.080668787985548e-05	2.065050540508605e-06
0.19644841487377615	9.605966704905624e-06	1.9469505425895367e-06
0.1971600461029362	1.3208169690816548e-05	2.282998893065631e-06
0.1978716758306365	1.3208169690816548e-05	2.282998893065631e-06
0.19858330405145797	1.080668787985548e-05	2.065050540508605e-06
0.199294930759981	1.120694142519255e-05	2.1029450853413066e-06
0.20000655595078634	1.040643433451841e-05	2.026447491979155e-06
0.2007181796184547	1.4008676781490688e-05	2.351164081886129e-06
0.2014298017575667	1.3208169690816548e-05	2.282998893065631e-06
0.20214142236270302	1.2807916145479476e-05	2.24814137647805e-06
0.20285304142844443	1.080668787985548e-05	2.065050540508605e-06
0.2035646589493715	1.3208169690816548e-05	2.282998893065631e-06
0.20427627492006512	1.0006180789181338e-05	1.987094648133886e-06
0.20498788933510592	8.405206068894413e-06	1.8212038666692059e-06
0.20569950218907465	9.205713159568555e-06	1.9059570084824625e-06
0.20641111347655214	9.605966704905624e-06	1.9469505425895367e-06
0.20712272319211905	6.003724257933346e-06	1.539198919271597e-06
0.20783433133035628	1.2407702061203763e-05	2.212738331407485e-06
0.20854593788584455	8.405206068894413e-06	1.8212038666692059e-06
0.20925754285316464	9.205713159568555e-06	1.9059570084824625e-06
0.20996914622689747	8.004952523557342e-06	1.7773123605220866e-06
0.2106807480016238	7.204445432883202e-06	1.6861051665456823e-06
0.21139234817192448	1.3208169690816548e-05	2.282998893065631e-06
0.21210394673238034	1.0006180789181338e-05	1.987094648133886e-06
0.21281554367757233	1.040643433451841e-05	2.026447491979155e-06
0.2135271390020812	9.605966704905624e-06	1.9469505425895367e-06
0.214238732700488	4.802963621922134e-06	1.3766991035691237e-06
0.2149503247673735	1.040643433451841e-05	2.026447491979155e-06
0.21566191519731867	9.205713159568555e-06	1.9059570084824625e-06
0.21637350398490446	8.405206068894413e-06	1.8212038666692059e-06
0.21708509112471175	9.205713159568555e-06	1.9059570084824625e-06
0.21779667661132163	7.6046989782202715e-06	1.7323091322735436e-06
0.21850826043931484	9.605966704905624e-06	1.9469505425895367e-06
0.2192198426032726	7.6046989782202715e-06	1.7323091322735436e-06
0.21993142309777572	9.205713159568555e-06	1.9059570084824625e-06
0.2206430019174053	5.203217167259205e-06	1.4329147632969322e-06
0.2213545790567423	8.004952523557342e-06	1.7773123605220866e-06
0.22206615451036782	7.6046989782202715e-06	1.7323091322735436e-06
0.22277772827286285	5.203217167259205e-06	1.4329147632969322e-06
0.2234893003388085	4.402710076585063e-06	1.3180880564900638e-06
0.22420087070278574	8.004952523557342e-06	1.7773123605220866e-06
0.2249124393593758	8.405206068894413e-06	1.8212038666692059e-06
0.2256240063031596	6.804231348607487e-06	1.6386036455773564e-06
0.2263355715287184	1.0006180789181338e-05	1.987094648133886e-06
0.22704713503063317	8.405206068894413e-06	1.8212038666692059e-06
0.2277586968034852	3.602230608653872e-06	1.192257703131646e-06
0.22847025684185554	6.003724257933346e-06	1.539198919271597e-06
0.2291818151403254	6.804231348607487e-06	1.6386036455773564e-06
0.22989337169347587	2.0012401039424037e-06	8.88656618331192e-07
0.2306049264958883	6.804231348607487e-06	1.6386036455773564e-06
0.2313164795421437	5.203217167259205e-06	1.4329147632969322e-06
0.23202803082682338	4.002495992309349e-06	1.2567527200325102e-06
0.23273958034450865	8.805459614231483e-06	1.8640621827281249e-06
0.23345112808978052	4.402710076585063e-06	1.3180880564900638e-06
0.2341626740572205	6.003724257933346e-06	1.539198919271597e-06
0.2348742182414097	6.804231348607487e-06	1.6386036455773564e-06
0.23558576063692946	7.6046989782202715e-06	1.7323091322735436e-06
0.23629730123836104	4.802963621922134e-06	1.3766991035691237e-06
0.23700884004028577	5.603470712596275e-06	1.487006730307761e-06
0.23772037703728494	4.802963621922134e-06	1.3766991035691237e-06
0.23843191222393997	2.4014857570672024e-06	9.734740715907012e-07
0.23914344559483208	5.203217167259205e-06	1.4329147632969322e-06
0.2398549771445428	3.602230608653872e-06	1.192257703131646e-06
0.24056650686765332	7.204445432883202e-06	1.6861051665456823e-06
0.24127803475874518	4.402710076585063e-06	1.3180880564900638e-06
0.24198956081239972	5.603470712596275e-06	1.487006730307761e-06
0.24270108502319837	2.8017353562981375e-06	1.0514725426706533e-06
0.24341260738572257	4.002495992309349e-06	1.2567527200325102e-06
0.2441241278945538	3.2019849555290726e-06	1.1240717272137043e-06
0.2448356465442734	4.802963621922134e-06	1.3766991035691237e-06
0.245547163329463	4.002495992309349e-06	1.2567527200325102e-06
0.246258678244704	5.603470712596275e-06	1.487006730307761e-06
0.24697019128457787	5.203217167259205e-06	1.4329147632969322e-06
0.24768170244366625	4.402710076585063e-06	1.3180880564900638e-06
0.24839321171655052	5.603470712596275e-06	1.487006730307761e-06
0.24910471909781237	4.002495992309349e-06	1.2567527200325102e-06
0.24981622458203329	5.203217167259205e-06	1.4329147632969322e-06
0.25052772816379487	3.2019849555290726e-06	1.1240717272137043e-06
0.2512392298376787	4.402710076585063e-06	1.3180880564900638e-06
0.25195072959826637	2.0012401039424037e-06	8.88656618331192e-07
0.25266222744013955	2.4014857570672024e-06	9.734740715907012e-07
0.25337372335787983	2.4014857570672024e-06	9.734740715907012e-07
0.2540852173460688	3.2019849555290726e-06	1.1240717272137043e-06
0.2547967093992882	3.602230608653872e-06	1.192257703131646e-06
0.2555081995121198	2.0012401039424037e-06	8.88656618331192e-07
0.2562196876791451	8.004952523557343e-07	5.620355172820124e-07
0.25693117389494585	2.8017353562981375e-06	1.0514725426706533e-06
0.2576426581541039	4.002495992309349e-06	1.2567527200325102e-06
0.2583541404512009	4.402710076585063e-06	1.3180880564900638e-06
0.2590656207808187	4.402710076585063e-06	1.3180880564900638e-06
0.25977709913753877	1.6009905047114686e-06	7.948382510756e-07
0.2604885755159433	2.4014857570672024e-06	9.734740715907012e-07
0.26120004991061374	3.2019849555290726e-06	1.1240717272137043e-06
0.26191152231613213	1.6009905047114686e-06	7.948382510756e-07
0.26262299272708023	3.2019849555290726e-06	1.1240717272137043e-06
0.26333446113803977	3.2019849555290726e-06	1.1240717272137043e-06
0.26404592754359274	2.8017353562981375e-06	1.0514725426706533e-06
0.26475739193832115	3.2019849555290726e-06	1.1240717272137043e-06
0.26546885431680656	3.2019849555290726e-06	1.1240717272137043e-06
0.266180314673631	2.0012401039424037e-06	8.88656618331192e-07
0.26689177300337646	3.2019849555290726e-06	1.1240717272137043e-06
0.2676032293006249	3.602230608653872e-06	1.192257703131646e-06
0.2683146835599582	2.0012401039424037e-06	8.88656618331192e-07
0.2690261357759583	2.4014857570672024e-06	9.734740715907012e-07
0.26973758594320724	3.602230608653872e-06	1.192257703131646e-06
0.27044903405628695	3.2019849555290726e-06	1.1240717272137043e-06
0.27116048010977956	2.0012401039424037e-06	8.88656618331192e-07
0.271871924098267	2.0012401039424037e-06	8.88656618331192e-07
0.27258336601633126	2.4014857570672024e-06	9.734740715907012e-07
0.2732948058585546	2.8017353562981375e-06	1.0514725426706533e-06
0.27400624361951903	2.4014857570672024e-06	9.734740715907012e-07
0.2747176792938064	1.2007448515866692e-06	6.883506828771005e-07
0.27542911287599914	1.6009905047114686e-06	7.948382510756e-07
0.27614054436067914	2.4014857570672024e-06	9.734740715907012e-07
0.2768519737424287	2.4014857570672024e-06	9.734740715907012e-07
0.27756340101582994	1.6009905047114686e-06	7.948382510756e-07
0.27827482617546495	4.002495992309349e-06	1.2567527200325102e-06
0.27898624921591597	2.8017353562981375e-06	1.0514725426706533e-06
0.2796976701317653	8.004952523557343e-07	5.620355172820124e-07
0.2804090889175949	1.6009905047114686e-06	7.948382510756e-07
0.2811205055679873	2.4014857570672024e-06	9.734740715907012e-07
0.2818319200775246	3.2019849555290726e-06	1.1240717272137043e-06
0.2825433324407891	2.8017353562981375e-06	1.0514725426706533e-06
0.283254742652363	1.6009905047114686e-06	7.948382510756e-07
0.2839661507068288	1.6009905047114686e-06	7.948382510756e-07
0.28467755659876864	2.0012401039424037e-06	8.88656618331192e-07
0.28538896032276495	3.2019849555290726e-06	1.1240717272137043e-06
0.28610036187339993	1.6009905047114686e-06	7.948382510756e-07
0.28681176124525626	2.0012401039424037e-06	8.88656618331192e-07
0.28752315843291587	2.4014857570672024e-06	9.734740715907012e-07
0.2882345534309616	1.6009905047114686e-06	7.948382510756e-07
0.2889459462339756	2.8017353562981375e-06	1.0514725426706533e-06
0.2896573368365405	3.2019849555290726e-06	1.1240717272137043e-06
0.2903687252332385	1.2007448515866692e-06	6.883506828771005e-07
0.29108011141865225	3.2019849555290726e-06	1.1240717272137043e-06
0.29179149538736415	2.8017353562981375e-06	1.0514725426706533e-06
0.2925028771339569	2.4014857570672024e-06	9.734740715907012e-07
0.29321425665301265	2.4014857570672024e-06	9.734740715907012e-07
0.29392563393911425	4.002495992309349e-06	1.2567527200325102e-06
0.2946370089868442	2.8017353562981375e-06	1.0514725426706533e-06
0.29534838179078493	1.6009905047114686e-06	7.948382510756e-07
0.2960597523455192	4.002495992309349e-06	1.2567527200325102e-06
0.2967711206456294	2.0012401039424037e-06	8.88656618331192e-07
0.29748248668569827	1.2007448515866692e-06	6.883506828771005e-07
0.29819385046030866	2.0012401039424037e-06	8.88656618331192e-07
0.2989052119640428	2.8017353562981375e-06	1.0514725426706533e-06
0.2996165711914836	1.2007448515866692e-06	6.883506828771005e-07
0.3003279281372138	2.0012401039424037e-06	8.88656618331192e-07
0.30103928279581604	4.002495992309349e-06	1.2567527200325102e-06
0.30175063516187306	2.4014857570672024e-06	9.734740715907012e-07
0.3024619852299676	2.4014857570672024e-06	9.734740715907012e-07
0.30317333299468224	1.6009905047114686e-06	7.948382510756e-07
0.3038846784506001	1.6009905047114686e-06	7.948382510756e-07
0.3045960215923037	2.0012401039424037e-06	8.88656618331192e-07
0.305307362414376	1.6009905047114686e-06	7.948382510756e-07
0.3060187009113997	2.4014857570672024e-06	9.734740715907012e-07
0.3067300370779577	2.4014857570672024e-06	9.734740715907012e-07
0.3074413709086331	1.2007448515866692e-06	6.883506828771005e-07
0.30815270239800835	2.8017353562981375e-06	1.0514725426706533e-06
0.3088640315406667	1.2007448515866692e-06	6.883506828771005e-07
0.30957535833119093	2.8017353562981375e-06	1.0514725426706533e-06
0.31028668276416393	2.8017353562981375e-06	1.0514725426706533e-06
0.3109980048341688	1.6009905047114686e-06	7.948382510756e-07
0.3117093245357884	2.4014857570672024e-06	9.734740715907012e-07
0.3124206418636057	1.2007448515866692e-06	6.883506828771005e-07
0.31313195681220385	1.2007448515866692e-06	6.883506828771005e-07
0.31384326937616563	3.602230608653872e-06	1.192257703131646e-06
0.3145545795500744	1.2007448515866692e-06	6.883506828771005e-07
0.31526588732851285	2.8017353562981375e-06	1.0514725426706533e-06
0.3159771927060645	8.004952523557343e-07	5.620355172820124e-07
0.3166884956773121	1.6009905047114686e-06	7.948382510756e-07
0.31739979623683895	2.0012401039424037e-06	8.88656618331192e-07
0.318111094379228	2.4014857570672024e-06	9.734740715907012e-07
0.3188223900990627	8.004952523557343e-07	5.620355172820124e-07
0.31953368339092597	3.2019849555290726e-06	1.1240717272137043e-06
0.3202449742494011	4.002495992309349e-07	3.9742010509146524e-07
0.3209562626690713	1.6009905047114686e-06	7.948382510756e-07
0.32166754864451974	1.6009905047114686e-06	7.948382510756e-07
0.32237883217032987	3.602230608653872e-06	1.192257703131646e-06
0.3230901132410846	2.4014857570672024e-06	9.734740715907012e-07
0.32380139185136747	2.0012401039424037e-06	8.88656618331192e-07
0.3245126679957617	1.2007448515866692e-06	6.883506828771005e-07
0.32522394166885077	1.6009905047114686e-06	7.948382510756e-07
0.3259352128652178	1.6009905047114686e-06	7.948382510756e-07
0.32664648157944626	1.2007448515866692e-06	6.883506828771005e-07
0.3273577478061195	1.6009905047114686e-06	7.948382510756e-07
0.328069011539821	1.2007448515866692e-06	6.883506828771005e-07
0.328780272775134	2.0012401039424037e-06	8.88656618331192e-07
0.32949153150664207	3.2019849555290726e-06	1.1240717272137043e-06
0.3302027877289287	2.0012401039424037e-06	8.88656618331192e-07
0.33091404143657727	4.002495992309349e-06	1.2567527200325102e-06
0.33162529262417134	3.2019849555290726e-06	1.1240717272137043e-06
0.3323365412862943	3.2019849555290726e-06	1.1240717272137043e-06
0.3330477874175298	4.002495992309349e-07	3.9742010509146524e-07
0.3337590310124614	1.6009905047114686e-06	7.948382510756e-07
0.3344702720656726	2.8017353562981375e-06	1.0514725426706533e-06
0.33518151057174694	8.004952523557343e-07	5.620355172820124e-07
0.33589274652526824	1.6009905047114686e-06	7.948382510756e-07
0.3366039799208199	2.0012401039424037e-06	8.88656618331192e-07
0.33731521075298576	1.6009905047114686e-06	7.948382510756e-07
0.33802643901634927	2.8017353562981375e-06	1.0514725426706533e-06
0.3387376647054943	3.2019849555290726e-06	1.1240717272137043e-06
0.3394488878150046	2.4014857570672024e-06	9.734740715907012e-07
0.3401601083394637	1.2007448515866692e-06	6.883506828771005e-07
0.34087132627345545	2.4014857570672024e-06	9.734740715907012e-07
0.34158254161156354	1.6009905047114686e-06	7.948382510756e-07
0.34229375434837184	2.0012401039424037e-06	8.88656618331192e-07
0.34300496447846435	2.4014857570672024e-06	9.734740715907012e-07
0.34371617199642446	8.004952523557343e-07	5.620355172820124e-07
0.3444273768968362	1.6009905047114686e-06	7.948382510756e-07
0.34513857917428353	2.4014857570672024e-06	9.734740715907012e-07
0.3458497788233503	2.4014857570672024e-06	9.734740715907012e-07
0.34656097583862044	8.004952523557343e-07	5.620355172820124e-07
0.34727217021467777	2.0012401039424037e-06	8.88656618331192e-07
0.34798336194610624	8.004952523557343e-07	5.620355172820124e-07
0.34869455102749	2.8017353562981375e-06	1.0514725426706533e-06
0.34940573745341275	1.6009905047114686e-06	7.948382510756e-07
0.3501169212184587	2.4014857570672024e-06	9.734740715907012e-07
0.35082810231721184	2.4014857570672024e-06	9.734740715907012e-07
0.3515392807442562	2.4014857570672024e-06	9.734740715907012e-07
0.35225045649417586	2.4014857570672024e-06	9.734740715907012e-07
0.35296162956155486	2.0012401039424037e-06	8.88656618331192e-07
0.3536727999409773	1.6009905047114686e-06	7.948382510756e-07
0.35438396762702745	1.6009905047114686e-06	7.948382510756e-07
0.35509513261428927	8.004952523557343e-07	5.620355172820124e-07
0.3558062948973471	2.4014857570672024e-06	9.734740715907012e-07
0.356517454470785	2.4014857570672024e-06	9.734740715907012e-07
0.35722861132918715	1.6009905047114686e-06	7.948382510756e-07
0.35793976546713796	2.4014857570672024e-06	9.734740715907012e-07
0.3586509168792215	2.0012401039424037e-06	8.88656618331192e-07
0.3593620655600222	2.0012401039424037e-06	8.88656618331192e-07
0.3600732115041242	1.6009905047114686e-06	7.948382510756e-07
0.3607843547061119	2.8017353562981375e-06	1.0514725426706533e-06
0.3614954951605697	1.2007448515866692e-06	6.883506828771005e-07
0.36220663286208177	1.6009905047114686e-06	7.948382510756e-07
0.3629177678052326	1.2007448515866692e-06	6.883506828771005e-07
0.3636288999846067	1.2007448515866692e-06	6.883506828771005e-07
0.3643400293947883	1.6009905047114686e-06	7.948382510756e-07
0.36505115603036187	2.8017353562981375e-06	1.0514725426706533e-06
0.3657622798859119	2.4014857570672024e-06	9.734740715907012e-07
0.36647340095602304	2.8017353562981375e-06	1.0514725426706533e-06
0.36718451923527945	1.2007448515866692e-06	6.883506828771005e-07
0.36789563471826586	2.0012401039424037e-06	8.88656618331192e-07
0.3686067473995669	2.0012401039424037e-06	8.88656618331192e-07
0.36931785727376704	2.0012401039424037e-06	8.88656618331192e-07
0.37002896433545074	2.0012401039424037e-06	8.88656618331192e-07
0.3707400685792028	4.002495992309349e-07	3.9742010509146524e-07
0.37145116999960776	3.602230608653872e-06	1.192257703131646e-06
0.3721622685912504	2.4014857570672024e-06	9.734740715907012e-07
0.37287336434871515	1.6009905047114686e-06	7.948382510756e-07
0.37358445726658696	2.0012401039424037e-06	8.88656618331192e-07
0.3742955473394503	1.2007448515866692e-06	6.883506828771005e-07
0.3750066345618901	1.6009905047114686e-06	7.948382510756e-07
0.37571771892849115	2.4014857570672024e-06	9.734740715907012e-07
0.37642880043383814	3.2019849555290726e-06	1.1240717272137043e-06
0.3771398790725157	1.2007448515866692e-06	6.883506828771005e-07
0.377850954839109	2.0012401039424037e-06	8.88656618331192e-07
0.3785620277282028	4.002495992309349e-07	3.9742010509146524e-07
0.3792730977343818	2.4014857570672024e-06	9.734740715907012e-07
0.37998416485223097	1.2007448515866692e-06	6.883506828771005e-07
0.38069522907633524	1.2007448515866692e-06	6.883506828771005e-07
0.38140629040127966	2.0012401039424037e-06	8.88656618331192e-07
0.38211734882164894	2.0012401039424037e-06	8.88656618331192e-07
0.3828284043320283	1.6009905047114686e-06	7.948382510756e-07
0.3842505066011569	8.004952523557343e-07	5.620355172820124e-07
0.38496155334907634	1.6009905047114686e-06	7.948382510756e-07
0.3856725971653458	1.6009905047114686e-06	7.948382510756e-07
0.38638363804455045	1.6009905047114686e-06	7.948382510756e-07
0.3870946759812756	2.4014857570672024e-06	9.734740715907012e-07
0.3878057109701061	2.4014857570672024e-06	9.734740715907012e-07
0.3885167430056271	2.0012401039424037e-06	8.88656618331192e-07
0.3892277720824241	2.0012401039424037e-06	8.88656618331192e-07
0.3899387981950821	1.2007448515866692e-06	6.883506828771005e-07
0.39064982133818626	2.0012401039424037e-06	8.88656618331192e-07
0.3913608415063219	2.4014857570672024e-06	9.734740715907012e-07
0.39207185869407435	2.0012401039424037e-06	8.88656618331192e-07
0.39278287289602876	8.004952523557343e-07	5.620355172820124e-07
0.39349388410677066	2.4014857570672024e-06	9.734740715907012e-07
0.3942048923208853	3.2019849555290726e-06	1.1240717272137043e-06
0.39491589753295786	2.0012401039424037e-06	8.88656618331192e-07
0.3956268997375739	2.8017353562981375e-06	1.0514725426706533e-06
0.39633789892931903	1.6009905047114686e-06	7.948382510756e-07
0.39704889510277824	1.6009905047114686e-06	7.948382510756e-07
0.3977598882525372	4.802963621922134e-06	1.3766991035691237e-06
0.39847087837318146	2.4014857570672024e-06	9.734740715907012e-07
0.39918186545929646	1.6009905047114686e-06	7.948382510756e-07
0.39989284950546766	2.8017353562981375e-06	1.0514725426706533e-06
0.40060383050628073	2.8017353562981375e-06	1.0514725426706533e-06
0.4013148084563211	3.602230608653872e-06	1.192257703131646e-06
0.4020257833501745	2.8017353562981375e-06	1.0514725426706533e-06
0.4027367551824264	2.0012401039424037e-06	8.88656618331192e-07
0.40344772394766265	1.6009905047114686e-06	7.948382510756e-07
0.4041586896404687	8.004952523557343e-07	5.620355172820124e-07
0.4048696522554303	8.004952523557343e-07	5.620355172820124e-07
0.4055806117871333	1.2007448515866692e-06	6.883506828771005e-07
0.40629156823016316	4.002495992309349e-07	3.9742010509146524e-07
0.4070025215791058	5.203217167259205e-06	1.4329147632969322e-06
0.4077134718285471	1.6009905047114686e-06	7.948382510756e-07
0.4084244189730727	1.2007448515866692e-06	6.883506828771005e-07
0.4091353630072685	2.4014857570672024e-06	9.734740715907012e-07
0.40984630392572036	1.2007448515866692e-06	6.883506828771005e-07
0.41055724172301405	2.0012401039424037e-06	8.88656618331192e-07
0.4112681763937356	2.0012401039424037e-06	8.88656618331192e-07
0.4119791079324709	4.002495992309349e-07	3.9742010509146524e-07
0.41269003633380585	2.0012401039424037e-06	8.88656618331192e-07
0.4134009615923265	2.0012401039424037e-06	8.88656618331192e-07
0.4141118837026187	2.4014857570672024e-06	9.734740715907012e-07
0.41482280265926874	2.4014857570672024e-06	9.734740715907012e-07
0.4155337184568623	1.2007448515866692e-06	6.883506828771005e-07
0.4162446310899857	1.6009905047114686e-06	7.948382510756e-07
0.41695554055322503	1.2007448515866692e-06	6.883506828771005e-07
0.4176664468411663	8.004952523557343e-07	5.620355172820124e-07
0.41837734994839554	2.0012401039424037e-06	8.88656618331192e-07
0.4190882498694993	4.002495992309349e-07	3.9742010509146524e-07
0.4197991465990634	1.6009905047114686e-06	7.948382510756e-07
0.42051004013167415	8.004952523557343e-07	5.620355172820124e-07
0.42122093046191794	2.4014857570672024e-06	9.734740715907012e-07
0.4219318175843808	2.4014857570672024e-06	9.734740715907012e-07
0.4226427014936492	2.0012401039424037e-06	8.88656618331192e-07
0.42335358218430924	1.6009905047114686e-06	7.948382510756e-07
0.42406445965094747	2.0012401039424037e-06	8.88656618331192e-07
0.42477533388815014	2.0012401039424037e-06	8.88656618331192e-07
0.42548620489050376	3.2019849555290726e-06	1.1240717272137043e-06
0.42619707265259454	1.6009905047114686e-06	7.948382510756e-07
0.426907937169009	3.602230608653872e-06	1.192257703131646e-06
