#Initialized App on 2018-12-27 21:17:10.476211
#Set wavelength to 5.1836 A
#Load data from ../gaussFitting/ES_S14_30K_2mT_FC_Remanence_reduced_in_x_ai_uu_qz_I.xy
#Select data from 0.0038
#Select data above noise threshold of 0.0.
#Applying footprint correction for a equidistributed beam using a sample size of 14 and a beam size of 1.
#Rescaling data by setting mean value between 0.0066 .. 0.0092 (Imean = 3.6454835538116335) to 1.
#Load data from ../gaussFitting/ES_S14_30K_2mT_FC_Remanence_reduced_in_x_ai_dd_qz_I.xy
#Select data from 0.0038
#Select data above noise threshold of 0.0.
#Applying footprint correction for a equidistributed beam using a sample size of 14 and a beam size of 1.
#Rescaling data by renormalization factor 3.6454835538116335.
#[[Data]]
#q / A-1	I / a.u.	sI / a.u.
0.004231121824529674	1.066912549418564	0.015817755894719576
0.005077345055226846	0.9929144401373358	0.014016236182753179
0.00592356766726493	1.0110624232748828	0.012416175822604904
0.006769789557534263	0.9852616917976648	0.011525388771439687
0.0076160106229252724	1.0051997160021595	0.010426592741150077
0.008462230760328489	1.0034587870283471	0.009903646358406668
0.00935076079303404	0.9932195493709309	0.009000203007593991
0.0101123569686584	0.9473399775723144	0.008397935573201154
0.011000884573518456	0.8650139833510192	0.007481382346038638
0.011847099967878253	0.720996817515012	0.006365952037292599
0.012735624576503922	0.5793242056059478	0.005310714290955095
0.013497215741004891	0.4342194446745439	0.004446640390652725
0.014428047569890527	0.2855545260158746	0.0033961779540190584
0.015189635672043717	0.18613712827978768	0.002599788097933519
0.016120463531222016	0.09805405516352107	0.0017706504284453514
0.016882048199838642	0.05325156222621929	0.0012423471934487227
0.017770561535399482	0.025015074262121455	0.0008158254127339143
0.018616762494464263	0.011816384947269162	0.0005351718025179192
0.019462961185133007	0.008770974573542756	0.0004440822960124637
0.02030915750429897	0.007941596374811368	0.00040479214820953455
0.021155351348855697	0.008126860270372724	0.0003919765097711089
0.02200154261569703	0.010015584356253349	0.00041673262961395717
0.02284773120171713	0.009885054638100271	0.00039812800010746117
0.023693917003810492	0.009737071509916652	0.0003805786123500107
0.024540099918871936	0.008022873018464424	0.00033414684921475576
0.02538627984379664	0.007171192121689328	0.0003045747187194463
0.02623245667548015	0.005633647411790276	0.00026062035480707715
0.027078630310818388	0.0037005147990837473	0.00020580814127265184
0.027924800646707663	0.0026721143302119673	0.00017117559299964242
0.028770967580044684	0.0016206592557844507	0.00012843789436659775
0.029617131007726574	0.0009916335441096356	9.719116747484096e-05
0.03046329082665089	0.0007459582151913295	8.232282211781953e-05
0.03130944693371563	0.0004021598145531754	6.254192415896501e-05
0.032155599225819224	0.00042500528664182735	5.9434866791316675e-05
0.03300174759986059	0.0004915892975728963	6.363576568181012e-05
0.03384789195273912	0.0006858461172765894	7.248299624209429e-05
0.03469403218135469	0.0006311505575106087	6.649040946808849e-05
0.03554016818260767	0.0008654866346179996	7.61311216345623e-05
0.036386299853398966	0.0008555512934371577	7.4626715129328e-05
0.03723242709062999	0.0008388481736884776	7.255579472181574e-05
0.03807854979120272	0.0008927106585856701	7.255095308507163e-05
0.03892466785201966	0.0007452074607224388	6.4115481396325e-05
0.03977078116998389	0.0006730954102786758	6.058100473568904e-05
0.040616889641999075	0.00047749926056764417	5.0464056349493814e-05
0.04146299316496946	0.00039277991990010623	4.5373897691539946e-05
0.0423090916357999	0.00026745243541933167	3.627009382221558e-05
0.043155184951395864	0.00017321925859685038	2.8681137140930402e-05
0.04400127300866344	0.00011723791096379782	2.363470993959228e-05
0.04484735570450937	0.00010465184337917062	2.1273303021520725e-05
0.04569343293584104	6.10130160828542e-05	1.6147854583703288e-05
0.04653950459956653	8.074873817698141e-05	1.721568882414406e-05
0.04738557059259454	0.0001045190120859872	1.96878530845976e-05
0.04823163081183451	0.00012814047268724205	2.373819669133923e-05
0.04907768515419656	0.00019824908171814533	2.595104831584034e-05
0.04992373351659155	0.00023780769423865914	2.725835398047877e-05
0.05076977579593104	0.000259873317813842	2.860107434165397e-05
0.05161581188912736	0.00034582950755580313	3.1669081148558553e-05
0.05246184169309355	0.00029350308015073097	2.860710208048847e-05
0.05330786510474347	0.0003510368494927145	3.0091043425303796e-05
0.05415388202099174	0.00035968505454313324	2.9565929357881653e-05
0.054999892338753735	0.00024904741972573324	2.4931223668199138e-05
0.05584589595494569	0.0002345091390170662	2.3593813778053145e-05
0.05673419242659042	0.0002050993988226716	2.1837287626709862e-05
0.05749558334074824	0.00019976165655343408	2.065669132946181e-05
0.05842616452204211	0.00012082986062990082	1.6129710643504252e-05
0.059187542723957896	0.00012261049748460673	1.5405548502421792e-05
0.06007580990447993	0.00012545964509711371	1.5177522857447336e-05
0.060921771146538586	0.00012743109473326505	1.452212101468562e-05
0.061767724965464225	0.00015110385965599264	1.642145706580221e-05
0.06265596837340377	0.0001637358490821999	1.6229889120959495e-05
0.06341731317122501	0.00024155535608651952	1.9120207599965244e-05
0.06430554085267855	0.0002506025795201678	1.9254159303725738e-05
0.06515146394831228	0.0003056033027514248	2.0441248440409304e-05
0.06599737910543775	0.0002991809805568029	1.9748631185794103e-05
0.06684328622098279	0.00030524744868908917	1.9514201581284617e-05
0.06768918519187613	0.00034307200850906854	2.0095510143850902e-05
0.0685350759150476	0.0003437664545983605	1.958229377979172e-05
0.06938095828742794	0.00033253822518309467	1.9000613893650406e-05
0.07022683220594898	0.000321319207464442	1.8215178664165864e-05
0.07107269756754352	0.00026565182837105865	1.630912275585935e-05
0.07191855426914547	0.00024146594631966077	1.5343060045001373e-05
0.07276440220768972	0.00019398482906457734	1.3375169965453998e-05
0.07361024128011226	0.00014694020297272606	1.1658365496098313e-05
0.07445607138335021	0.00012696742602317672	1.0593843286372669e-05
0.07530189241434171	0.00011624875853751312	1.0107766423862743e-05
0.07614770427002601	8.6144859753075e-05	8.609204240807567e-06
0.07699350684734357	6.609268560215654e-05	7.468943515155289e-06
0.07783930004323583	6.824310961473128e-05	7.335721866280867e-06
0.07868508375464553	5.8412618607392744e-05	6.5673551582846465e-06
0.07953085787851642	5.744739910745546e-05	6.56454541526397e-06
0.08037662231179352	4.15565872054693e-05	5.567904044205328e-06
0.08122237695142301	5.1130055488880824e-05	6.249800181144412e-06
0.08206812169435224	4.230242889310927e-05	5.69520157069873e-06
0.08291385643752977	4.897677874461478e-05	5.787812119323903e-06
0.08375958107790542	3.738803969272071e-05	4.903977418142788e-06
0.08460529551243016	2.9705869087289708e-05	4.407942763004676e-06
0.08633897776225945	2.6275824713806722e-05	4.483443531344451e-06
0.08967936202612538	1.9544851867760354e-05	3.327329162760966e-06
0.09306185586600829	1.3672614437171038e-05	2.643640426858139e-06
0.09644416827704119	1.6655643942223944e-05	2.4005975672928486e-06
0.09982629266523305	1.3113898473425555e-05	2.1434301879474013e-06
0.10320822243695923	1.3681910431644835e-05	2.0558051403308785e-06
0.1065899509989746	1.4286973016918064e-05	1.890255394884628e-06
0.10997147175842632	1.2750863746021411e-05	1.8836920573612201e-06
0.11335277812286661	1.3671005101534165e-05	1.8332405054623552e-06
0.11673386350026567	1.4331951948202144e-05	1.8273323574931123e-06
0.12011472129902462	1.4220552373650065e-05	1.733030120941152e-06
0.12349534492798814	1.1695637897303687e-05	1.6268273832423788e-06
0.12687572779645742	9.241154338304725e-06	1.4442831054763532e-06
0.14799725543258924	3.3940828997735466e-06	8.657838001001121e-07
0.16910751250472517	3.6655386860165364e-06	7.948397554169978e-07
