#Data reduced with Dominiques SARed v. 1.0
#wavelength: 5.1386
#q/A-1 	 Icorr/a.u. 	 sIcorr /a.u. 	Ispec/a.u. 	 sIspec/a.u. 	 Ibg/a.u. 	 sIbg/a.u. 	 2th/°
0.0	0.00200313006339	0.00014886255947	0.0022908787698	0.000118968511642	0.000287748706408	8.94793543207e-05	0.0
0.000341454157216	0.00574389677953	0.00034558529615	0.0068578069258	0.000205618349521	0.00111391014627	0.000277759412541	0.016
0.000682908307775	0.00686345326436	0.000512462742391	0.00873040883991	0.000231546109211	0.00186695557554	0.00045717005769	0.032
0.00102436244502	0.00525845184807	0.000517717588734	0.00719287505361	0.000209587728808	0.00193442320554	0.000473396752859	0.048
0.0013658165623	0.00447487345112	0.000407355942459	0.00594271212566	0.000189736182458	0.00146783867453	0.000360470588153	0.064
0.00170727065294	0.0066334297232	0.000308662318006	0.00753454463009	0.000212664861519	0.000901114906892	0.000223709819257	0.08
0.00204872471031	0.012635804692	0.000307553524837	0.0131425252527	0.000280144793219	0.000506720560667	0.000126917553838	0.096
0.00239017872773	0.0216553313775	0.000369661554165	0.0219695253657	0.000361576649453	0.000314193988248	7.68894739068e-05	0.112
0.00273163269856	0.0314737366705	0.000437419424356	0.031723001259	0.000433685976141	0.000249264588563	5.70282991371e-05	0.128
0.00307308661613	0.0397252701106	0.000489102404149	0.0399832150778	0.000485803604448	0.00025794496721	5.6709960768e-05	0.144
0.00341454047378	0.0465906892007	0.000528590754539	0.046885506871	0.00052470407049	0.000294817670321	6.39829992621e-05	0.16
0.00375599426488	0.0522749180144	0.000557465944789	0.0525608766811	0.000553960835998	0.000285958666773	6.24153168749e-05	0.176
0.00409744798274	0.0577357210793	0.000583238679361	0.0580137729297	0.000580262387812	0.00027805185037	5.88465665451e-05	0.192
0.00443890162072	0.0626630832591	0.000606032064692	0.0629573520705	0.000602665776914	0.000294268811427	6.37873402143e-05	0.208
0.00478035517217	0.0666868090548	0.000622909218234	0.0669797408106	0.000619727463627	0.000292931755751	6.2878970948e-05	0.224
0.00512180863042	0.0717188631298	0.000643942873419	0.0720273848425	0.000640652317249	0.000308521712761	6.50156337405e-05	0.24
0.00546326198882	0.0768207541595	0.000664838370856	0.0771648951878	0.000661064553243	0.000344141028304	7.07369479773e-05	0.256
0.00580471524071	0.0812135952838	0.000681686919601	0.0815680851463	0.000677714995447	0.000354489862544	7.34808907183e-05	0.272
0.00614616837943	0.0849978499198	0.000696169698418	0.0853946937144	0.000691569368159	0.000396843794621	7.99003004959e-05	0.288
0.00648762139833	0.0897292664192	0.000713789395172	0.0901584411542	0.000708723424086	0.000429174734992	8.48905696351e-05	0.304
0.00682907429075	0.0952043732451	0.000733131553791	0.0956402367878	0.000727907279837	0.000435863542738	8.73662813909e-05	0.32
0.00717052705003	0.0990355264933	0.000746132299919	0.0994990438887	0.000740253074154	0.000463517395385	9.34815232458e-05	0.336
0.00751197966952	0.103372641774	0.000759477933062	0.103830874296	0.000753966648081	0.000458232522305	9.13292088499e-05	0.352
0.00785343214256	0.108168801476	0.000774492703447	0.108625805334	0.000768957651329	0.000457003858458	9.24287734136e-05	0.368
0.0081948844625	0.112353168343	0.000787651353325	0.11283668113	0.000781571531769	0.000483512787009	9.76759700363e-05	0.384
0.00853633662267	0.117205374737	0.000801346340391	0.11767097831	0.000796029477548	0.00046560357318	9.2157626559e-05	0.4
0.00887778861642	0.121547983736	0.000814212887664	0.122024540097	0.000808526414631	0.000476556360945	9.60607270525e-05	0.416
0.00921924043709	0.126162191776	0.000827791508468	0.126657606551	0.000821630682732	0.000495414775099	0.000100805767117	0.432
0.00956069207803	0.129427849224	0.000836219368484	0.129919939533	0.000829946423539	0.000492090308994	0.000102233880307	0.448
0.00990214353258	0.130723770837	0.000838656092176	0.131226458883	0.000831886313915	0.000502688046338	0.000106344730314	0.464
0.0102435947941	0.129745381759	0.000832143196404	0.130220339975	0.000826531757311	0.000474958216208	9.64756626171e-05	0.48
0.0105850458559	0.124758965457	0.000812747008374	0.125178997853	0.000808359887205	0.000420032395557	8.43326293841e-05	0.496
0.0109264967113	0.117888403772	0.000787533013313	0.11826754017	0.000783803711481	0.000379136397346	7.65505645074e-05	0.512
0.0112679473537	0.109868083097	0.000758608739784	0.11025054549	0.000754741921669	0.000382462392752	7.64973970321e-05	0.528
0.0116093977765	0.102166958168	0.000729452873147	0.102542943552	0.000725774393452	0.000375985383351	7.31643625837e-05	0.544
0.0119508479729	0.0944785857256	0.000699770048718	0.0948472606053	0.000695955606478	0.000368674879737	7.29651621985e-05	0.56
0.0122922979363	0.0856767462325	0.00066559450925	0.0860545625606	0.000661068822613	0.000377816328117	7.74858858911e-05	0.576
0.0126337476601	0.0769991768112	0.000629255225146	0.0773537898219	0.000625188453099	0.000354613010721	7.14250410197e-05	0.592
0.0129751971376	0.0685314636186	0.000591866924905	0.0688554766611	0.000588436389005	0.000324013042481	6.36323258358e-05	0.608
0.0133166463621	0.0596952500722	0.000550769392844	0.059988979538	0.000547922068351	0.00029372946574	5.59314858344e-05	0.624
0.013658095327	0.0509376811042	0.000507793303028	0.0512055302462	0.000505000513292	0.000267849141938	5.31838337746e-05	0.64
0.0139995440256	0.042942297445	0.000465780646722	0.0432001347033	0.000462833707511	0.000257837258349	5.23122361599e-05	0.656
0.0143409924513	0.0362416030855	0.000427031760257	0.0364838974547	0.000424519229074	0.000242294369207	4.62552528277e-05	0.672
0.0146824405975	0.0302053530066	0.000389397684354	0.030432386555	0.000386985901863	0.000227033548386	4.32720272206e-05	0.688
0.0150238884573	0.0244317995411	0.000349968307407	0.0246414075601	0.000347510622983	0.000209608019035	4.14026943941e-05	0.704
0.0153653360243	0.0197063648841	0.000313644742056	0.0198910899373	0.000311503980765	0.000184725053214	3.65827033896e-05	0.72
0.0157067832917	0.0158393206413	0.000280603090768	0.0159995426382	0.000278695622908	0.000160221996854	3.26625828776e-05	0.736
0.016048230253	0.0124675508214	0.000248476317657	0.0126027384096	0.000246716855604	0.000135187588252	2.95173440072e-05	0.752
0.0163896769013	0.0095187500999	0.000216757943257	0.00963603706882	0.000215151039081	0.000117286968914	2.6344569601e-05	0.768
0.0167311232301	0.007302167387	0.000189376554124	0.00740323187726	0.000188068862979	0.000101064490254	2.22167060944e-05	0.784
0.0170725692328	0.00573753699812	0.000167584485576	0.00582726038105	0.000166430815362	8.97233829278e-05	1.9630168199e-05	0.8
0.0174140149026	0.00458916027166	0.000149778473897	0.00467620756993	0.0001487109499	8.70472982698e-05	1.78506196727e-05	0.816
0.0177554602329	0.00375431163649	0.000135053294687	0.00382456531613	0.000134166265187	7.02536796422e-05	1.54533391699e-05	0.832
0.018096905217	0.00310710658599	0.000122697339541	0.00316802887473	0.000121812585602	6.09222887408e-05	1.47081990543e-05	0.848
0.0184383498484	0.00264275014007	0.000112974679134	0.00269876242933	0.000112135356942	5.60122892636e-05	1.37455392427e-05	0.864
0.0187797941202	0.00248376912249	0.000109051468458	0.0025329325352	0.000108363348807	4.91634127134e-05	1.22314107172e-05	0.88
0.019121238026	0.00243489461838	0.000107412068719	0.002479884464	0.000106942648692	4.49898456201e-05	1.00310715869e-05	0.896
0.019462681559	0.00246122322635	0.000107657981374	0.0025056351019	0.000107198880368	4.44118755551e-05	9.93181762939e-06	0.912
0.0198041247125	0.00255677626236	0.000109648142436	0.00260632098526	0.000109037541276	4.95447228967e-05	1.1555506578e-05	0.928
0.02014556748	0.00266628128327	0.000111270954807	0.00270595373429	0.000110813382226	3.96724510165e-05	1.0080659872e-05	0.944
0.0204870098547	0.00277675081172	0.000112759926343	0.00280444676725	0.000112529514934	2.76959555311e-05	7.20480794843e-06	0.96
0.02082845183	0.00284206487493	0.00011380106962	0.00287021349528	0.000113573538308	2.81486203512e-05	7.19269371738e-06	0.976
0.0211698933992	0.00294043609944	0.000115400109268	0.00296751941874	0.000115207552097	2.7083319293e-05	6.66371960634e-06	0.992
0.0215113345557	0.00314914382527	0.000118985175604	0.00317269833334	0.000118860601673	2.35545080734e-05	5.44328791971e-06	1.008
0.0218527752929	0.00322051327697	0.000120048467254	0.00324490948711	0.000119917935275	2.43962101321e-05	5.59672130902e-06	1.024
0.022194215604	0.00318111229827	0.000118982433801	0.00320318446136	0.000118842640302	2.20721630807e-05	5.76596905362e-06	1.04
0.0225356554824	0.00321617815285	0.000119290867168	0.00323598081517	0.00011914768604	1.98026623172e-05	5.84293599099e-06	1.056
0.0228770949215	0.00322277572619	0.000119118712832	0.00324342113196	0.000118999125275	2.06454057693e-05	5.33628434807e-06	1.072
0.0232185339146	0.00311249018787	0.000116918800388	0.00313555540066	0.000116753788584	2.30652127917e-05	6.20956806423e-06	1.088
0.023559972455	0.00301517031308	0.000114993245169	0.0030410584061	0.000114770729047	2.58880930202e-05	7.15025792685e-06	1.104
0.0239014105361	0.00298519830193	0.00011407723365	0.00300703017445	0.000113933017609	2.18318725161e-05	5.73434702227e-06	1.12
0.0242428481513	0.00286523241493	0.000111583406969	0.00288573921305	0.000111425292012	2.05067981202e-05	5.93809824322e-06	1.136
0.0245842852938	0.002621715991	0.000106689293164	0.00264563909128	0.000106496998802	2.39231002787e-05	6.40269646141e-06	1.152
0.024925721957	0.00234771902084	0.000101046722622	0.00237778283584	0.00010076723135	3.00638149952e-05	7.51034211433e-06	1.168
0.0252671581343	0.00221956858955	9.80921501814e-05	0.00224863848794	9.78162119265e-05	2.9069898399e-05	7.35245615872e-06	1.184
0.025608593819	0.00204111384722	9.37475962036e-05	0.00206411597718	9.35374896217e-05	2.30021299605e-05	6.27294422222e-06	1.2
0.0259500290044	0.00184643725296	8.89687134024e-05	0.00186748188078	8.87781089879e-05	2.10446278254e-05	5.82059524605e-06	1.216
0.026291463684	0.00174738453606	8.63545756113e-05	0.001767646063	8.61657134783e-05	2.02615269395e-05	5.70811262866e-06	1.232
0.0266328978509	0.00153985370371	8.08912501859e-05	0.00155944205901	8.07200577479e-05	1.95883552919e-05	5.25990815583e-06	1.248
0.0269743314987	0.00126858455754	7.34967442457e-05	0.00128989168905	7.32264062667e-05	2.13071315063e-05	6.29800285637e-06	1.264
0.0273157646206	0.00109183906511	6.81367625432e-05	0.00111315599227	6.78638578772e-05	2.13169271608e-05	6.09222487208e-06	1.28
0.0276571972099	0.000938012764031	6.31451819814e-05	0.000960399170094	6.28989042434e-05	2.23864060626e-05	5.57152155517e-06	1.296
0.02799862926	0.000741250541901	5.61667975168e-05	0.000760677097916	5.58830510693e-05	1.9426556015e-05	5.63859437108e-06	1.312
0.0283400607643	0.000622900992208	5.11866936263e-05	0.000636865263615	5.10235901181e-05	1.39642714068e-05	4.08299594169e-06	1.328
0.0286814917161	0.000542086734191	4.78699563381e-05	0.000557723138984	4.76534132054e-05	1.56364047928e-05	4.54806878697e-06	1.344
0.0290229221087	0.000449276916832	4.3725473447e-05	0.000465538023321	4.34810691756e-05	1.62611064889e-05	4.6166710427e-06	1.36
0.0293643519355	0.000377152415355	4.00276129048e-05	0.000392006548555	3.98237219099e-05	1.48541331993e-05	4.03496816601e-06	1.376
0.0297057811899	0.000345476539115	3.82031998224e-05	0.000358804397879	3.80174369602e-05	1.33278587641e-05	3.76283983766e-06	1.392
0.0300472098651	0.000305547360366	3.61715029654e-05	0.000319884366578	3.58224942701e-05	1.43370062119e-05	5.01263713425e-06	1.408
0.0303886379545	0.000280131006576	3.45094482994e-05	0.000293189170501	3.42056089936e-05	1.30581639256e-05	4.56928170525e-06	1.424
0.0307300654515	0.000264582720807	3.37264344367e-05	0.000280680735011	3.33795749668e-05	1.60980142044e-05	4.82455747688e-06	1.44
0.0310714923494	0.0002657433668	3.3553068701e-05	0.00028075389717	3.33067015976e-05	1.50105303704e-05	4.0585770833e-06	1.456
0.0314129186415	0.000316988898022	3.58741331985e-05	0.000324988307884	3.57591580227e-05	7.9994098619e-06	2.8698519563e-06	1.472
0.0317543443212	0.000343956519536	3.73734546858e-05	0.000353941497582	3.72371305356e-05	9.98497804622e-06	3.18923574325e-06	1.488
0.0320957693819	0.000378198785866	3.93093696699e-05	0.000391255049486	3.90762954268e-05	1.30562636197e-05	4.27430457076e-06	1.504
0.0324371938168	0.000427194869528	4.19048658385e-05	0.000443962833061	4.15680215387e-05	1.67679635326e-05	5.30258109773e-06	1.52
0.0327786176193	0.000468799881941	4.38254471133e-05	0.000486365241099	4.34440965413e-05	1.75653591585e-05	5.7689072094e-06	1.536
0.0331200407828	0.00050785764018	4.49920519099e-05	0.000520514590428	4.48578926689e-05	1.26569502483e-05	3.47191595012e-06	1.552
0.0334614633007	0.000595911731794	4.87055330757e-05	0.000610885825108	4.85164993678e-05	1.49740933141e-05	4.28698510366e-06	1.568
0.0338028851661	0.000672815856706	5.16716624761e-05	0.000689111485373	5.14389554373e-05	1.62956286672e-05	4.89842490566e-06	1.584
0.0341443063726	0.000634834575519	4.9980809803e-05	0.000648716061492	4.98039085334e-05	1.38814859731e-05	4.20143348881e-06	1.6
0.0344857269134	0.000639644281669	5.01457262608e-05	0.000654979392312	4.99666701539e-05	1.53351106432e-05	4.23387953903e-06	1.616
0.0348271467819	0.000707192709309	5.25449244832e-05	0.000722368347415	5.23719460209e-05	1.5175638106e-05	4.26008907467e-06	1.632
0.0351685659714	0.000743924646768	5.37217533796e-05	0.00075859311289	5.35442069714e-05	1.46684661222e-05	4.3640217672e-06	1.648
0.0355099844753	0.000761040179074	5.40630720887e-05	0.000772298612597	5.39278855323e-05	1.12584335237e-05	3.82085405167e-06	1.664
0.0358514022869	0.000805541593124	5.52212234817e-05	0.000811008489455	5.51719835164e-05	5.46689633086e-06	2.33147114027e-06	1.68
0.0361928193995	0.00077182211968	5.41949098315e-05	0.00078204002237	5.40855549355e-05	1.02179026902e-05	3.44107526234e-06	1.696
0.0365342358066	0.000695529212672	5.15314143716e-05	0.000708658740037	5.13797425798e-05	1.31295273657e-05	3.95078721011e-06	1.712
0.0368756515014	0.000704838427088	5.15732120937e-05	0.000714554877008	5.14792330129e-05	9.7164499204e-06	3.11203696459e-06	1.728
0.0372170664773	0.000702259979565	5.13217997127e-05	0.00071110502093	5.12509704375e-05	8.84504136524e-06	2.69539514125e-06	1.744
0.0375584807276	0.000632600131554	4.87643003094e-05	0.00064351434678	4.86525545047e-05	1.09142152258e-05	3.29938249238e-06	1.76
0.0378998942457	0.00057932690441	4.66915730637e-05	0.000591541282185	4.65497808474e-05	1.2214377775e-05	3.63605531107e-06	1.776
0.038241307025	0.000585845641662	4.66963744353e-05	0.00059496274171	4.66123239637e-05	9.11710004878e-06	2.80047140854e-06	1.792
0.0385827190587	0.00055896206588	4.54818396283e-05	0.000566713153303	4.54130699029e-05	7.75108742311e-06	2.50016358981e-06	1.808
0.0389241303402	0.000497544681736	4.2842534508e-05	0.000504678740251	4.2783232043e-05	7.1340585151e-06	2.25340165781e-06	1.824
0.0392655408628	0.000423139650848	3.95677888462e-05	0.000431139349467	3.94847642625e-05	7.99969861861e-06	2.56189486837e-06	1.84
0.03960695062	0.00033435221143	3.53506746173e-05	0.000344303866787	3.52302327226e-05	9.95165535644e-06	2.91562998509e-06	1.856
0.039948359605	0.000277561016175	3.22907354435e-05	0.000287555592591	3.21460820634e-05	9.99457641647e-06	3.05303184614e-06	1.872
0.0402897678112	0.000250288390824	3.06634602283e-05	0.000260273140764	3.05133291285e-05	9.98474994009e-06	3.03060038142e-06	1.888
0.0406311752319	0.000218295453285	2.87243616426e-05	0.000228406418909	2.85335565985e-05	1.01109656239e-05	3.30531384565e-06	1.904
0.0409725818605	0.000170914368828	2.58862624127e-05	0.000184533706303	2.56072588889e-05	1.36193374748e-05	3.79036593146e-06	1.92
0.0413139876903	0.000123678003931	2.26312358619e-05	0.000139614248854	2.22271371591e-05	1.59362449225e-05	4.25760617582e-06	1.936
0.0416553927147	8.37506578433e-05	1.87917446454e-05	9.64617815148e-05	1.84444682079e-05	1.27111236715e-05	3.59600602725e-06	1.952
0.0419967969269	6.91608803102e-05	1.74181507201e-05	8.15237004113e-05	1.69246362567e-05	1.23628201011e-05	4.1168752819e-06	1.968
0.0423382003205	6.50031577754e-05	1.68343569018e-05	7.70555664369e-05	1.64270083663e-05	1.20524086615e-05	3.68089234176e-06	1.984
0.0426796028886	4.8935312609e-05	1.4409101921e-05	5.75442112503e-05	1.41682989879e-05	8.60889864128e-06	2.62326551435e-06	2.0
0.0430210046247	5.14244149627e-05	1.45173403556e-05	5.90420683648e-05	1.43238525436e-05	7.61765340207e-06	2.36229111439e-06	2.016
0.043362405522	6.39481077038e-05	1.62448497122e-05	7.31238447084e-05	1.59108910726e-05	9.17573700462e-06	3.27699365968e-06	2.032
0.043703805574	8.3159360221e-05	1.84287246797e-05	9.4832988803e-05	1.8082775438e-05	1.1673628582e-05	3.55402951297e-06	2.048
0.0440452047739	0.000102898107575	2.01892242766e-05	0.000114980227875	1.98727498618e-05	1.20821202998e-05	3.5607007487e-06	2.064
0.0443866031152	0.000125373041631	2.18232074734e-05	0.000136091775289	2.1584278924e-05	1.07187336576e-05	3.22044837824e-06	2.08
0.0447280005911	0.000148484187607	2.33781894486e-05	0.000158015885609	2.32077248556e-05	9.5316980023e-06	2.81802216458e-06	2.096
0.045069397195	0.00017895542438	2.52759819398e-05	0.000186340986231	2.5144288796e-05	7.38556185137e-06	2.57682051503e-06	2.112
0.0454107929203	0.000228949226683	2.83407711884e-05	0.000235910512586	2.82450141446e-05	6.96128590327e-06	2.32776449137e-06	2.128
0.0457521877603	0.000275466066871	3.11411480387e-05	0.000284571546912	3.09751427955e-05	9.10548004066e-06	3.21117267751e-06	2.144
0.0460935817083	0.000292873848836	3.21972760389e-05	0.000304850983897	3.20120946581e-05	1.19771350608e-05	3.44824301963e-06	2.16
0.0464349747577	0.000330348843977	3.41644035472e-05	0.000344516169846	3.39760454458e-05	1.41673258686e-05	3.58256969188e-06	2.176
0.0467763669018	0.000379742432859	3.63590510368e-05	0.000392158582858	3.61910698501e-05	1.24161499999e-05	3.4909963329e-06	2.192
0.047117758134	0.000394423074233	3.68563145729e-05	0.000404430567938	3.67037177644e-05	1.00074937045e-05	3.35037701816e-06	2.208
0.0474591484476	0.000414103572466	3.76715366395e-05	0.000424228114195	3.75379816705e-05	1.01245417298e-05	3.16932246531e-06	2.224
0.0478005378359	0.000407439058796	3.73567111692e-05	0.000417522100977	3.71888862206e-05	1.00830421807e-05	3.53703421621e-06	2.24
0.0481419262924	0.000437103500872	3.85136684412e-05	0.000447210508895	3.84189981162e-05	1.01070080226e-05	2.69874795948e-06	2.256
0.0484833138103	0.000498755668395	4.09368530167e-05	0.000507865876755	4.08584321042e-05	9.11020835919e-06	2.53267860063e-06	2.272
0.048824700383	0.000539199806783	4.24490545152e-05	0.000547994507285	4.23650664219e-05	8.79470050242e-06	2.66896539907e-06	2.288
0.0491660860039	0.000554240377706	4.3012323248e-05	0.000565015008651	4.29279775918e-05	1.07746309454e-05	2.69233933016e-06	2.304
0.0495074706662	0.000532041524971	4.2169142119e-05	0.000543723936555	4.20272025567e-05	1.16824115841e-05	3.45699180118e-06	2.32
0.0498488543633	0.000515192028593	4.13945648195e-05	0.000526111699702	4.12708798829e-05	1.09196711096e-05	3.19757256091e-06	2.336
0.0501902370887	0.000465119862624	3.91421835081e-05	0.000472837622067	3.90659308612e-05	7.71775944306e-06	2.44204335191e-06	2.352
0.0505316188355	0.000439429461255	3.7884988934e-05	0.000444779532959	3.78247398924e-05	5.35007170452e-06	2.13575246734e-06	2.368
0.0508729995972	0.000464181105766	3.902257039e-05	0.000472930789304	3.89343653875e-05	8.74968353857e-06	2.62224936261e-06	2.384
0.0512143793671	0.000445221908738	3.84200690304e-05	0.000458101622287	3.82622466773e-05	1.28797135491e-05	3.47881926972e-06	2.4
0.0515557581386	0.000366783279909	3.50991714981e-05	0.000381811359783	3.48796386788e-05	1.50280798736e-05	3.91952107907e-06	2.416
0.0518971359049	0.000301388436242	3.16989486062e-05	0.000313061409922	3.15401847642e-05	1.16729736804e-05	3.16860975508e-06	2.432
0.0522385126595	0.000293713846011	3.13160556209e-05	0.000305000598353	3.10953597349e-05	1.12867523419e-05	3.71132625974e-06	2.448
0.0525798883956	0.000303046527647	3.17452229554e-05	0.000313586466119	3.1488103636e-05	1.05399384711e-05	4.03218425897e-06	2.464
0.0529212631067	0.000279686990963	3.00372943595e-05	0.000284940167376	2.99625635802e-05	5.25317641284e-06	2.11750705912e-06	2.48
0.0532626367861	0.000240864678547	2.78300639252e-05	0.000245175413178	2.77363027188e-05	4.31073463134e-06	2.28253577629e-06	2.496
0.0536040094271	0.000189505244755	2.4767840133e-05	0.000194864182647	2.46879963773e-05	5.35893789132e-06	1.98714360954e-06	2.512
0.053945381023	0.000145331237951	2.20069272156e-05	0.000152913195916	2.18378304135e-05	7.58195796441e-06	2.72286766147e-06	2.528
0.0542867515673	0.00013728117244	2.15027805369e-05	0.000146512476505	2.1338873762e-05	9.23130406492e-06	2.64991271308e-06	2.544
0.0546281210532	0.000112803565774	1.95753080541e-05	0.00012122032585	1.93845226771e-05	8.41676007573e-06	2.72634663899e-06	2.56
0.0549694894741	8.70942681032e-05	1.76602987047e-05	9.78586067241e-05	1.73893246529e-05	1.07643386209e-05	3.08180766053e-06	2.576
0.0553108568234	9.7871704432e-05	1.89756684534e-05	0.00011173219882	1.85429646137e-05	1.3860494388e-05	4.02920049003e-06	2.592
0.0556522230943	0.000126110588773	2.08008472608e-05	0.000137961312668	2.05673261998e-05	1.18507238952e-05	3.10810871099e-06	2.608
0.0559935882802	0.000134700535202	2.12913605354e-05	0.000145331060401	2.10743929524e-05	1.06305251998e-05	3.03183032832e-06	2.624
0.0563349523746	0.000125742528064	2.0502122917e-05	0.000135350108436	2.03101527062e-05	9.60758037191e-06	2.7990607632e-06	2.64
0.0566763153706	0.000143010895311	2.18367880793e-05	0.000152908838511	2.15583392174e-05	9.89794320017e-06	3.4761075661e-06	2.656
0.0570176772618	0.000175430575899	2.40181838849e-05	0.00018668652567	2.3780985746e-05	1.12559497715e-05	3.36717597962e-06	2.672
0.0573590380413	0.00020244642687	2.54250331964e-05	0.000211715124186	2.52695570713e-05	9.26869731553e-06	2.80745408857e-06	2.688
0.0577003977026	0.000232378301748	2.69564943462e-05	0.000239997840764	2.68510002962e-05	7.61953901575e-06	2.38251349008e-06	2.704
0.058041756239	0.000259293186111	2.86840432103e-05	0.000271173800983	2.85000810469e-05	1.18806148716e-05	3.24341104586e-06	2.72
0.0583831136438	0.000275910792401	2.94883013125e-05	0.000287799049672	2.93227778143e-05	1.18882572707e-05	3.12003454301e-06	2.736
0.0587244699105	0.000304409625832	3.06586288555e-05	0.000313083025944	3.05426483595e-05	8.67340011158e-06	2.66423619302e-06	2.752
0.0590658250322	0.000331572393422	3.19862855345e-05	0.000341770680085	3.1870511119e-05	1.01982866629e-05	2.7190041023e-06	2.768
0.0594071790025	0.00034430630361	3.25957301208e-05	0.000355389483729	3.24499686982e-05	1.10831801196e-05	3.07914819328e-06	2.784
0.0597485318146	0.000400253721167	3.48252713381e-05	0.000408546145074	3.47233215386e-05	8.29242390736e-06	2.66279272548e-06	2.8
0.0600898834618	0.000461251769598	3.71722784297e-05	0.00046796926091	3.71031492328e-05	6.71749131192e-06	2.26596572424e-06	2.816
0.0604312339376	0.000428502048386	3.6012545559e-05	0.000439434010587	3.58988958424e-05	1.09319622009e-05	2.85879606461e-06	2.832
0.0607725832352	0.00043939326517	3.65046466083e-05	0.000451998796666	3.6353477463e-05	1.26055314955e-05	3.31871968485e-06	2.848
0.061113931348	0.000531666394535	3.97025006035e-05	0.000538891807806	3.96359886656e-05	7.22541327087e-06	2.29716274394e-06	2.864
0.0614552782694	0.000538045222335	4.00134803781e-05	0.000547944710249	3.99174457888e-05	9.89948791464e-06	2.77058363403e-06	2.88
0.0617966239927	0.000547895976016	4.08632601196e-05	0.000567812579878	4.05894163327e-05	1.99166038622e-05	4.72284970846e-06	2.896
0.0621379685112	0.000598007254071	4.24565289006e-05	0.000616281280622	4.22327440242e-05	1.82740265507e-05	4.35340998194e-06	2.912
0.0624793118183	0.000629468559213	4.31751238158e-05	0.000642267030047	4.30611691977e-05	1.27984708345e-05	3.13480842179e-06	2.928
0.0628206539074	0.000629635505769	4.30450223221e-05	0.000640648677316	4.29512445818e-05	1.10131715472e-05	2.83981259665e-06	2.944
0.0631619947717	0.000613285682371	4.24485030045e-05	0.000624077222213	4.2327628352e-05	1.0791539842e-05	3.20113814414e-06	2.96
0.0635033344047	0.000623489009277	4.28443254038e-05	0.000635793722852	4.26568817491e-05	1.23047135742e-05	4.00333095669e-06	2.976
0.0638446727996	0.000665175784401	4.40068005822e-05	0.000675574224854	4.38907147807e-05	1.03984404535e-05	3.19431581375e-06	2.992
0.0641860099498	0.000692865208314	4.46718555795e-05	0.000700021423207	4.46065258419e-05	7.15621489398e-06	2.41506381493e-06	3.008
0.0645273458487	0.000666181075781	4.37156576024e-05	0.00067290989977	4.36724900807e-05	6.72882398944e-06	1.94224863418e-06	3.024
0.0648686804896	0.000648996402721	4.3148048228e-05	0.000656776232733	4.30902787477e-05	7.77983001227e-06	2.23202673281e-06	3.04
0.0652100138659	0.00062482243071	4.24493243963e-05	0.000635644786029	4.23434521705e-05	1.08223553198e-05	2.99619758878e-06	3.056
0.0655513459708	0.000564135402408	4.05284038326e-05	0.000578832762498	4.03616119227e-05	1.46973600902e-05	3.67311859597e-06	3.072
0.0658926767978	0.000515799805737	3.88224146191e-05	0.000531117946986	3.86105970158e-05	1.5318141249e-05	4.04989813967e-06	3.088
0.0662340063402	0.000500686612987	3.81540643049e-05	0.000514135922472	3.79314849368e-05	1.34493094857e-05	4.1152245956e-06	3.104
0.0665753345913	0.000517538207498	3.84437380115e-05	0.000526654821013	3.83305754436e-05	9.11661351516e-06	2.94753769431e-06	3.12
0.0669166615445	0.000513411859767	3.81362438824e-05	0.000521032146477	3.80598323323e-05	7.62028671057e-06	2.41293603123e-06	3.136
0.0672579871931	0.000454220432961	3.59607478242e-05	0.000463142274912	3.5828877923e-05	8.92184195051e-06	3.07683130082e-06	3.152
0.0675993115305	0.000411901184211	3.42767997061e-05	0.000422180842835	3.41589148205e-05	1.02796586239e-05	2.84034089167e-06	3.168
0.06794063455	0.000423144990268	3.46713447194e-05	0.000433519512018	3.45551436445e-05	1.03745217502e-05	2.83622854589e-06	3.184
0.068281956245	0.000385611563812	3.29884965851e-05	0.000394114129514	3.28978046537e-05	8.50256570264e-06	2.44445411431e-06	3.2
0.0686232766088	0.000327382273621	3.0344035807e-05	0.000334203089454	3.02580735446e-05	6.82081583264e-06	2.28243169057e-06	3.216
0.0689645956347	0.000341213376208	3.08963263467e-05	0.000347808753824	3.0822768963e-05	6.59537761597e-06	2.13070297658e-06	3.232
0.0693059133162	0.000326195243271	3.02690813896e-05	0.000334233185424	3.01756364551e-05	8.03794215398e-06	2.37660528926e-06	3.248
0.0696472296464	0.000287331370073	2.839147968e-05	0.00029441981045	2.82937938393e-05	7.08844037689e-06	2.35315715494e-06	3.264
0.0699885446189	0.00027376374704	2.77381821866e-05	0.000281695863715	2.764912339e-05	7.93211667532e-06	2.22097428609e-06	3.28
0.0703298582269	0.000256306319574	2.70711494408e-05	0.000267843749793	2.69283398618e-05	1.15374302196e-05	2.77698475565e-06	3.296
0.0706711704638	0.000219485365466	2.51438231786e-05	0.000231282693766	2.49869146763e-05	1.17973282993e-05	2.80462813846e-06	3.312
0.0710124813229	0.000179715695294	2.26156816245e-05	0.000188240044884	2.25069431669e-05	8.52434958952e-06	2.21507666248e-06	3.328
0.0713537907976	0.00016955788875	2.17341241895e-05	0.000174944597337	2.1669263196e-05	5.38670858623e-06	1.6778518498e-06	3.344
0.0716950988812	0.000173158377348	2.18651946505e-05	0.000177325714842	2.17897926171e-05	4.16733749357e-06	1.81429733213e-06	3.36
0.0720364055671	0.000160935327996	2.11166281031e-05	0.000165541805061	2.10251822252e-05	4.60647706485e-06	1.96308299411e-06	3.376
0.0723777108486	0.000132161225091	1.92976347846e-05	0.00013866946285	1.92116631464e-05	6.50823775896e-06	1.81953494912e-06	3.392
0.0727190147191	0.00012654008701	1.92431235859e-05	0.000136204203271	1.90140034212e-05	9.66411626055e-06	2.96065520472e-06	3.408
0.0730603171718	0.000133681110841	1.94732341844e-05	0.00014073589927	1.93090334534e-05	7.05478842927e-06	2.52350484299e-06	3.424
0.0734016182002	0.000136186771483	1.94152577244e-05	0.000141453363611	1.9324831436e-05	5.26659212795e-06	1.8716630237e-06	3.44
0.0737429177977	0.00013574537033	1.94450107009e-05	0.000141958447633	1.93226105444e-05	6.21307730261e-06	2.17833948399e-06	3.456
0.0740842159574	0.000143660210204	1.98802005054e-05	0.000149049266244	1.97731982074e-05	5.38905604019e-06	2.05985552559e-06	3.472
0.0744255126729	0.000140090137245	1.98152946246e-05	0.000147291853995	1.96339343784e-05	7.20171675092e-06	2.6747938024e-06	3.488
0.0747668079373	0.000115802454821	1.81963223979e-05	0.000124623020908	1.80375277684e-05	8.82056608681e-06	2.39869564848e-06	3.504
0.0751081017442	0.000113244630546	1.78844383406e-05	0.000121157267409	1.77549693372e-05	7.91263686331e-06	2.14806857277e-06	3.52
0.0754493940868	0.000114027307731	1.79924249146e-05	0.000122085565638	1.7801969659e-05	8.05825790711e-06	2.61098268264e-06	3.536
0.0757906849585	0.000105312402068	1.73907391648e-05	0.000113570513505	1.71506592726e-05	8.25811143695e-06	2.87970401479e-06	3.552
0.0761319743525	9.96138268162e-05	1.67973229592e-05	0.000106904255298	1.66241387484e-05	7.2904284817e-06	2.40584069922e-06	3.568
0.0764732622624	9.26721001659e-05	1.61841085197e-05	9.97470992054e-05	1.60357061038e-05	7.07499903951e-06	2.18666374381e-06	3.584
0.0768145486814	8.02259944737e-05	1.49553013266e-05	8.58077013767e-05	1.48463478795e-05	5.58170690302e-06	1.80194128906e-06	3.6
0.0771558336028	7.0484736564e-05	1.41647767389e-05	7.64180276589e-05	1.39932241711e-05	5.93329109489e-06	2.19785744761e-06	3.616
0.07749711702	7.55210159605e-05	1.45924625639e-05	8.15160449549e-05	1.4434274553e-05	5.99502899435e-06	2.14282099305e-06	3.632
0.0778383989264	9.06254667762e-05	1.57205680965e-05	9.57861664272e-05	1.56270913464e-05	5.16069965097e-06	1.7118052831e-06	3.648
0.0781796793153	9.56797426124e-05	1.63482578934e-05	0.000103035412517	1.61847736775e-05	7.35566990487e-06	2.30621706655e-06	3.664
0.0785209581801	9.26142742395e-05	1.61722684629e-05	0.000101026723189	1.60059814645e-05	8.41244894909e-06	2.31318494552e-06	3.68
0.078862235514	7.66016402152e-05	1.47683041148e-05	8.39800829367e-05	1.45762340132e-05	7.37844272156e-06	2.37407001186e-06	3.696
0.0792035113105	6.90484734822e-05	1.41191051243e-05	7.69157852111e-05	1.39316159854e-05	7.86731172886e-06	2.2932957826e-06	3.712
0.0795447855628	7.60299792378e-05	1.51642989655e-05	8.7085828288e-05	1.48126979157e-05	1.10558490502e-05	3.2465279257e-06	3.728
0.0798860582644	6.59711643372e-05	1.41869265132e-05	7.67017746856e-05	1.38830368676e-05	1.07306103484e-05	2.9206456862e-06	3.744
0.0802273294086	5.82482159402e-05	1.27947593928e-05	6.4046271587e-05	1.2669407487e-05	5.79805564686e-06	1.78661183531e-06	3.76
0.0805685989887	5.98857924646e-05	1.27453976843e-05	6.39459505034e-05	1.26429957301e-05	4.06015803881e-06	1.61239607412e-06	3.776
0.0809098669981	5.74895377348e-05	1.24486011998e-05	6.13121513324e-05	1.23596745589e-05	3.82261359758e-06	1.48530018168e-06	3.792
0.0812511334301	5.82911738501e-05	1.25338507773e-05	6.23768246588e-05	1.24596823123e-05	4.08565080866e-06	1.36151826456e-06	3.808
0.081592398278	6.20672914083e-05	1.31067941629e-05	6.76005710597e-05	1.29521450402e-05	5.53327965138e-06	2.00748401876e-06	3.824
0.0819336615353	6.55747183975e-05	1.33477693209e-05	7.07107438481e-05	1.32246210686e-05	5.13602545059e-06	1.80896197754e-06	3.84
0.0822749231953	5.96599478432e-05	1.31046121495e-05	6.68371124055e-05	1.28400368285e-05	7.1771645623e-06	2.61998355534e-06	3.856
0.0826161832512	4.66343092353e-05	1.22097364305e-05	5.63455325195e-05	1.177572924e-05	9.71122328421e-06	3.22643217322e-06	3.872
0.0829574416965	4.32152684841e-05	1.12596718484e-05	4.98391497932e-05	1.10574048138e-05	6.62388130911e-06	2.12461971114e-06	3.888
0.0832986985245	4.38637279729e-05	1.12168472551e-05	5.00102824593e-05	1.10673026759e-05	6.14655448637e-06	1.82550645685e-06	3.904
0.0836399537286	4.10889883073e-05	1.11813616411e-05	4.87634592925e-05	1.09172782548e-05	7.67447098522e-06	2.41575736705e-06	3.92
0.083981207302	3.42488322665e-05	1.01725080447e-05	4.08951014876e-05	9.98601956433e-06	6.64626922106e-06	1.9388999923e-06	3.936
0.0843224592382	4.02637369447e-05	1.06695572777e-05	4.56604586565e-05	1.05383651788e-05	5.39672171183e-06	1.66802633687e-06	3.952
0.0846637095305	3.73848674314e-05	1.09592467969e-05	4.66579889315e-05	1.06365070005e-05	9.27312150013e-06	2.64003961788e-06	3.968
0.0850049581722	3.13653754467e-05	1.07143848536e-05	4.31230039378e-05	1.02196256876e-05	1.17576284911e-05	3.21827494109e-06	3.984
0.0853462051567	3.87070940308e-05	1.0969029207e-05	4.72145615589e-05	1.06808717329e-05	8.50746752806e-06	2.4977151101e-06	4.0
0.0856874504773	4.871388764e-05	1.18295353144e-05	5.60589504303e-05	1.16251154902e-05	7.34506279029e-06	2.18965650164e-06	4.016
0.0860286941275	5.07915636937e-05	1.2088326043e-05	5.80400067079e-05	1.18162870889e-05	7.24844301421e-06	2.55009528332e-06	4.032
0.0863699361004	5.34380409064e-05	1.22326270005e-05	6.0395508286e-05	1.20287717524e-05	6.95746737956e-06	2.22391849245e-06	4.048
0.0867111763895	5.15680437484e-05	1.23956270312e-05	6.11753583717e-05	1.20832095151e-05	9.60731462331e-06	2.76543257242e-06	4.064
0.0870524149881	3.99333478107e-05	1.14460515909e-05	5.11178467908e-05	1.10326956989e-05	1.118449898e-05	3.04823270723e-06	4.08
0.0873936518896	4.27019790974e-05	1.15063499854e-05	5.29699513737e-05	1.12203579758e-05	1.02679722763e-05	2.549442465e-06	4.096
0.0877348870874	4.85892840498e-05	1.19952239944e-05	5.7992583532e-05	1.17265562231e-05	9.40329948221e-06	2.52453516978e-06	4.112
0.0880761205746	4.64360093514e-05	1.16730327648e-05	5.4968120418e-05	1.1401842248e-05	8.53211106656e-06	2.5015369836e-06	4.128
0.0884173523448	3.90477855351e-05	1.08770213933e-05	4.77769982809e-05	1.06172815358e-05	8.72921274584e-06	2.36282186792e-06	4.144
0.0887585823913	3.83063818698e-05	1.05988479862e-05	4.56779456991e-05	1.036808434e-05	7.37156382933e-06	2.19963764113e-06	4.16
0.0890998107073	3.89196406078e-05	1.03623442882e-05	4.44917146785e-05	1.02142491727e-05	5.57207407067e-06	1.74564973153e-06	4.176
0.0894410372864	3.18017324943e-05	9.52080265343e-06	3.74972474556e-05	9.36575430349e-06	5.69551496126e-06	1.71123624675e-06	4.192
0.0897822621217	2.6247474664e-05	8.93545244631e-06	3.25141354341e-05	8.7141145078e-06	6.26666077009e-06	1.97649152927e-06	4.208
0.0901234852066	2.80232557784e-05	9.25930158185e-06	3.4890150918e-05	9.0167097561e-06	6.8668951396e-06	2.10561415219e-06	4.224
0.0904647065346	3.60778664949e-05	1.03013480804e-05	4.37469000051e-05	1.00911522756e-05	7.66903351019e-06	2.07036664024e-06	4.24
0.0908059260989	3.61821723844e-05	1.09827480641e-05	4.74256370006e-05	1.04942698292e-05	1.12434646162e-05	3.23898993373e-06	4.256
0.0911471438929	3.47437425922e-05	1.0748436695e-05	4.55193014995e-05	1.0262545178e-05	1.07755589073e-05	3.19516163209e-06	4.272
0.0914883599099	4.48892031132e-05	1.10385707634e-05	5.12531520296e-05	1.08727184159e-05	6.36394891641e-06	1.90631549003e-06	4.288
0.0918295741433	4.22443957377e-05	1.12412659352e-05	5.16194199885e-05	1.09011413887e-05	9.3750242508e-06	2.74429886296e-06	4.304
0.0921707865865	3.82954168331e-05	1.07786608221e-05	4.75883917625e-05	1.04533396343e-05	9.29297492941e-06	2.62815897695e-06	4.32
0.0925119972327	3.28651193566e-05	9.59577299049e-06	3.86472692306e-05	9.40660631031e-06	5.78214987407e-06	1.89594752241e-06	4.336
0.0928532060754	3.09326325153e-05	9.3068417368e-06	3.63528277566e-05	9.11378864781e-06	5.42019524137e-06	1.88577824702e-06	4.352
0.0931944131078	3.60006221761e-05	1.00302955829e-05	4.23166791206e-05	9.81790693042e-06	6.31605694455e-06	2.05317631628e-06	4.368
0.0935356183234	3.38025281901e-05	9.70340962547e-06	3.98474384536e-05	9.5125779409e-06	6.04491026352e-06	1.91494628593e-06	4.384
0.0938768217155	3.96816551185e-05	1.02181241517e-05	4.46778945652e-05	1.00606265185e-05	4.99623944666e-06	1.78713604286e-06	4.4
0.0942180232773	3.81759549968e-05	1.01745062473e-05	4.39515793506e-05	9.96994727474e-06	5.77562435376e-06	2.02995781118e-06	4.416
0.0945592230024	2.3812540537e-05	8.65472777855e-06	3.1016124988e-05	8.3625375673e-06	7.20358445098e-06	2.22986061366e-06	4.432
0.0949004208839	2.56338920395e-05	8.91538445871e-06	3.30861011811e-05	8.62640926556e-06	7.45220914158e-06	2.25147578929e-06	4.448
0.0952416169154	3.41384884302e-05	9.54832194604e-06	3.94507895101e-05	9.4156804314e-06	5.31230107984e-06	1.58600567434e-06	4.464
0.09558281109	3.22620896205e-05	9.25306516812e-06	3.69150345638e-05	9.10046332816e-06	4.65294494336e-06	1.67355376914e-06	4.48
0.0959240034012	3.17937683466e-05	9.4486350747e-06	3.7995429723e-05	9.21989706915e-06	6.20166137641e-06	2.06644690451e-06	4.496
0.0962651938423	3.27501921453e-05	1.0038492308e-05	4.18569164733e-05	9.65868555284e-06	9.10672432797e-06	2.73516383588e-06	4.512
0.0966063824067	3.03993318995e-05	9.68482638586e-06	3.91583828737e-05	9.33246611447e-06	8.75905097419e-06	2.58861707219e-06	4.528
0.0969475690877	3.12715619767e-05	9.50189287071e-06	3.8396987439e-05	9.23850049342e-06	7.12542546229e-06	2.22172832714e-06	4.544
0.0972887538787	3.61819532542e-05	9.80800872575e-06	4.14851502008e-05	9.58692935928e-06	5.30319694665e-06	2.07070534471e-06	4.56
0.0976299367729	3.78662379754e-05	9.65371346225e-06	4.1215738224e-05	9.54476403391e-06	3.34950024857e-06	1.44625832694e-06	4.576
0.0979711177638	4.2724402616e-05	1.0527958237e-05	4.85318652411e-05	1.03524137135e-05	5.80746262507e-06	1.91453256561e-06	4.592
0.0983122968447	3.89186549213e-05	1.02442803247e-05	4.53635973726e-05	9.9985102799e-06	6.44494245131e-06	2.23048684252e-06	4.608
0.098653474009	3.74974659712e-05	9.76071701125e-06	4.19177624255e-05	9.60586272292e-06	4.42029645427e-06	1.73176150849e-06	4.624
0.09899464925	3.26687160319e-05	8.83602043395e-06	3.49375163272e-05	8.76294012571e-06	2.26880029536e-06	1.13408000704e-06	4.64
0.099335822561	1.05170420464e-05	4.9163953827e-06	1.09590928334e-05	4.90272126587e-06	4.42050787055e-07	3.66425637989e-07	4.656
