#Executed at: 2019-01-17 18:59:04.717867
#Loaded File	 = ../data/DD205_10_ZFCW_100OE.DAT
#Magnetic Moment	 = 23130
#Volume Particle	 = 7.200486626101367e-25
#Ms Raw	 = 0.0836
#Ms Calculated	 = 297.90743639970236
#Rescale Factor	 = 3563.486081336153
#[[Data]]
#B/T	M/kAm-1	sM/kAm-1	M_raw/memu	sM_raw/memu
10.0024567000	-0.6906388238	0.9213326282	-0.0001938099	0.0002585481
10.0048189000	0.0091466313	1.0394942681	0.0000025668	0.0002917071
10.5145416000	-1.1557431630	1.1829562596	-0.0003243294	0.0003319660
11.0274296000	0.3415903643	1.1817254463	0.0000958585	0.0003316206
11.5383778000	0.7039342858	0.9423224034	0.0001975409	0.0002644384
12.0320168000	0.4183419645	0.9983323470	0.0001173968	0.0002801561
12.5034971000	-0.3282436435	1.0306639461	-0.0000921131	0.0002892291
13.0250130000	-0.3266238080	1.0394936930	-0.0000916585	0.0002917070
13.5407267000	-0.7253038356	0.9721530735	-0.0002035377	0.0002728096
14.0229759000	-0.4552098125	0.9852944463	-0.0001277428	0.0002764973
14.5321617000	0.1132583672	1.0603605336	0.0000317830	0.0002975627
15.0337048000	0.9446304718	1.0563009064	0.0002650861	0.0002964235
15.5173388000	0.6586414713	0.8756243488	0.0001848307	0.0002457213
16.0468826000	0.6124967259	0.9534373929	0.0001718813	0.0002675575
16.5221424000	-0.6873869709	1.1775943262	-0.0001928973	0.0003304613
17.0194263000	-0.9484563938	0.9403229157	-0.0002661597	0.0002638773
17.5175409500	-0.9604583126	1.2140549656	-0.0002695277	0.0003406931
18.0090894500	0.8336941797	1.0162644731	0.0002339547	0.0002851883
18.5169201000	-1.0343925064	0.9893547750	-0.0002902754	0.0002776368
19.0565414000	-0.0231525758	1.1688774641	-0.0000064972	0.0003280152
19.5352135000	-0.4995309540	0.8850907699	-0.0001401804	0.0002483778
20.7009716000	0.1947528490	1.2310355574	0.0000546523	0.0003454582
21.0046930500	0.2101492973	1.0816937428	0.0000589730	0.0003035493
21.5486936500	-0.0109927241	1.0802080360	-0.0000030848	0.0003031324
22.0176563000	1.0498793202	1.0307472105	0.0002946214	0.0002892525
22.5251904000	-0.6211836812	1.0733237924	-0.0001743191	0.0003012005
23.0042991500	0.0073928575	0.9184044588	0.0000020746	0.0002577264
23.5048256000	-0.4139264729	1.0641669434	-0.0001161577	0.0002986309
24.0078268500	-1.0607218896	1.2381657279	-0.0002976641	0.0003474591
24.5148087000	0.1606169245	1.2020584361	0.0000450730	0.0003373265
25.0342312000	-0.6876506560	1.0781858771	-0.0001929713	0.0003025649
25.5047398000	-1.3454862139	1.0175500431	-0.0003775758	0.0002855490
26.0757809000	0.6808611559	1.0894430847	0.0001910660	0.0003057240
26.5171356500	-0.8025695111	1.1754522417	-0.0002252203	0.0003298602
27.0359554000	-0.1575173043	0.8702269396	-0.0000442031	0.0002442066
27.5413951500	0.3727737363	1.0734590278	0.0001046093	0.0003012385
28.0264130000	-0.1768025806	0.9004333533	-0.0000496151	0.0002526833
28.5013943000	0.8538661934	0.7939244991	0.0002396154	0.0002227943
29.0341740000	0.5188532823	0.9399625994	0.0001456027	0.0002637761
29.5654907000	-1.2067111910	1.1910017516	-0.0003386322	0.0003342238
30.0595589000	-0.0210290430	0.9696814404	-0.0000059013	0.0002721160
31.0838947000	-0.1203380139	0.9812605437	-0.0000337697	0.0002753653
31.5197754000	0.8828289493	0.9574678327	0.0002477431	0.0002686885
32.0031166000	0.2014692355	1.0319343486	0.0000565371	0.0002895856
32.5151252500	0.4288098962	1.0980852825	0.0001203344	0.0003081492
33.0200005000	-0.1574796681	1.3102592140	-0.0000441926	0.0003676903
33.5112305000	-0.5952692595	1.0298686053	-0.0001670469	0.0002890059
34.0494843000	0.1049804690	1.1204307583	0.0000294600	0.0003144198
34.5243683000	-0.3252281363	1.1399888581	-0.0000912668	0.0003199083
35.0194550000	-0.7515084121	1.0402041039	-0.0002108914	0.0002919063
35.5433044000	0.3498495879	0.7595561371	0.0000981762	0.0002131497
36.0335388000	0.1163892066	0.9780424120	0.0000326616	0.0002744623
36.5027580000	-0.5847108064	1.0319164712	-0.0001640839	0.0002895806
37.0217399500	0.7999794288	0.8879521786	0.0002244935	0.0002491808
37.5306740000	-0.4371873097	1.2774693158	-0.0001226853	0.0003584887
38.0037842000	-0.3855298980	1.2023636162	-0.0001081890	0.0003374122
38.5004730000	0.8844163590	0.9370935278	0.0002481885	0.0002629710
39.0248680000	1.8269294524	0.9130867824	0.0005126804	0.0002562341
39.5076828000	0.4437646555	1.1929569129	0.0001245310	0.0003347724
40.0406761000	0.4108733455	0.9503582988	0.0001153010	0.0002666934
40.5226364000	0.3317069934	1.0586081890	0.0000930850	0.0002970709
41.4856186000	-0.2065498819	0.9649364102	-0.0000579629	0.0002707844
41.5299835000	0.7529514385	0.9854088328	0.0002112963	0.0002765294
42.0208492000	-0.3133762681	1.1797537925	-0.0000879409	0.0003310673
42.5336723000	-0.8622082454	0.9072838759	-0.0002419564	0.0002546057
43.0127716000	0.1060450914	1.0625607308	0.0000297588	0.0002981801
43.5327530000	-0.9014535671	0.9225791948	-0.0002529696	0.0002588979
44.0186729000	0.3790890706	1.1641566944	0.0001063815	0.0003266904
44.5503807000	-0.2245162059	1.2100394619	-0.0000630047	0.0003395662
45.0003795500	-0.7816071818	0.9343581231	-0.0002193378	0.0002622034
45.5083580000	-0.0708829554	0.9860656884	-0.0000198915	0.0002767138
46.0332222000	0.0599738419	1.0768423307	0.0000168301	0.0003021879
46.5231476000	0.0476935627	1.1175630278	0.0000133840	0.0003136151
47.0010262000	-0.1056360073	1.0073757439	-0.0000296440	0.0002826939
47.5124550000	-0.3402373789	0.9366297075	-0.0000954788	0.0002628408
48.0459557000	-0.0997856472	1.1112603540	-0.0000280023	0.0003118464
48.5209351000	-0.1105938124	1.1737006189	-0.0000310353	0.0003293687
49.0447655000	0.4388106026	1.0194673560	0.0001231408	0.0002860871
49.5284691000	0.3837565727	1.1550038158	0.0001076913	0.0003241219
50.0483627000	0.2234469874	1.1425985130	0.0000627046	0.0003206407
50.5218887000	0.2565589570	1.1683600496	0.0000719966	0.0003278700
51.0176925500	1.2008924343	1.0444164608	0.0003369993	0.0002930884
51.8910332000	-0.4574017747	1.0540355954	-0.0001283580	0.0002957878
52.0538177000	1.0090722834	0.9601389293	0.0002831700	0.0002694381
52.5007229000	0.7291183392	0.9389653823	0.0002046082	0.0002634963
53.0447502000	0.1512545193	0.8933574403	0.0000424457	0.0002506976
53.5141754000	-0.5581119236	1.0217847862	-0.0001566196	0.0002867374
54.0419350000	-0.4512036717	0.9455611228	-0.0001266186	0.0002653472
54.5271263000	0.1438717756	1.1306003568	0.0000403739	0.0003172737
55.0125198000	0.7168263891	1.0885050237	0.0002011587	0.0003054607
55.5073757500	0.2899781862	1.0158884860	0.0000813749	0.0002850828
56.0234070000	0.4881418232	1.0321895797	0.0001369843	0.0002896573
56.5498581000	-0.1480577238	1.0346999497	-0.0000415486	0.0002903617
57.0366592000	-0.6181452385	0.9648604716	-0.0001734664	0.0002707631
57.5142365000	0.4183712845	1.1834858911	0.0001174051	0.0003321146
58.0399170000	-0.4530569750	0.9608833830	-0.0001271387	0.0002696470
58.5176163000	0.7716620246	1.1503953153	0.0002165469	0.0003228286
59.0112075500	0.7298534188	1.0562315639	0.0002048144	0.0002964040
59.5167694000	0.5820781731	0.9544053481	0.0001633452	0.0002678291
60.0488548000	-0.0753277576	1.1271560170	-0.0000211388	0.0003163071
60.5302048000	0.5344343370	1.1646907874	0.0001499751	0.0003268403
61.0248737500	-1.0506836938	1.0837877913	-0.0002948471	0.0003041370
61.5315437000	-0.1969366794	1.1696496644	-0.0000552652	0.0003282319
62.3103523000	0.3525056339	1.0555142326	0.0000989216	0.0002962027
62.5225716000	0.9467043157	1.1482919456	0.0002656680	0.0003222384
63.0113373000	0.7792973446	0.9676315748	0.0002186896	0.0002715407
63.5406418000	0.2492734857	1.1528211975	0.0000699521	0.0003235094
64.0129776000	-0.0227123264	1.1308245370	-0.0000063736	0.0003173366
64.5236091500	0.6485060324	1.0364797926	0.0001819864	0.0002908612
65.0022544500	0.3226569120	1.0709644948	0.0000905453	0.0003005384
65.5077057000	-0.6944162616	1.3386718216	-0.0001948699	0.0003756635
66.0164985500	-0.2640501490	1.1498449763	-0.0000740988	0.0003226742
66.5200348000	0.6940757525	1.0371623879	0.0001947744	0.0002910527
67.0040436000	-0.1198869906	0.9962412490	-0.0000336432	0.0002795693
67.5240860000	-0.2797714761	1.1113063071	-0.0000785106	0.0003118593
68.0110092000	0.7095374992	1.1246047896	0.0001991133	0.0003155912
68.5126076000	-0.5883359303	1.1072903476	-0.0001651012	0.0003107323
69.0422248500	-0.7169193980	1.0773364814	-0.0002011848	0.0003023266
69.5006027000	-0.1497131080	1.2037978081	-0.0000420131	0.0003378147
70.0286179000	-0.3161005939	0.9688386821	-0.0000887054	0.0002718795
70.5032883000	-0.3570147008	1.0072729943	-0.0001001869	0.0002826651
71.0317078000	0.0474275703	0.9944722939	0.0000133093	0.0002790729
71.5099258000	0.4330111086	1.0331125235	0.0001215133	0.0002899163
72.7157593000	0.6197466194	1.0835650937	0.0001739158	0.0003040745
73.0251694000	-0.5125291091	1.0368333790	-0.0001438280	0.0002909604
73.5047226000	-0.1771081554	1.1758248735	-0.0000497008	0.0003299648
74.0423126000	0.0866049459	1.1377197130	0.0000243034	0.0003192715
74.5127869000	-0.3903674094	1.0430264119	-0.0001095465	0.0002926983
75.0450134000	0.3104814056	1.1521052618	0.0000871286	0.0003233085
75.5169601000	-0.7182478951	1.1229882787	-0.0002015577	0.0003151376
76.0400238000	-0.1720859710	0.8470959982	-0.0000482915	0.0002377155
76.5726547000	1.1044378426	1.1775305129	0.0003099319	0.0003304434
77.0484467000	0.4540866543	1.1071874536	0.0001274276	0.0003107035
77.5765381000	0.2251998179	1.0809572672	0.0000631965	0.0003033426
78.0237732000	-0.3566738114	1.0564622049	-0.0001000913	0.0002964687
78.5299606000	0.1473708868	1.1650008155	0.0000413558	0.0003269273
79.0213394000	0.5105699476	1.3448654629	0.0001432782	0.0003774016
79.5007324000	0.2334101476	1.1501396949	0.0000655005	0.0003227569
80.0081558000	-0.1006322292	1.1793478363	-0.0000282398	0.0003309534
80.5213776000	0.4707047948	1.0577270143	0.0001320911	0.0002968237
81.0271988000	0.9233487248	1.0119585914	0.0002591139	0.0002839799
81.5359344000	0.0022613176	1.1473337885	0.0000006346	0.0003219695
82.0493011000	-0.3188865342	1.2168189507	-0.0000894872	0.0003414687
83.1521530000	1.5934140371	1.2023950892	0.0004471503	0.0003374210
83.5412292000	-0.2902399802	0.9066468774	-0.0000814483	0.0002544269
84.0158119000	-0.0377442508	1.0107155492	-0.0000105919	0.0002836311
84.5116882000	0.5151814921	1.0634287338	0.0001445723	0.0002984237
85.0222473000	-0.4645825823	1.1947112116	-0.0001303731	0.0003352647
85.5351257000	1.2681041766	0.9911584963	0.0003558606	0.0002781429
86.0423737000	-0.0883614126	0.9121421266	-0.0000247963	0.0002559690
86.5537567000	0.4594692651	1.1351539461	0.0001289381	0.0003185515
87.0173187000	0.0406260266	1.0071333479	0.0000114006	0.0002826259
87.5221100000	0.6273762831	1.0083570542	0.0001760569	0.0002829693
88.0538330000	0.1552935691	0.8354256455	0.0000435791	0.0002344406
88.5136414000	-0.5613035276	0.9502437299	-0.0001575153	0.0002666613
89.0240021000	0.5908365487	1.0254395708	0.0001658030	0.0002877630
89.5666275000	0.1091340046	1.0922591925	0.0000306256	0.0003065142
90.0315094000	-0.2248848645	1.0064433580	-0.0000631081	0.0002824322
90.5515518000	1.5130482837	1.0484350670	0.0004245978	0.0002942161
91.0649033000	0.0421268762	0.9757726820	0.0000118218	0.0002738253
91.5058975000	0.3723953642	1.1364590767	0.0001045031	0.0003189178
92.0082626000	0.6041522587	1.0009001626	0.0001695397	0.0002808767
92.5300522000	-0.1520582805	1.0985413514	-0.0000426712	0.0003082772
93.5692596000	0.5688762811	0.9973754866	0.0001596404	0.0002798876
94.0088272000	0.7658366503	1.0507789450	0.0002149122	0.0002948739
94.5240021000	-0.8300786598	1.2787513808	-0.0002329401	0.0003588484
95.0654755000	0.6338249870	1.0218716603	0.0001778666	0.0002867618
95.5368423000	0.3636597502	1.1464262959	0.0001020517	0.0003217148
96.0500641000	0.2760740446	1.1357902232	0.0000774730	0.0003187301
96.5541382000	-0.2170964736	1.0884280480	-0.0000609225	0.0003054391
97.0082092000	0.9174792250	0.9781046892	0.0002574668	0.0002744797
97.5483856000	-0.2245688532	1.1157464447	-0.0000630194	0.0003131053
98.0244217000	-0.0598876711	1.1125612325	-0.0000168059	0.0003122115
98.5068092500	1.2290571983	1.0398138297	0.0003449030	0.0002917968
99.0052719000	0.9102915946	1.2386991126	0.0002554497	0.0003476088
99.5000648500	0.8024016251	1.1218066034	0.0002251732	0.0003148059
100.0323257500	1.4471404638	1.0738766258	0.0004061025	0.0003013556
100.5043411500	-0.0932634655	1.1675468835	-0.0000261720	0.0003276418
101.0623779000	0.3605500502	0.9712443758	0.0001011790	0.0002725546
101.5131950500	0.4153316294	0.9744529013	0.0001165521	0.0002734549
102.0067139000	-0.2927592706	0.8862727430	-0.0000821553	0.0002487095
102.5104980500	-0.1467029838	1.0952319580	-0.0000411684	0.0003073485
103.0123444000	1.3116561536	1.0785342798	0.0003680823	0.0003026627
103.9178009000	0.7418007963	0.8946680340	0.0002081672	0.0002510654
104.0129852000	-0.1737103540	1.2458999172	-0.0000487473	0.0003496295
104.5074844000	0.0589216179	1.1742164974	0.0000165348	0.0003295134
105.0363998000	-0.1346425154	0.9426044180	-0.0000377839	0.0002645175
105.5123901000	1.3867013704	1.0909433837	0.0003891418	0.0003061450
106.0098381000	-0.4399706000	1.1008090958	-0.0001234663	0.0003089135
106.5077515000	0.4906745579	1.1923000480	0.0001376951	0.0003345881
107.0277023000	1.3472351403	1.1147491873	0.0003780666	0.0003128255
107.5003510000	0.6193234939	0.9735155175	0.0001737971	0.0002731919
108.0428543000	0.5854177813	1.1237606779	0.0001642823	0.0003153543
108.5221710000	0.0426451037	1.0266432480	0.0000119672	0.0002881008
109.0151291000	0.0850413817	1.3192152951	0.0000238647	0.0003702036
109.5020981000	-0.3511217100	0.9947652924	-0.0000985332	0.0002791551
110.0247726000	0.6689835344	0.7976506671	0.0001877329	0.0002238400
110.5044861000	-0.8348203686	0.9021253172	-0.0002342707	0.0002531581
111.0381393500	-0.4375667489	0.9055506253	-0.0001227918	0.0002541193
111.5500946000	0.6428601153	1.0746871245	0.0001804020	0.0003015831
112.0229645000	1.0141147702	1.0783144449	0.0002845850	0.0003026010
112.5146789500	0.9235892205	1.0857281450	0.0002591814	0.0003046815
113.0170059000	0.8281383545	1.1069464853	0.0002323956	0.0003106358
114.2489777000	0.3477012867	1.1317853481	0.0000975734	0.0003176062
114.5067825000	0.5895687834	0.9865093381	0.0001654472	0.0002768383
115.0296783000	-0.1003377922	1.2803228911	-0.0000281572	0.0003592894
115.5477753000	1.1718182632	1.1370990055	0.0003288404	0.0003190974
116.0727463000	0.3477388958	1.1746441213	0.0000975839	0.0003296334
116.5509186000	0.5889627843	0.9354804434	0.0001652771	0.0002625183
117.0417785500	0.4816865462	0.8279032204	0.0001351728	0.0002323296
117.5173340000	1.1363682915	1.1120712562	0.0003188923	0.0003120740
118.0329514000	1.6076709699	1.0681377770	0.0004511512	0.0002997452
118.5208740000	0.5770673546	1.0379390138	0.0001619390	0.0002912707
119.0003204000	-0.1152292781	1.1863111544	-0.0000323361	0.0003329075
119.5661774000	0.9462056972	1.0480606920	0.0002655281	0.0002941111
120.0457001000	1.3317558187	0.9692432954	0.0003737228	0.0002719930
120.5053711000	0.5396128814	1.1992866257	0.0001514284	0.0003365487
121.0289764000	-0.3181943271	1.0252468068	-0.0000892930	0.0002877089
121.5019608000	1.7726363484	1.1538747759	0.0004974444	0.0003238050
122.0341415000	-0.1923293080	1.1404987305	-0.0000539722	0.0003200514
122.5047989000	0.0018470872	1.0436413339	0.0000005183	0.0002928709
123.0137177000	0.9714084713	1.1564438878	0.0002726006	0.0003245260
123.5374756000	1.6934935820	1.0594761939	0.0004752351	0.0002973145
124.6672821000	1.2144094424	1.1790618247	0.0003407925	0.0003308731
125.0320587500	0.5292338978	0.9715908417	0.0001485158	0.0002726518
125.5052872000	1.0901074743	1.1752135471	0.0003059104	0.0003297932
126.0249100000	0.2963837560	0.8794156386	0.0000831724	0.0002467852
126.5506401000	0.5190734958	0.9317411087	0.0001456645	0.0002614690
127.0455246000	0.4662983672	0.8913865395	0.0001308545	0.0002501445
127.5175323000	0.1548263665	0.9919979237	0.0000434480	0.0002783785
128.0266075000	-0.2480968757	1.0848968428	-0.0000696220	0.0003044482
128.5758972000	2.1167669968	1.0397617582	0.0005940158	0.0002917822
129.0032654000	0.8193864988	0.9849587721	0.0002299396	0.0002764031
129.5402527000	0.7461725181	1.1264369238	0.0002093940	0.0003161053
130.0254440500	1.5380398356	0.9198100399	0.0004316110	0.0002581208
130.5256500000	0.2300187538	1.0338731476	0.0000645488	0.0002901297
131.0035858000	0.7064915070	0.8909263300	0.0001982585	0.0002500154
131.5238800000	0.5379077347	1.0946219857	0.0001509499	0.0003071773
132.0223083500	-0.0436257862	1.0782844183	-0.0000122424	0.0003025926
132.5137863000	1.2911121866	1.0552918973	0.0003623172	0.0002961403
133.0049514500	0.2368172072	0.9484153870	0.0000664566	0.0002661482
133.5083313000	0.5775677530	1.2354520293	0.0001620794	0.0003466976
134.0374908000	-0.1092293434	1.2929687732	-0.0000306524	0.0003628382
135.0913239000	1.2272747863	0.9535632546	0.0003444029	0.0002675928
135.5042114000	0.8695923847	1.0641621715	0.0002440286	0.0002986295
136.0069580000	0.8387427610	0.9837738630	0.0002353714	0.0002760706
136.5084610000	1.2524816276	1.0559450076	0.0003514765	0.0002963236
137.0039825000	0.5270082942	1.0315524000	0.0001478912	0.0002894784
137.5160370000	1.9287293343	1.0158380991	0.0005412479	0.0002850686
138.0261536000	0.0394557606	1.0070899600	0.0000110722	0.0002826137
138.5001678000	-0.5647654179	0.9601195376	-0.0001584868	0.0002694327
139.0406189000	0.4344164267	1.1943028746	0.0001219077	0.0003351501
139.5248413000	2.1877657498	1.3413826348	0.0006139397	0.0003764243
140.0050659000	2.1177667864	0.9899883233	0.0005942964	0.0002778146
140.5400391000	0.1792282342	1.2264745053	0.0000502958	0.0003441783
141.0117493000	0.6241028323	1.1707407568	0.0001751383	0.0003285380
141.5391235000	0.1916185774	0.9573905813	0.0000537728	0.0002686669
142.0227356000	2.7073320157	1.1162944793	0.0007597426	0.0003132591
142.5090027000	0.5372801069	1.0273383792	0.0001507737	0.0002882959
143.0149765000	1.6633527612	0.9944677156	0.0004667768	0.0002790716
143.5223083000	1.1457785986	1.2473964510	0.0003215331	0.0003500495
144.0224609500	1.3892898193	1.1191575896	0.0003898682	0.0003140626
144.5469055000	1.0391234580	1.0382938733	0.0002916031	0.0002913703
145.4259949000	2.6452442957	1.2079000743	0.0007423192	0.0003389658
145.5324097000	1.7609373415	1.1315057923	0.0004941614	0.0003175278
146.0116272000	2.5058168678	1.1575801545	0.0007031926	0.0003248449
146.5319672000	0.6267982762	0.9921833369	0.0001758947	0.0002784305
147.0198517000	3.2514560392	0.9856409778	0.0009124369	0.0002765946
147.5502014000	1.5305443528	1.0162426472	0.0004295076	0.0002851822
148.0083084500	1.6418210486	1.1302700426	0.0004607345	0.0003171810
148.5062561000	1.8151036571	1.1360071228	0.0005093618	0.0003187910
149.0497284000	1.3052431313	1.1801016641	0.0003662827	0.0003311649
149.5250549000	2.4805013723	1.1314532084	0.0006960884	0.0003175130
150.0470123000	1.4934012300	1.2198116846	0.0004190843	0.0003423085
150.5238647500	1.3666409397	1.1793823623	0.0003835124	0.0003309631
151.0103836000	0.4265076213	0.9413430206	0.0001196883	0.0002641635
151.5152283000	1.3172539788	0.8616132400	0.0003696532	0.0002417894
152.0232696500	1.3712167495	1.1083957917	0.0003847964	0.0003110425
152.5207977000	1.3915670642	1.1099153130	0.0003905072	0.0003114690
153.0135651000	1.7202053783	1.1229511515	0.0004827311	0.0003151271
153.5057526000	2.0999099040	1.0116161320	0.0005892853	0.0002838838
154.0199890000	1.9151582086	1.4953609609	0.0005374395	0.0004196343
154.5074768000	1.2475582409	1.0088183755	0.0003500949	0.0002830987
155.0145492500	1.2998907669	0.9056166237	0.0003647806	0.0002541378
155.8211060000	1.4421019795	1.0841722893	0.0004046885	0.0003042449
156.0357361000	1.8502911595	1.2497243895	0.0005192363	0.0003507028
156.5079803000	1.0082635931	1.0786093031	0.0002829430	0.0003026837
157.0391693000	-0.3246502644	1.0442890379	-0.0000911047	0.0002930526
157.5119476000	0.7277810091	1.1908515196	0.0002042329	0.0003341816
158.0537109000	2.3705372726	1.3282671667	0.0006652298	0.0003727438
158.5005798500	1.3567880126	1.1490634525	0.0003807474	0.0003224549
159.0034180000	2.0093947206	1.0274783913	0.0005638845	0.0002883352
159.5263519000	2.7721783070	1.3482777233	0.0007779400	0.0003783592
160.0012207000	1.7659153376	1.1785099642	0.0004955584	0.0003307183
160.5062866000	1.7214632690	0.9100711258	0.0004830840	0.0002553879
161.0181732000	2.1320950715	1.1587276518	0.0005983172	0.0003251669
161.5110702500	2.3895103738	1.1125933931	0.0006705541	0.0003122205
162.0430984500	1.8089648687	1.1202086612	0.0005076391	0.0003143575
162.5514374000	1.6973682730	1.2292994364	0.0004763224	0.0003449710
163.0026779000	2.2765224847	1.0984559507	0.0006388470	0.0003082532
163.5589752000	1.5749773805	1.0915053807	0.0004419766	0.0003063027
164.0435028000	1.6188280818	1.2868013342	0.0004542821	0.0003611074
164.5231476000	1.5181043513	1.0340176614	0.0004260166	0.0002901703
165.0194855000	1.8240754600	1.1790224967	0.0005118795	0.0003308621
165.5010528500	0.8154840662	1.0983460913	0.0002288445	0.0003082224
166.2696381000	1.2811581368	1.0773949579	0.0003595238	0.0003023430
166.5370178000	2.5716579722	1.2435925932	0.0007216692	0.0003489820
167.0280151000	1.8266344509	1.2381166195	0.0005125976	0.0003474453
167.5103760000	2.4818210822	1.1999448228	0.0006964588	0.0003367334
168.0093765000	1.0699179026	1.0182236185	0.0003002447	0.0002857381
168.5067749000	2.2913538253	1.0945753349	0.0006430091	0.0003071642
169.0464020000	2.5251184554	1.0356027182	0.0007086090	0.0002906151
169.5156403000	2.3019558754	1.2198435720	0.0006459842	0.0003423175
170.0467987000	2.8128528328	1.1137367421	0.0007893542	0.0003125413
170.5763702000	2.0556916191	1.0983791291	0.0005768766	0.0003082316
171.0283737500	1.4338119512	0.9632478551	0.0004023622	0.0002703105
171.5017166000	1.1338950662	1.4663459776	0.0003181983	0.0004114920
172.0729675000	2.2760944774	1.1877126970	0.0006387269	0.0003333008
172.5037689000	2.5138776178	1.0725756318	0.0007054546	0.0003009905
173.0043030000	2.0947937997	1.0664854373	0.0005878496	0.0002992815
173.5147705000	2.3213968926	1.2696551660	0.0006514399	0.0003562958
174.0013351500	1.6410080210	1.0492931709	0.0004605064	0.0002944569
174.5214538500	2.7725934216	1.1430931660	0.0007780565	0.0003207795
175.0162201000	1.6818157459	1.1365355237	0.0004719580	0.0003189392
175.5440674000	3.8338467058	1.0189120136	0.0010758697	0.0002859312
176.6176910000	3.2434257519	1.2031572396	0.0009101834	0.0003376349
177.0015106000	2.0921288863	1.1371080064	0.0005871017	0.0003190999
177.5440674000	4.4686982096	1.1579575132	0.0012540243	0.0003249508
178.0131530500	4.3089729807	1.1679171655	0.0012092016	0.0003277457
178.5118408000	3.4033208259	1.3103547864	0.0009550538	0.0003677171
179.0158386000	3.5885512275	1.3075016377	0.0010070339	0.0003669164
179.5188446000	3.0534167858	1.2141150420	0.0008568623	0.0003407099
180.0018158000	2.5324602302	0.9135684875	0.0007106693	0.0002563693
180.5161133000	3.2926789502	1.1397812592	0.0009240050	0.0003198501
181.0401687500	2.7721753375	0.9086752885	0.0007779392	0.0002549962
181.5356445000	3.2052288948	1.2283203612	0.0008994644	0.0003446963
182.0211334000	3.3521133421	1.1471485912	0.0009406837	0.0003219175
182.5054016000	3.1532019455	1.3154670294	0.0008848644	0.0003691517
183.0318756000	5.3258164313	1.3314225989	0.0014945523	0.0003736292
183.5124054000	2.9715283647	0.9730034439	0.0008338824	0.0002730482
184.0518341000	2.5238056702	1.1342919414	0.0007082406	0.0003183096
184.5040512000	3.0651164274	1.1323442640	0.0008601455	0.0003177631
185.0097046000	3.7648309001	1.2930026443	0.0010565022	0.0003628477
185.5329895000	1.8352964108	1.0116830418	0.0005150284	0.0002839026
186.0559692000	3.7526608253	0.9797027619	0.0010530870	0.0002749282
187.0471039000	3.6863043578	1.2791094347	0.0010344658	0.0003589489
187.5204468000	3.4440984477	1.1551008761	0.0009664970	0.0003241491
188.0426636000	4.8231265621	1.1289537484	0.0013534854	0.0003168116
188.5370026000	4.7728527953	1.1592425449	0.0013393774	0.0003253114
189.0102997000	4.3341445085	1.0852060399	0.0012162653	0.0003045349
189.5318756000	4.3756905654	1.2770676098	0.0012279241	0.0003583759
190.0135956000	3.3621273514	1.3778964717	0.0009434939	0.0003866709
190.5204696500	3.7057748477	1.2796058308	0.0010399297	0.0003590882
191.0184937000	2.7347684580	1.0566331096	0.0007674419	0.0002965167
191.5186310000	4.2996002735	1.2807222026	0.0012065714	0.0003594015
192.0516663000	3.9584604764	1.1933538781	0.0011108393	0.0003348838
192.5307007000	4.6910689177	1.2232569525	0.0013164269	0.0003432754
193.0218658500	3.8224497414	0.9430983148	0.0010726714	0.0002646561
193.5124969500	2.7467589559	1.0892752409	0.0007708067	0.0003056769
194.0125275000	4.8111140303	1.0941701920	0.0013501144	0.0003070505
194.5444946000	4.2567411134	1.2625125728	0.0011945441	0.0003542914
195.0166626000	3.3330771431	1.1733448548	0.0009353417	0.0003292688
195.5196686000	4.3816583072	1.3273777173	0.0012295988	0.0003724941
196.0097504000	4.3028378965	1.3113003002	0.0012074799	0.0003679824
196.5221100000	5.3482664975	1.3855966361	0.0015008524	0.0003888318
197.4622040000	5.2119058169	1.2719911486	0.0014625863	0.0003569513
197.5171356000	4.8981274441	1.0706997400	0.0013745325	0.0003004641
198.0223160000	4.9093986583	1.1158002877	0.0013776955	0.0003131204
198.5215607000	4.0494312807	0.9624056013	0.0011363679	0.0002700742
199.0196075000	3.7900491098	1.1443358327	0.0010635790	0.0003211282
199.5069733000	3.9958771054	1.0698549680	0.0011213393	0.0003002271
200.0218811000	4.7843143236	1.2819679790	0.0013425938	0.0003597511
200.5119934000	6.5032638689	1.2660619053	0.0018249724	0.0003552875
201.0042267000	4.8068632175	1.2466683858	0.0013489216	0.0003498452
201.5128784000	5.0389240258	1.0287837631	0.0014140434	0.0002887015
202.0333099000	5.5491786096	1.1946271657	0.0015572331	0.0003352411
202.5415344500	6.2588150067	1.1370762431	0.0017563742	0.0003190910
203.0415344000	5.8494214343	1.2964547087	0.0016414885	0.0003638164
203.5601501000	4.8800658067	1.1285774783	0.0013694640	0.0003167060
204.0412292000	4.6416241945	1.3146037840	0.0013025515	0.0003689095
204.5224762000	4.9717013137	1.0403996579	0.0013951791	0.0002919612
205.0289459000	6.1536332576	1.1305424448	0.0017268577	0.0003172574
205.5219879000	7.3951431028	1.0791641330	0.0020752552	0.0003028394
206.0203399500	7.0587382829	1.1877552934	0.0019808519	0.0003333127
206.5154266000	5.3389457072	1.4080308571	0.0014982367	0.0003951274
207.0366211000	7.7724820786	0.8922415745	0.0021811456	0.0002503845
207.8134308000	7.2978537186	1.1162476828	0.0020479535	0.0003132460
208.0061874500	6.0574804240	1.0791974622	0.0016998749	0.0003028488
208.5044098000	5.7341130441	1.2637557169	0.0016091302	0.0003546403
209.0195770000	6.2982823685	1.3201588674	0.0017674497	0.0003704684
209.5383759000	7.0410415086	1.4001952387	0.0019758858	0.0003929285
210.0550079000	6.0479909445	1.1709312529	0.0016972119	0.0003285915
210.5493774000	8.0993973784	1.2241898984	0.0022728859	0.0003435372
211.0188293000	7.6904934202	1.2801270491	0.0021581376	0.0003592345
211.5054474000	8.8258104733	1.3297330230	0.0024767349	0.0003731551
212.0359192000	9.5159949834	1.3428320321	0.0026704173	0.0003768310
212.5177765000	5.6736367906	1.3329630973	0.0015921591	0.0003740615
213.0082855000	7.1668500518	1.3168941430	0.0020111907	0.0003695522
213.5213394000	9.2725302313	1.2844638850	0.0026020953	0.0003604515
214.0202332000	7.8156491456	1.2530819873	0.0021932593	0.0003516450
214.5415955000	9.2744159813	1.3145482548	0.0026026244	0.0003688939
215.0113525000	9.1420337227	1.2097282746	0.0025654748	0.0003394789
215.5096359500	8.7245131078	1.2443387041	0.0024483085	0.0003491914
216.0122223000	9.0875943664	1.3651135470	0.0025501978	0.0003830837
216.5003357000	7.7802635517	1.2106951937	0.0021833293	0.0003397502
217.0296783000	9.8603637749	1.2618488824	0.0027670555	0.0003541052
218.2283173000	11.0056527303	1.4589745282	0.0030884512	0.0004094234
218.5118103000	10.6961905843	1.5797844110	0.0030016086	0.0004433255
219.0102081000	9.8624000811	1.3872999381	0.0027676269	0.0003893098
219.5084991500	10.0994907173	1.3870705793	0.0028341603	0.0003892454
220.0159302000	11.9870758719	1.2718404660	0.0033638621	0.0003569091
220.5506592000	11.8972193989	1.2053120322	0.0033386462	0.0003382396
221.0131531000	10.5054009801	1.2074668760	0.0029480685	0.0003388443
221.5129623500	10.2319073946	1.2614670612	0.0028713196	0.0003539980
222.0221252000	10.5911388954	1.3913106924	0.0029721286	0.0003904353
222.5194778500	10.2768450648	1.5047036437	0.0028839302	0.0004222561
223.0247803000	9.1803957990	1.3165404669	0.0025762401	0.0003694530
223.5306702000	10.2950425572	1.1386957777	0.0028890368	0.0003195455
224.0185699000	12.4495561928	1.3744233632	0.0034936452	0.0003856963
224.5474548000	10.6557985527	1.6009048591	0.0029902737	0.0004492525
225.0696564000	11.0047180890	1.0366162573	0.0030881889	0.0002908995
225.5348663000	10.2556167807	1.3174079329	0.0028779730	0.0003696964
226.0078583000	12.4045719495	1.3023144817	0.0034810216	0.0003654608
226.5297241000	11.4673198380	0.9546135993	0.0032180061	0.0002678876
227.0076904000	11.3063383885	1.4252360226	0.0031728308	0.0003999555
227.5388947000	10.6497670155	1.0481310668	0.0029885811	0.0002941308
228.6138000500	11.5202819842	1.6271866439	0.0032328685	0.0004566278
229.0227890000	11.3043871109	1.4240897649	0.0031722832	0.0003996339
229.5136414000	12.8116481509	1.3040434668	0.0035952570	0.0003659460
230.0322723000	12.8876768503	1.3368946632	0.0036165924	0.0003751648
230.5068054000	15.1222879774	1.3411651092	0.0042436781	0.0003763632
231.0257721000	13.8893153895	1.2552455431	0.0038976763	0.0003522521
231.5006409000	14.5014895770	1.2432951202	0.0040694672	0.0003488985
232.0011597000	15.6508396444	1.4688734348	0.0043920025	0.0004122013
232.5163574000	15.2253514563	1.6091857512	0.0042726002	0.0004515763
233.0429993000	15.6706946331	1.5595443279	0.0043975743	0.0004376457
233.5188446000	16.0178500385	1.2780644971	0.0044949944	0.0003586557
234.0065079000	15.0931820107	1.5491065514	0.0042355103	0.0004347166
234.5550690000	15.8505513579	1.4661901567	0.0044480464	0.0004114483
235.0272522000	15.4083963352	1.4785320621	0.0043239670	0.0004149117
235.5052032000	15.7760050271	0.9529397666	0.0044271269	0.0002674178
236.0458679000	15.9730218516	1.3252282547	0.0044824145	0.0003718910
236.5312042000	16.8561326799	1.4943155716	0.0047302367	0.0004193409
237.0139465000	16.3991341049	1.4418387051	0.0046019919	0.0004046147
237.5420074000	16.5013749437	1.4556570665	0.0046306831	0.0004084924
238.0257721000	18.6717313631	1.3662380717	0.0052397374	0.0003833993
238.9792328000	18.6208707023	1.2527099583	0.0052254647	0.0003515406
239.0284119000	17.8805469784	1.0980279361	0.0050177120	0.0003081331
239.5241470500	17.0747934538	1.6784685728	0.0047915982	0.0004710187
240.0054245000	17.6742119140	1.4772375751	0.0049598094	0.0004145484
240.5697327000	17.9991305012	1.3862060094	0.0050509894	0.0003890028
241.0403442000	18.7797278435	1.4275875985	0.0052700438	0.0004006155
241.5061035000	18.8232511847	1.7019052906	0.0052822575	0.0004775956
242.0086288500	18.3147747013	1.3595139764	0.0051395668	0.0003815124
242.5185089000	17.7799284069	1.1728631922	0.0049894760	0.0003291337
243.0233459500	19.3660858863	1.6228862281	0.0054345900	0.0004554210
243.5302124000	19.3867652685	1.3685614493	0.0054403932	0.0003840513
244.0083313000	18.9914923837	1.1539956401	0.0053294701	0.0003238390
244.5367584000	19.7843375824	1.2376716240	0.0055519615	0.0003473205
245.0029602000	20.9234638727	1.1169917957	0.0058716278	0.0003134548
245.5222626000	20.3868687094	1.1656474117	0.0057210463	0.0003271087
246.0054932000	20.1744447748	1.3637612629	0.0056614350	0.0003827042
246.5063171500	20.7390289238	1.3592341060	0.0058198709	0.0003814338
247.0508881000	21.5214116379	1.2239111396	0.0060394263	0.0003434589
247.5068893500	21.7385019594	1.3105267011	0.0061003471	0.0003677653
248.0379181000	22.7508225081	1.3101791880	0.0063844286	0.0003676678
248.5108032500	21.2041154522	1.3469690908	0.0059503854	0.0003779920
249.3674622000	20.8100988359	1.4321426013	0.0058398148	0.0004018937
249.5243988000	20.5991583676	1.6995711779	0.0057806198	0.0004769406
250.0425110000	21.9176565991	1.5379945396	0.0061506222	0.0004315983
250.5133667000	24.1227868572	1.6011429170	0.0067694348	0.0004493193
251.0374298000	23.1758782681	1.5928879324	0.0065037095	0.0004470027
251.5108948000	23.1033116871	1.3419866340	0.0064833456	0.0003765938
252.0276337000	22.8278918721	1.3681682531	0.0064060561	0.0003839410
252.5123901000	24.8038494278	1.3827474478	0.0069605574	0.0003880322
253.0115432500	25.0079176514	1.5307239952	0.0070178239	0.0004295580
253.5405273000	22.8296472661	1.8193505248	0.0064065487	0.0005105536
254.0658722000	24.7661735017	1.3765932394	0.0069499846	0.0003863052
254.5210647500	24.2609171079	1.6028705982	0.0068081975	0.0004498041
255.0212708000	25.4821519372	1.2681316972	0.0071509054	0.0003558683
255.5225372000	22.9127898353	1.5204351842	0.0064298805	0.0004266707
256.0668640000	23.9786218067	1.5023242209	0.0067289787	0.0004215884
256.5061035000	25.8797519652	1.2631217237	0.0072624816	0.0003544624
257.0044250000	25.9169028747	1.3051881786	0.0072729070	0.0003662672
257.5021362500	26.0008799527	1.4995080970	0.0072964730	0.0004207981
258.0247955000	26.3298627734	1.4131841315	0.0073887935	0.0003965735
258.5726013000	27.3310444023	1.4499268892	0.0076697492	0.0004068844
259.0391541000	28.5265952880	1.5784075033	0.0080052495	0.0004429392
259.7708740000	28.7494459824	1.5147510022	0.0080677868	0.0004250756
260.0285950000	28.9873893646	1.3306283558	0.0081345594	0.0003734064
260.5053101000	29.5165429556	1.6997228274	0.0082830527	0.0004769832
261.0251465000	29.1928424623	1.5005121000	0.0081922145	0.0004210798
261.5099182000	29.1785914642	1.3094377375	0.0081882154	0.0003674598
262.0128021000	30.2309020734	1.2729548682	0.0084835191	0.0003572218
262.5107117000	27.7864536973	1.6078067343	0.0077975480	0.0004511893
263.0005340500	28.6778819676	1.2719465916	0.0080477042	0.0003569388
263.5223541000	29.1227888508	1.6005022284	0.0081725558	0.0004491395
264.0108795500	30.1474011232	1.2508823505	0.0084600867	0.0003510277
264.5556335000	30.2594733922	1.2369441431	0.0084915369	0.0003471163
265.0241394000	30.2154091993	1.1632391371	0.0084791714	0.0003264329
265.5605774000	31.3047991908	1.3674769919	0.0087848804	0.0003837470
266.0308838000	29.5942392016	0.9591317403	0.0083048561	0.0002691555
266.5610046000	31.5731421430	1.4196847192	0.0088601839	0.0003983977
267.0092773500	31.1975923051	1.7245190902	0.0087547956	0.0004839416
267.5122375000	31.5537297866	1.6595819165	0.0088547364	0.0004657186
268.0014190500	32.8476423489	1.2732715909	0.0092178394	0.0003573107
268.5512390000	33.3169153751	1.4699277414	0.0093495287	0.0004124971
269.0211792000	33.0285790987	1.3278297513	0.0092686146	0.0003726210
270.1606445000	34.7038010756	1.5311793363	0.0097387222	0.0004296858
270.5286865000	34.3138642815	1.1658965235	0.0096292966	0.0003271786
271.0068359000	33.2588779296	1.6901603248	0.0093332420	0.0004742997
271.5071716500	32.8614097492	1.5473655755	0.0092217028	0.0004342280
272.0174866000	35.3583121471	1.2909435295	0.0099223938	0.0003622698
272.5482483000	35.9264950596	1.4684388158	0.0100818396	0.0004120793
273.0430908000	35.4942876493	1.4086287383	0.0099605518	0.0003952951
273.5098267000	34.4978588305	1.3678563546	0.0096809299	0.0003838534
274.0296021000	35.9964610697	1.4035905770	0.0101014737	0.0003938813
274.5076904000	36.5340912378	1.3285911354	0.0102523457	0.0003728347
275.0397949000	36.1708150927	1.3739841169	0.0101504017	0.0003855730
275.5156250000	35.9536494538	1.5596761141	0.0100894598	0.0004376827
276.0209656000	35.1572075571	1.5168506948	0.0098659590	0.0004256648
276.5157166000	38.5748294317	1.3957752360	0.0108250260	0.0003916881
277.0105438000	36.2246472728	1.3320634143	0.0101655083	0.0003738091
277.5244141000	36.7546984859	1.7230346523	0.0103142534	0.0004835250
278.0026245000	38.8296601633	1.2879645974	0.0108965376	0.0003614339
278.5231018000	37.2385303518	1.7930038548	0.0104500283	0.0005031601
279.0436096000	37.3147778739	1.1663441431	0.0104714252	0.0003273043
279.5242004000	39.2140324939	1.3070887946	0.0110044018	0.0003668006
280.5231323000	39.6853572842	1.6431337224	0.0111366668	0.0004611029
281.0444336000	38.0605445496	1.6655224490	0.0106807053	0.0004673857
281.5054321000	40.3992334998	1.5229821422	0.0113369977	0.0004273855
282.0310974000	39.2016760605	1.6195011884	0.0110009342	0.0004544710
282.5165405000	38.7618317129	1.4941765996	0.0108775033	0.0004193019
283.0393982000	38.7672490861	1.7436458836	0.0108790236	0.0004893090
283.5121765000	41.1394013931	1.4884419207	0.0115447066	0.0004176926
284.0225983000	40.8838955004	1.6076640904	0.0114730055	0.0004511493
284.5209351000	41.5525352063	1.5698065036	0.0116606419	0.0004405255
285.0296478000	40.2004649322	1.3959938152	0.0112812185	0.0003917495
285.5327148000	40.9350639635	1.6637307939	0.0114873646	0.0004668829
286.0075989000	39.8555532225	1.5512321592	0.0111844279	0.0004353131
286.5361023000	39.1486231052	1.6265576310	0.0109860463	0.0004564512
287.0083618000	41.4373568419	1.5249226497	0.0116283201	0.0004279300
287.5069732500	41.2827950270	1.5823488650	0.0115849463	0.0004440452
288.0080872000	42.0048435880	1.6201647125	0.0117875706	0.0004546572
288.5409546000	43.0612897549	1.2796518205	0.0120840348	0.0003591011
289.0158081000	41.5759974230	1.4643514113	0.0116672260	0.0004109323
289.5117492500	43.1504743146	1.5553469026	0.0121090621	0.0004364678
290.0052490000	42.5495487002	1.5432776706	0.0119404279	0.0004330809
290.9240417000	44.4637066102	1.5009061483	0.0124775867	0.0004211904
291.0072174000	43.0479004813	1.6400301110	0.0120802774	0.0004602319
291.5548401000	43.1864371611	1.5237550614	0.0121191542	0.0004276024
292.0405426000	42.2590878305	1.6136954237	0.0118589176	0.0004528418
292.5074615500	44.7751819428	1.4535465177	0.0125649942	0.0004079002
293.0226135000	44.1704867443	1.4465793887	0.0123953022	0.0004059450
293.5148163000	43.6306467917	1.6178065630	0.0122438101	0.0004539955
294.0179749000	42.4012401240	1.5823174485	0.0118988090	0.0004440364
294.5166473500	45.6261426318	1.4968595725	0.0128037943	0.0004200548
295.0087891000	45.2329974707	1.7836216336	0.0126934683	0.0005005272
295.5115051000	42.6150816303	1.5594833596	0.0119588180	0.0004376286
296.0131378500	43.1321803825	1.6521494375	0.0121039284	0.0004636329
296.5678711000	43.4987823587	1.8012251370	0.0122068057	0.0005054671
297.0399170000	45.6126709937	1.3640021185	0.0128000138	0.0003827718
297.5019531000	45.9073790409	1.3774411787	0.0128827160	0.0003865432
298.0180664000	44.6410440050	1.2099692481	0.0125273519	0.0003395465
298.5072021500	44.3126043475	1.4502812612	0.0124351838	0.0004069838
299.0254211500	45.0297481638	1.8078166855	0.0126364316	0.0005073169
299.5103760000	45.9494892408	1.6693708471	0.0128945331	0.0004684657
300.0238953000	45.9874109748	1.5943146299	0.0129051749	0.0004474031
300.5125580000	44.2757644243	1.5540103675	0.0124248456	0.0004360927
301.3248291000	45.2868391756	1.1365744065	0.0127085775	0.0003189501
301.5009460500	45.3772629034	1.4813413968	0.0127339526	0.0004157001
302.0104370000	44.8951407726	1.6197736998	0.0125986575	0.0004545475
302.5003967500	44.8186730860	1.4392549610	0.0125771989	0.0004038896
303.0068054000	45.3014169404	1.5798592482	0.0127126684	0.0004433465
303.5480042000	44.6026546567	1.5382218717	0.0125165789	0.0004316621
304.0340576000	43.3633995243	1.5856169701	0.0121688141	0.0004449623
304.5592041000	47.2750918813	1.5164289047	0.0132665291	0.0004255465
305.0092468000	46.9375362122	1.5006185796	0.0131718029	0.0004211097
305.5046081500	43.7143295778	1.9368472448	0.0122672935	0.0005435260
306.0228882000	46.8175482534	1.3364784857	0.0131381314	0.0003750480
306.5238342000	43.7122638816	1.6376484929	0.0122667138	0.0004595636
307.0049744000	45.9931478492	1.4801388579	0.0129067848	0.0004153626
307.5294495000	46.4421989750	1.7182230137	0.0130327993	0.0004821748
308.0406799000	44.0003649880	1.5604292829	0.0123475619	0.0004378940
308.5052185000	46.7984487964	1.5019109840	0.0131327716	0.0004214724
309.0029907000	47.0526262393	1.2743537283	0.0132040999	0.0003576143
309.5088348500	45.6629169182	1.8698787351	0.0128141140	0.0005247330
310.0013123000	46.1662048303	1.4051077929	0.0129553487	0.0003943071
310.5101013500	48.6053420653	1.4908202280	0.0136398294	0.0004183601
311.7345886000	46.0733957092	1.9141346769	0.0129293042	0.0005371523
312.0237121500	46.0473131486	1.4857784793	0.0129219848	0.0004169452
312.5185852000	48.0704151226	1.6443868804	0.0134897160	0.0004614546
313.0078125000	46.1209196999	1.4773246924	0.0129426406	0.0004145729
313.5191956000	47.4433144133	1.3896052978	0.0133137364	0.0003899567
314.0018311000	48.2536579565	1.5584064813	0.0135411383	0.0004373264
314.5182800500	45.3211015536	1.1991883875	0.0127181924	0.0003365211
315.0143433000	45.9531520560	1.3484990141	0.0128955610	0.0003784213
315.5266265500	46.4940467685	1.8028723340	0.0130473491	0.0005059294
316.0308533000	46.2692270203	2.0883439433	0.0129842592	0.0005860396
316.5010376000	45.5299963645	1.6953531345	0.0127768133	0.0004757569
317.0283508000	47.7341347219	1.3808589299	0.0133953476	0.0003875023
317.5000610000	46.8418811165	1.7589234037	0.0131449598	0.0004935963
318.0358276000	46.4541564255	1.4067265687	0.0130361549	0.0003947613
318.5044861000	45.6327213216	1.5208088704	0.0128056404	0.0004267756
319.0207520000	45.8612371801	1.3778119976	0.0128697675	0.0003866472
319.5586243000	46.9797642189	1.3022409736	0.0131836531	0.0003654402
320.0005951000	47.7575475799	1.7124684509	0.0134019178	0.0004805599
320.5235596000	47.9716866203	1.4393109756	0.0134620104	0.0004039053
321.0150452000	45.0507013752	1.6304831887	0.0126423116	0.0004575528
322.1681824000	47.2149567327	1.5022826747	0.0132496538	0.0004215767
322.5306396000	47.5043295597	1.6758222555	0.0133308587	0.0004702761
323.0194092000	46.2692867918	1.5492793452	0.0129842760	0.0004347651
323.5139465000	47.9225454810	1.5366916311	0.0134482202	0.0004312327
324.0106048500	45.4171085849	1.4786482256	0.0127451343	0.0004149443
324.5538940000	45.6610247577	1.5384172979	0.0128135830	0.0004317169
325.0226440000	46.2060423174	1.4977567500	0.0129665281	0.0004203066
325.5177612500	44.8026866341	1.9672146154	0.0125727127	0.0005520478
326.0222168000	46.2339489504	1.7682792135	0.0129743593	0.0004962217
326.5406189000	45.2357557935	1.6096758392	0.0126942423	0.0004517138
327.0272217000	48.9583603799	1.2723423803	0.0137388948	0.0003570499
327.5142517000	45.2548360111	1.9063332779	0.0126995967	0.0005349630
328.0078582500	45.0711677079	1.6923576915	0.0126480549	0.0004749163
328.5094299000	46.9028980951	1.8761256871	0.0131620826	0.0005264860
329.0115051000	44.4082535842	1.6409991415	0.0124620253	0.0004605039
329.5127258000	46.6580435954	1.5639689825	0.0130933705	0.0004388874
330.0380554000	44.3087481323	1.4936942420	0.0124341016	0.0004191666
330.5059509500	47.4889639697	1.8497731972	0.0133265468	0.0005190909
331.0040283000	47.4456537588	1.4015978948	0.0133143929	0.0003933221
331.5062255500	43.9896212545	1.3911397969	0.0123445470	0.0003903873
332.6175537000	44.6053286458	1.4739069217	0.0125173293	0.0004136138
333.0088348500	46.8239785713	1.6804279129	0.0131399359	0.0004715685
333.5248413000	45.7157347161	1.3865080016	0.0128289360	0.0003890875
334.0452881000	44.7521034856	1.5321282618	0.0125585178	0.0004299521
334.5152130500	47.6029478858	1.4862001498	0.0133585334	0.0004170635
335.0099792000	46.0124200018	1.4841389615	0.0129121930	0.0004164851
335.5289612000	45.1324270058	1.7191514314	0.0126652458	0.0004824353
336.0038757000	45.0910835530	1.8315901830	0.0126536438	0.0005139883
336.5037231000	44.8120766580	2.1182874053	0.0125753477	0.0005944425
337.0085296500	46.7294782330	1.5408048241	0.0131134168	0.0004323869
337.5160522500	43.8634104755	1.7526399252	0.0123091292	0.0004918330
338.0350494500	45.3710954887	1.5001805675	0.0127322219	0.0004209868
338.5057678000	45.5517343933	1.5473230613	0.0127829135	0.0004342161
339.0010986000	45.8768142347	1.6740898285	0.0128741387	0.0004697899
339.5050049000	46.9663657406	1.8103492468	0.0131798931	0.0005080276
340.0247803000	45.4648300156	1.5110155561	0.0127585261	0.0004240273
340.5223846500	45.7418987954	1.5023208611	0.0128362782	0.0004215874
341.0272217000	42.6643485597	1.8312836830	0.0119726435	0.0005139023
341.5321655000	43.6518201542	1.7978191786	0.0122497518	0.0005045114
342.0217895500	44.2824066014	1.3064119311	0.0124267096	0.0003666106
342.9749146000	44.1405872318	1.8117472878	0.0123869116	0.0005084199
343.0000305500	44.5857868161	1.4901869067	0.0125118454	0.0004181823
343.5137939500	43.8894776768	2.0597777313	0.0123164443	0.0005780232
344.0072937000	42.8476409527	1.6830989637	0.0120240798	0.0004723181
344.5309753000	42.3443715003	1.5193059561	0.0118828503	0.0004263538
345.0104065000	44.4985667247	1.7118136863	0.0124873693	0.0004803761
345.5262146000	43.6344808065	1.5023388151	0.0122448860	0.0004215924
346.0208435000	44.2971955827	1.9304492257	0.0124308597	0.0005417305
346.5245056000	44.8379961147	1.7567135071	0.0125826214	0.0004929761
347.0208740000	43.8425389345	1.2897235961	0.0123032721	0.0003619275
347.5160522000	42.9436807712	1.7982110487	0.0120510309	0.0005046213
348.0126190000	42.4987807953	1.5910748075	0.0119261812	0.0004464939
348.5185394000	42.9680280327	1.6438048706	0.0120578633	0.0004612912
349.0014343000	43.2572249716	1.3333309771	0.0121390189	0.0003741648
349.5037689000	44.8864633980	1.6545693341	0.0125962225	0.0004643120
349.7868347000	43.4720452089	1.8519064570	0.0121993027	0.0005196895
