#Executed at: 2019-01-04 19:12:51.454102
#Loaded File	 = ../data/DD205_10_FCW_100OE.DAT
#Magnetic Moment	 = 23130
#Volume Particle	 = 7.200486626101367e-25
#Ms Raw	 = 0.087
#Ms Calculated	 = 297.90743639970236
#Rescale Factor	 = 3424.2234068931307
#[[Data]]
#B/T	M/kAm-1	sM/kAm-1	M_raw/memu	sM_raw/memu
10.0019512000	61.6754170256	1.1297119054	0.0180115050	0.0003299177
10.0066853000	61.8157466308	1.1610573897	0.0180524864	0.0003390717
10.5213280000	62.4857394004	1.0159544684	0.0182481491	0.0002966963
11.0246429000	62.0279520878	0.9520043796	0.0181144583	0.0002780205
11.5330257000	62.6179183700	1.2978655508	0.0182867503	0.0003790248
12.0537767000	62.0069985800	1.3897252885	0.0181083391	0.0004058512
12.5334463000	60.9626863651	1.3014962950	0.0178033613	0.0003800851
13.0467749000	61.7082714722	1.0747104140	0.0180210997	0.0003138552
13.5536394000	61.8796501545	1.1444347308	0.0180711486	0.0003342173
14.0449114000	61.4789320549	1.0115785879	0.0179541241	0.0002954184
14.5260468000	61.6331165824	1.1781251481	0.0179991517	0.0003440562
15.0177813000	61.5930259173	1.2539045192	0.0179874437	0.0003661865
15.5381584000	62.5612280113	1.1427236211	0.0182701946	0.0003337176
16.0397625000	62.0178190855	1.0622864735	0.0181114991	0.0003102270
16.5069447000	60.1602500624	1.0036904565	0.0175690202	0.0002931148
17.0215263000	62.4132853003	1.1664011537	0.0182269899	0.0003406323
17.5580883000	61.2967228897	1.0774916144	0.0179009123	0.0003146674
18.0485268000	60.9819574140	1.1680319372	0.0178089891	0.0003411086
18.5002432000	61.4354675937	1.1057530311	0.0179414309	0.0003229208
19.0424613500	62.5175506452	1.1134415873	0.0182574392	0.0003251662
19.5047455000	62.3504757200	1.1951644927	0.0182086471	0.0003490323
20.6403332000	60.8447381313	1.0772126136	0.0177689160	0.0003145860
21.0030193500	61.7366328632	1.1186577183	0.0180293823	0.0003266895
21.5215282000	61.7810959292	1.2577676639	0.0180423672	0.0003673147
22.0042248000	61.2277434002	1.2880700695	0.0178807677	0.0003761641
22.5675907000	61.0773800624	1.1519767524	0.0178368561	0.0003364199
23.0400085000	61.9734652236	1.1712101423	0.0180985461	0.0003420367
23.5233307000	60.4902629444	1.1883911301	0.0176653961	0.0003470542
24.0192480000	62.1320020954	1.0391242986	0.0181448447	0.0003034628
24.5231266000	62.3872916187	1.2172972776	0.0182193987	0.0003554959
25.0034409000	61.6582736815	1.1512620506	0.0180064985	0.0003362111
25.5077705000	62.4401130131	1.1635282753	0.0182348245	0.0003397933
26.0268250000	62.4657948688	1.2319577701	0.0182423246	0.0003597773
26.5353088000	60.9873303082	1.3392224251	0.0178105582	0.0003911025
27.0089197000	61.3527598552	0.9917544580	0.0179172772	0.0002896290
27.5114689000	61.9665722235	1.1589653891	0.0180965331	0.0003384608
28.0489788000	62.3507525496	1.1522509723	0.0182087280	0.0003364999
28.5278358000	62.2056303005	1.2551885605	0.0181663469	0.0003665615
29.0214043000	62.2406641512	1.2675537252	0.0181765781	0.0003701726
29.5054836000	61.1353892642	1.1384761021	0.0178537969	0.0003324772
30.0010395000	62.0798824832	1.2967490729	0.0181296239	0.0003786987
31.0104656000	61.0585574856	1.0500106048	0.0178313592	0.0003066420
31.5204115000	61.9526175978	1.3614655173	0.0180924578	0.0003975983
32.0204506000	61.5226489344	1.1023053340	0.0179668911	0.0003219140
32.5167770000	61.6878241703	1.1872059600	0.0180151283	0.0003467081
33.0061417000	62.1806632697	1.0039888870	0.0181590556	0.0002932019
33.5040931500	61.1947118656	1.1850719201	0.0178711213	0.0003460849
34.0141068000	61.5627674599	1.0712965680	0.0179786072	0.0003128583
34.5136604500	60.7038283379	1.0812890705	0.0177277651	0.0003157764
35.0112552500	61.6137900319	1.1273817298	0.0179935076	0.0003292372
35.5372200000	62.6635060365	1.1851802134	0.0183000636	0.0003461165
36.0010414000	61.7627842986	0.9651271702	0.0180370195	0.0002818529
36.5213127000	61.6528526389	1.0951217887	0.0180049154	0.0003198161
37.0033112000	62.3581179440	1.1496683996	0.0182108789	0.0003357457
37.5306435000	63.0809582174	1.0033270772	0.0184219751	0.0002930086
38.0122833000	60.6402107575	1.0601626558	0.0177091864	0.0003096067
38.5123138000	61.6869043821	1.0656657833	0.0180148597	0.0003112139
39.0127373000	60.2770823397	1.3219559088	0.0176031395	0.0003860601
39.5180206500	61.2649700352	1.1005145693	0.0178916393	0.0003213910
40.0303116000	61.2309854599	1.2233548844	0.0178817145	0.0003572649
40.5066071000	60.9963283280	1.1342489596	0.0178131860	0.0003312427
41.4482880000	61.7725572933	1.3891719692	0.0180398736	0.0004056896
41.5559349000	61.3099890246	1.1650688230	0.0179047865	0.0003402432
42.0281906000	62.9904407697	1.0045977893	0.0183955406	0.0002933797
42.5205307000	61.7759176635	1.0545874944	0.0180408549	0.0003079786
43.0387611000	61.9901358534	1.1139446047	0.0181034146	0.0003253131
43.5106812000	62.6001875731	1.1019021070	0.0182815722	0.0003217962
44.0418510000	61.1101847837	0.9316379886	0.0178464363	0.0002720728
44.5167465000	62.1583014354	1.1156633273	0.0181525251	0.0003258150
45.0502739000	62.7855138097	1.0736286369	0.0183356944	0.0003135393
45.5465011500	61.7064955953	1.0720460923	0.0180205811	0.0003130771
46.0339851000	60.9978214561	1.2934455461	0.0178136220	0.0003777340
46.5180397000	61.7091643769	1.1085967222	0.0180213605	0.0003237513
47.0428047000	61.2587925432	0.9571979266	0.0178898352	0.0002795372
47.5096626000	61.8490242002	1.2423467116	0.0180622047	0.0003628112
48.0345001000	62.1586146714	1.2113233372	0.0181526166	0.0003537513
48.5083275000	60.9999089830	1.2264288713	0.0178142316	0.0003581626
49.0114364500	62.2498532788	1.0988311053	0.0181792617	0.0003208994
49.5172653000	61.4786121225	1.0558857268	0.0179540307	0.0003083577
50.0000000000	60.7974814146	1.2707448247	0.0177551153	0.0003711045
50.0242138000	61.5949069213	1.2147595177	0.0179879931	0.0003547547
50.5646935000	60.3883957035	1.1399331794	0.0176356471	0.0003329027
51.0724106000	61.6694624070	1.1272822317	0.0180097660	0.0003292081
51.7973480000	61.5257416581	1.2289784644	0.0179677943	0.0003589072
52.0005417000	61.7138290873	1.0645717043	0.0180227227	0.0003108943
52.5059719000	61.7883349718	1.1251936606	0.0180444812	0.0003285982
53.0276317500	60.1711321935	1.0727541718	0.0175721981	0.0003132839
53.5388298000	61.8747120142	0.9980680292	0.0180697065	0.0002914728
54.0616570000	62.0144574185	1.1443450380	0.0181105173	0.0003341911
54.5516930000	62.3934634793	1.1475700455	0.0182212011	0.0003351329
55.0357933000	62.7382815582	1.0930881044	0.0183219008	0.0003192222
55.5124283000	62.5454321488	1.0685739111	0.0182655816	0.0003120631
56.0547333000	61.8093570790	1.0896948195	0.0180506205	0.0003182312
56.5193443000	61.7925615511	1.2603222138	0.0180457155	0.0003680607
57.0234127000	62.2710095014	1.2200751216	0.0181854401	0.0003563071
57.5746994000	62.5051269769	1.1916924454	0.0182538110	0.0003480183
58.0088062500	62.0978732568	1.1125278170	0.0181348779	0.0003248993
58.5101051000	61.6178335237	1.2130827756	0.0179946885	0.0003542651
59.0079212000	60.7578273642	1.0010252951	0.0177435349	0.0002923364
59.5194168000	61.8319120531	1.1360212135	0.0180572073	0.0003317602
60.0130233500	62.1210636024	1.0047378296	0.0181416503	0.0002934206
60.5266953000	61.0453865968	1.2959000628	0.0178275128	0.0003784508
61.0228290500	62.0997630122	1.2685749893	0.0181354297	0.0003704709
62.1650314000	61.4605295744	1.1589666783	0.0179487499	0.0003384612
62.5181580000	62.8360328069	1.2877071909	0.0183504478	0.0003760582
63.0448990000	62.0101293067	1.0173709662	0.0181092534	0.0002971100
63.5018616000	61.5335847488	1.0495021557	0.0179700847	0.0003064935
64.0112228000	61.9060759930	1.0745873787	0.0180788660	0.0003138193
64.5305328000	61.4836970178	1.0823160996	0.0179555157	0.0003160764
65.0522842000	61.4180657909	1.1556223802	0.0179363489	0.0003374845
65.5012665000	61.1428530061	1.2308071037	0.0178559766	0.0003594412
66.0144424000	61.6625821137	1.2794031150	0.0180077567	0.0003736331
66.5336456000	62.1491469767	1.0171314989	0.0181498517	0.0002970401
67.0258560000	61.2366981520	1.2255319794	0.0178833829	0.0003579007
67.5070419000	61.4720011296	0.9916367830	0.0179521000	0.0002895947
68.0133209500	61.4371428545	1.1666576840	0.0179419201	0.0003407072
68.5117340000	62.7817779091	1.0897317843	0.0183346033	0.0003182420
69.0210037500	60.9399441577	1.2285713272	0.0177967197	0.0003587883
69.5119476000	62.0809007986	1.3456781438	0.0181299213	0.0003929878
70.0267487000	61.3876832665	1.0160277065	0.0179274761	0.0002967177
70.5550690000	61.7634293210	1.0994308703	0.0180372079	0.0003210745
71.0360260000	60.8103576482	1.0669842541	0.0177588756	0.0003115989
71.5121765000	62.2180943243	1.1843599296	0.0181699869	0.0003458769
72.5896072000	61.4000133660	0.9526046539	0.0179310769	0.0002781958
73.0128937000	62.0159405666	1.0431944695	0.0181109505	0.0003046514
73.5110779000	61.9059749119	1.1512160117	0.0180788364	0.0003361977
74.0395813000	60.9905159050	1.2072379115	0.0178114885	0.0003525582
74.5306244000	62.1995405312	1.1265380769	0.0181645685	0.0003289908
75.0001984000	63.0346967235	1.1226688167	0.0184084650	0.0003278609
75.5355988000	61.8207117957	0.9802763140	0.0180539365	0.0002862770
76.0254211500	61.3997316550	1.0970255494	0.0179309947	0.0003203721
76.5744858000	62.2230366683	0.8960698849	0.0181714302	0.0002616856
77.0254440000	62.4511214144	1.0639894407	0.0182380394	0.0003107243
77.5049095000	63.0215697412	0.9341698593	0.0184046314	0.0002728122
78.0025406000	61.8042601425	1.2812614840	0.0180491320	0.0003741758
78.5415421000	61.6809751741	1.1287622183	0.0180131282	0.0003296404
79.0552292000	62.1921223421	1.2992755456	0.0181624021	0.0003794366
79.5569763000	62.2480992879	1.3386021124	0.0181787494	0.0003909214
80.0639420000	61.0650902294	1.2442385683	0.0178332670	0.0003633637
80.5194473000	62.0954750544	1.2373075618	0.0181341775	0.0003613396
81.0432739000	61.5083940648	1.1284976173	0.0179627281	0.0003295631
81.5486374000	62.7555087076	0.9322357608	0.0183269318	0.0002722474
82.0005493000	62.5331364572	1.2669366375	0.0182619908	0.0003699924
83.0664368000	61.4507685531	1.0462094045	0.0179458993	0.0003055319
83.5132828000	62.5851778686	1.1638054049	0.0182771888	0.0003398743
84.0335846000	61.3613732422	1.0540556458	0.0179197926	0.0003078233
84.5457077000	61.0984238901	1.1718872378	0.0178430016	0.0003422345
85.0608292000	61.7751185858	1.3176654871	0.0180406215	0.0003848071
85.5403671500	62.5541609240	1.1724617163	0.0182681308	0.0003424022
86.0204773000	61.9630695186	0.9718686685	0.0180955102	0.0002838216
86.5374680000	60.8387026924	1.2978478105	0.0177671534	0.0003790196
87.0455246000	62.7755174289	1.1133105938	0.0183327750	0.0003251279
87.5063629000	61.0322321531	1.1328013187	0.0178236712	0.0003308199
88.0144806000	60.6413182498	1.1914731207	0.0177095099	0.0003479543
88.5286636000	60.8131574477	1.0816373585	0.0177596933	0.0003158782
89.0263404500	61.7260770067	1.0743571188	0.0180262996	0.0003137521
89.5024109000	61.6280287634	1.0499319707	0.0179976659	0.0003066190
90.0216370000	61.4621935563	1.1178965329	0.0179492359	0.0003264672
90.5343475000	62.3989255672	1.2547370357	0.0182227963	0.0003664297
91.0115356000	61.7547901218	1.0748391257	0.0180346849	0.0003138928
91.5567512500	61.4480949101	1.1724244897	0.0179451185	0.0003423914
92.0281143000	61.3003353014	1.1750628596	0.0179019673	0.0003431619
92.5355148000	61.8688581026	1.0350689503	0.0180679970	0.0003022785
93.4611740000	61.3623126562	1.2278093925	0.0179200669	0.0003585658
93.5197296000	61.2285274237	1.1364570494	0.0178809967	0.0003318875
94.0281372000	60.9543367258	1.2204819895	0.0178009229	0.0003564259
94.5386734000	61.6738761601	1.1638187959	0.0180110550	0.0003398782
95.0529404000	61.3811804668	1.3197367821	0.0179255770	0.0003854120
95.5039291000	59.6215995755	1.1692580224	0.0174117143	0.0003414666
96.0160370000	62.5802811937	1.2210535266	0.0182757588	0.0003565928
96.5296021000	60.2579921405	1.1585538152	0.0175975645	0.0003383406
97.0290985000	60.1401104126	1.2198622959	0.0175631386	0.0003562449
97.5784225500	60.7906606169	1.1553097230	0.0177531234	0.0003373932
98.0239639000	61.1976877703	1.1877971445	0.0178719904	0.0003468807
98.5392609000	62.0614571847	1.1650227344	0.0181242430	0.0003402298
99.0053978000	62.1118996479	1.2106243726	0.0181389741	0.0003535471
99.5182800500	62.0043886090	1.1202111602	0.0181075769	0.0003271431
100.0022773500	61.0565012920	1.2096223312	0.0178307587	0.0003532545
100.5525665000	60.8447297535	1.1612668299	0.0177689136	0.0003391329
101.0199814000	61.6233519774	1.2015672388	0.0179963001	0.0003509021
101.5222168000	61.2119796872	1.0866557071	0.0178761641	0.0003173437
102.0239105000	61.4942355402	1.0959926368	0.0179585933	0.0003200704
102.5249443000	60.4400341625	0.9701739873	0.0176507275	0.0002833267
103.0127182000	61.6925712210	1.1436849364	0.0180165147	0.0003339983
103.7395477000	60.5759625039	1.0926992127	0.0176904236	0.0003191086
104.0494461000	60.0141764627	1.1315521670	0.0175263613	0.0003304551
104.5165710000	59.9485576349	0.9569221892	0.0175071981	0.0002794567
105.0355225000	60.7968277854	1.1490616437	0.0177549244	0.0003355685
105.5094986000	60.4000399978	1.0724405470	0.0176390477	0.0003131923
106.0146370000	60.4199654073	1.2531194209	0.0176448667	0.0003659573
106.5073090000	60.1083094955	1.0272560640	0.0175538516	0.0002999968
107.0000381000	61.1390049686	0.9978299041	0.0178548528	0.0002914033
107.5159683000	60.3856510524	1.0654938769	0.0176348456	0.0003111637
108.0184898500	60.7378597753	1.3228891229	0.0177377036	0.0003863326
108.5119934000	61.0933479322	1.1389379677	0.0178415193	0.0003326121
109.0048675500	61.4969184822	1.1332709293	0.0179593768	0.0003309571
109.5574036000	60.7666930391	0.9958790635	0.0177461240	0.0002908336
110.0082397500	60.4109215504	1.0428201290	0.0176422255	0.0003045421
110.5135498000	61.2373558130	1.0946789635	0.0178835749	0.0003196868
111.0075989000	61.5001502697	1.1098581247	0.0179603206	0.0003241197
111.5668182000	61.2247579049	1.0422421531	0.0178798959	0.0003043733
112.0320816000	61.2207672051	1.1506137079	0.0178787304	0.0003360218
112.5118179000	61.1738060931	1.2249800897	0.0178650160	0.0003577395
113.0054169000	61.4227613037	1.2808777943	0.0179377202	0.0003740637
114.1427307000	60.2796892415	1.2390031836	0.0176039008	0.0003618348
114.5066071000	61.0791919348	1.1439460802	0.0178373852	0.0003340746
115.0467300000	60.3267734211	1.1598856405	0.0176176511	0.0003387295
115.5106735000	61.7372538079	1.0722026339	0.0180295636	0.0003131229
116.0362167000	60.4359886801	1.1449262487	0.0176495460	0.0003343608
116.5034866000	60.7333899067	1.1266457576	0.0177363982	0.0003290223
117.0351410000	61.1259144362	1.1398088469	0.0178510299	0.0003328664
117.5065308000	61.6206773173	0.9036940232	0.0179955190	0.0002639121
118.0270462000	61.0061124008	1.1945091493	0.0178160433	0.0003488409
118.5235481000	60.5471286775	1.3227835817	0.0176820030	0.0003863018
119.0027313000	61.0472542707	1.0670210000	0.0178280582	0.0003116096
119.5063438500	61.2646868473	1.1881143692	0.0178915566	0.0003469734
120.0206451000	61.1722395463	1.1650289336	0.0178645586	0.0003402316
120.5387650000	61.2488927065	1.1147579883	0.0178869441	0.0003255506
121.0146027000	61.1503789954	1.1114784962	0.0178581745	0.0003245929
121.5109100000	60.7902487048	1.0664705472	0.0177530031	0.0003114489
122.0206375500	60.6842183238	1.0009047746	0.0177220383	0.0002923012
122.5166168000	61.3022265686	0.8892773795	0.0179025196	0.0002597019
123.0342331000	60.1010194858	1.1520981762	0.0175517226	0.0003364553
123.5224380500	60.3436474973	1.1438908955	0.0176225790	0.0003340585
124.5374527000	60.4568740168	1.2152905192	0.0176556453	0.0003549098
125.0120926000	60.1040696447	1.2448957801	0.0175526134	0.0003635557
125.5099182500	59.3561352145	1.0753797659	0.0173341889	0.0003140507
126.0563812000	59.8344358949	0.9653036927	0.0174738704	0.0002819044
126.5226898000	61.0483274440	1.1348035719	0.0178283716	0.0003314047
127.0133133000	61.2403112021	1.1380476311	0.0178844380	0.0003323520
127.5054932000	59.3377571178	1.1979098031	0.0173288218	0.0003498340
128.0173836000	59.8368164153	1.0890252769	0.0174745656	0.0003180357
128.5207672000	61.0807072637	1.0333051731	0.0178378277	0.0003017634
129.0098724500	60.1938637820	1.0953520847	0.0175788366	0.0003198834
129.5331726000	60.6241326035	1.1801400081	0.0177044910	0.0003446446
130.0370941000	60.5248146580	1.2969623305	0.0176754865	0.0003787610
130.5781860000	59.2123619737	1.1296569902	0.0172922017	0.0003299017
131.0181656000	60.9365119036	1.0881038501	0.0177957174	0.0003177666
131.5213928000	61.1384168463	1.1993023597	0.0178546811	0.0003502407
132.0415649000	60.1369433457	1.1480333340	0.0175622137	0.0003352682
132.5475006000	61.1734596965	1.1214485216	0.0178649149	0.0003275045
133.0178299000	61.6750220669	1.4348768236	0.0180113897	0.0004190372
133.5191956000	61.0041167637	1.0357098114	0.0178154605	0.0003024656
134.0525665000	61.4765706411	1.3266266266	0.0179534345	0.0003874241
134.9492645000	60.3891456825	1.0428997998	0.0176358662	0.0003045653
135.0004272000	61.4467887491	1.2844909683	0.0179447371	0.0003751189
135.5107269000	60.2179859827	1.1425451077	0.0175858812	0.0003336655
136.0118179000	61.1851441397	1.2883661399	0.0178683272	0.0003762506
136.5064087000	61.3683112643	1.3274205382	0.0179218188	0.0003876559
137.0230865000	60.0986317335	1.2632767308	0.0175510253	0.0003689236
137.5029449000	60.9758423730	1.1867282215	0.0178072033	0.0003465686
138.0094833500	61.2162742926	1.2198135997	0.0178774183	0.0003562307
138.5272751000	60.8762367623	1.3209669497	0.0177781148	0.0003857713
139.0322571000	61.4103232525	1.1297031148	0.0179340878	0.0003299151
139.5117798000	61.2402373995	1.4483526362	0.0178844164	0.0004229726
140.0146179500	61.3241120852	1.1969849315	0.0179089110	0.0003495639
140.5051117000	60.7516484166	1.2172657627	0.0177417304	0.0003554867
141.0019607500	60.8891920992	1.1061664745	0.0177818982	0.0003230416
141.5427551000	61.7024378753	1.2018467680	0.0180193961	0.0003509837
142.0241547000	60.6861435848	1.1510687967	0.0177226005	0.0003361547
142.5485840000	61.3852670849	1.2266581757	0.0179267705	0.0003582296
143.0038070500	60.5734696417	1.1885729452	0.0176896956	0.0003471073
143.5144806000	60.9343809348	1.2308198274	0.0177950950	0.0003594450
144.0538025000	61.9249491098	1.2457508020	0.0180843776	0.0003638054
144.5355225000	60.2318754045	1.2040004890	0.0175899374	0.0003516127
145.3785248000	60.8679367571	1.1284190967	0.0177756909	0.0003295402
145.5432434000	61.7923077616	1.0444359483	0.0180456414	0.0003050140
146.0148926000	60.1127788333	1.1341501019	0.0175551568	0.0003312138
146.5002899000	60.9023214474	1.0477705511	0.0177857325	0.0003059878
147.0332947000	60.4356079310	1.1845193469	0.0176494348	0.0003459235
147.5122528000	59.7049708297	1.3178206938	0.0174360618	0.0003848524
148.0359497000	61.0690004250	1.1658144730	0.0178344089	0.0003404610
148.5108185000	60.4906847292	1.0112972953	0.0176655193	0.0002953362
149.0060043000	60.6700458721	1.0348321476	0.0177178994	0.0003022093
149.5255508500	60.9777531821	1.2523433432	0.0178077613	0.0003657306
150.0225677000	61.8218788696	1.2273139676	0.0180542773	0.0003584211
150.5040131000	61.8727865484	1.1995283370	0.0180691442	0.0003503067
151.0289917000	60.5323956958	1.2780456852	0.0176777005	0.0003732367
151.5025330000	61.1526942088	1.3258704043	0.0178588506	0.0003872032
152.0134201000	60.8154204303	1.2825105397	0.0177603542	0.0003745406
152.5244904000	61.3369140691	1.2871759443	0.0179126496	0.0003759030
153.0217361500	61.0162452007	1.0661645021	0.0178190024	0.0003113595
153.5329285000	61.3901316160	1.1426196546	0.0179281911	0.0003336872
154.0536652000	61.8599105793	1.0669561983	0.0180653840	0.0003115907
154.5026016500	60.1398218823	1.2195019488	0.0175630544	0.0003561397
155.6865845000	61.1953131882	1.2331771322	0.0178712969	0.0003601334
156.0282364000	61.9836544504	1.2156416120	0.0181015217	0.0003550124
156.5309906000	60.6483386104	1.3704314429	0.0177115601	0.0004002167
157.0353927500	60.1947659490	1.0572921984	0.0175791001	0.0003087685
157.5274811000	60.0366500662	1.0665859890	0.0175329244	0.0003114826
158.0034485000	61.2389751742	1.0578231414	0.0178840478	0.0003089235
158.5163574500	60.4724577212	1.3637087386	0.0176601964	0.0003982534
159.0224609000	62.4464846297	0.9424980544	0.0182366853	0.0002752443
159.5502167000	61.1004344023	1.1620630523	0.0178435888	0.0003393654
160.0079346000	60.3951007324	1.1790927286	0.0176376052	0.0003443387
160.5135345000	60.3223026198	1.1160832547	0.0176163455	0.0003259376
161.0002594000	60.8246478811	1.3030937927	0.0177630489	0.0003805516
161.5142517000	60.7857306435	1.0604344773	0.0177516836	0.0003096861
162.0296936000	60.3452063544	1.2778819745	0.0176230342	0.0003731888
162.5266647500	60.7549321173	1.3986348714	0.0177426893	0.0004084532
163.0227356000	61.9632447276	1.4744037704	0.0180955613	0.0004305805
163.5023651000	61.0970089377	0.9235198011	0.0178425884	0.0002697020
164.0192566000	59.6967555777	0.9728405387	0.0174336626	0.0002841055
164.5234604000	60.6218559809	1.0138955609	0.0177038262	0.0002960950
165.0178070000	61.3509383755	1.0772902817	0.0179167452	0.0003146086
166.1055298000	60.6536157049	1.2683523870	0.0177131012	0.0003704059
166.5241852000	61.7489534054	1.3644143599	0.0180329803	0.0003984595
167.0025482000	61.8453483069	1.0164940400	0.0180611312	0.0002968539
167.5264893000	61.1056224933	1.0185968222	0.0178451039	0.0002974680
168.0013428000	59.2307817521	1.1320458442	0.0172975810	0.0003305993
168.5170288000	61.8161742474	1.3335724854	0.0180526113	0.0003894525
169.0527039000	61.0862331394	1.0979655592	0.0178394415	0.0003206466
169.5243683000	60.4925740044	1.2966124245	0.0176660711	0.0003786588
170.0453949000	60.2834097754	1.0571150528	0.0176049874	0.0003087167
170.5222626000	61.6045717342	1.1303179739	0.0179908156	0.0003300947
171.0474854000	61.6899167776	1.2384636979	0.0180157395	0.0003616772
171.5265350000	61.2870126040	0.9919583515	0.0178980765	0.0002896886
172.0048065000	61.1020971554	1.4859719869	0.0178440744	0.0004339588
172.5369568000	60.3158638337	1.2021043164	0.0176144651	0.0003510590
173.0105133000	60.9142446534	1.0633668835	0.0177892145	0.0003105425
173.5117874000	61.2104072964	1.3060058597	0.0178757049	0.0003814021
174.0135803000	61.1175660241	1.2518508231	0.0178485919	0.0003655868
174.5547638000	62.2286738226	1.0746557689	0.0181730765	0.0003138393
175.0004196000	59.8032047665	1.2222168479	0.0174647497	0.0003569326
175.5019684000	60.0783761809	1.1185429268	0.0175451100	0.0003266559
176.5173340000	60.9527653219	1.2462496947	0.0178004640	0.0003639510
177.0288696000	61.8274738162	1.2736782614	0.0180559112	0.0003719612
177.5022278000	61.1779162217	1.3190747683	0.0178662164	0.0003852187
178.0185089000	61.1813865022	1.3053497541	0.0178672298	0.0003812105
178.5104980000	60.9191444405	1.2025271587	0.0177906454	0.0003511824
179.0443268000	61.7877752988	1.2001482781	0.0180443178	0.0003504877
179.5022583000	62.3366946557	1.3101235752	0.0182046226	0.0003826046
180.0111847000	62.3290625394	1.2837676049	0.0182023937	0.0003749077
180.5419159000	60.7821177563	1.1482404188	0.0177506285	0.0003353287
181.0164490000	61.9958783510	1.1626392272	0.0181050916	0.0003395337
181.5165100000	59.7781185515	1.1676359552	0.0174574236	0.0003409929
182.0253754000	62.3280015584	1.2732200047	0.0182020838	0.0003718274
182.5168838500	61.7691379343	1.2530967873	0.0180388750	0.0003659507
183.0073090000	61.1204209555	1.1986124401	0.0178494256	0.0003500392
183.5365143000	60.6801422909	1.1414499594	0.0177208479	0.0003333456
184.0136108000	62.1540419891	1.2132290674	0.0181512812	0.0003543078
184.5124283000	59.8798039633	1.3201028949	0.0174871195	0.0003855189
185.0160980000	62.2117748897	1.2069385538	0.0181681414	0.0003524707
185.5196609500	62.2454472030	1.2711106360	0.0181779749	0.0003712114
186.0153503000	60.8304210417	1.2238156369	0.0177647349	0.0003573995
186.8990479000	61.3198396077	1.1690610185	0.0179076632	0.0003414091
187.0504913000	60.6084128140	1.2426228589	0.0176999003	0.0003628919
187.5167389000	61.7265685247	1.1622154058	0.0180264431	0.0003394099
188.0437012000	61.2224042894	1.2619399461	0.0178792085	0.0003685332
188.5329742000	61.1392348506	1.0974175934	0.0178549200	0.0003204866
189.0322799500	62.2020747264	1.3701169860	0.0181653085	0.0004001249
189.5819855000	60.7197589626	1.4703989197	0.0177324175	0.0004294109
190.0118713000	61.7828732958	1.1102977044	0.0180428862	0.0003242480
190.5127716000	59.6525205046	1.1248059015	0.0174207443	0.0003284850
191.0077972000	61.0056827232	1.2266074517	0.0178159178	0.0003582148
191.5442505000	61.5147644994	0.9839862926	0.0179645885	0.0002873604
192.0166779000	61.2147770156	1.2655907996	0.0178769811	0.0003695994
192.5478516000	60.8815296518	1.1918384551	0.0177796605	0.0003480610
193.0223541000	62.0401346669	1.2749999474	0.0181180161	0.0003723472
193.5234451500	62.0595563987	1.2502135345	0.0181236879	0.0003651086
194.0249634000	60.7855521039	1.1664176421	0.0177516315	0.0003406371
194.5126343000	59.8721160144	1.1516745895	0.0174848743	0.0003363316
195.0420685000	61.7250652140	1.1706665970	0.0180260041	0.0003418780
195.5253906000	62.3044307445	1.3040755783	0.0181952003	0.0003808383
196.0279998500	61.7028048205	1.2858717386	0.0180195033	0.0003755222
197.2528457500	61.0247239286	0.9846103370	0.0178214785	0.0002875427
197.5134735000	62.8829133624	1.3426050907	0.0183641386	0.0003920904
198.0022049000	58.8643365256	1.3514330604	0.0171905654	0.0003946685
198.5090179000	61.0577436260	1.1345332448	0.0178311215	0.0003313257
199.0420837000	62.0046539336	1.2446333040	0.0181076544	0.0003634790
199.5229034000	62.0891008142	1.2509847492	0.0181323160	0.0003653339
200.0196991000	61.0421363512	1.1595197046	0.0178265636	0.0003386227
200.5186157000	60.3949912283	1.0065881309	0.0176375733	0.0002939610
201.0395050000	59.9592530988	1.2909077272	0.0175103216	0.0003769928
201.5064850000	63.1641158524	1.3011664380	0.0184462602	0.0003799888
202.0143280000	60.9609195578	1.4693333255	0.0178028453	0.0004290997
202.5210419000	61.4748132483	1.4082394298	0.0179529213	0.0004112580
203.0448456000	59.7615363659	0.9924162714	0.0174525810	0.0002898223
203.5058975000	60.7688107649	1.1355387781	0.0177467424	0.0003316194
204.0068970000	61.5343649267	1.3703978008	0.0179703126	0.0004002069
204.5508575000	61.1311178906	1.2035953479	0.0178525495	0.0003514944
205.0108948000	61.6071603317	1.1183407168	0.0179915715	0.0003265969
205.5146332000	61.1488749511	1.1013724323	0.0178577352	0.0003216415
206.0425415000	61.5462809901	1.1986188758	0.0179737925	0.0003500411
206.5141144000	61.4857993917	1.3158123838	0.0179561296	0.0003842659
207.6563721000	60.9823021707	1.2322242420	0.0178090898	0.0003598551
208.0119552500	60.0217931949	1.3017909152	0.0175285856	0.0003801711
208.5533752000	60.8451640722	1.2838561383	0.0177690404	0.0003749335
209.0788727000	61.4415980804	1.1279785446	0.0179432212	0.0003294115
209.5131378000	60.8714728011	1.1292875520	0.0177767235	0.0003297938
210.0117645000	61.2301536812	1.1479418300	0.0178814716	0.0003352415
210.5233459500	60.9243539602	1.0077140540	0.0177921668	0.0002942898
211.0737762000	62.1607900535	1.1573017487	0.0181532519	0.0003379750
211.5114364500	62.0528941485	1.2339123198	0.0181217423	0.0003603481
212.0064240000	61.9630180342	1.2256542085	0.0180954951	0.0003579364
212.5255432000	59.5547400011	1.2346898795	0.0173921888	0.0003605752
213.0157623500	61.4158091916	1.0656938789	0.0179356899	0.0003112221
213.5169067000	60.9187404987	1.0699635881	0.0177905274	0.0003124690
214.0080109000	61.6179792246	1.0755072367	0.0179947310	0.0003140879
214.5001907500	60.1824075783	1.4497114802	0.0175754910	0.0004233694
215.0211487000	61.7433901131	1.4834342254	0.0180313557	0.0004332177
215.5021667000	59.7186398453	1.4031827046	0.0174400536	0.0004097813
216.0468292500	60.6525456874	1.3170760796	0.0177127887	0.0003846350
216.5535126000	62.1799908599	1.4598415593	0.0181588592	0.0004263278
217.0058517500	60.9877992259	1.5357298051	0.0178106952	0.0004484900
218.0114594000	61.4601309969	1.3029140543	0.0179486335	0.0003804991
218.5076828000	60.6281086392	1.2919591728	0.0177056522	0.0003772999
219.0153809000	60.5038869106	1.2732459547	0.0176693748	0.0003718350
219.5129089000	61.1604072073	1.2891563337	0.0178611031	0.0003764814
220.0163879000	60.8225567420	1.5124209423	0.0177624382	0.0004416829
220.5407104000	60.3299913623	1.1596743376	0.0176185909	0.0003386678
221.0095673000	59.7084037080	1.2367905394	0.0174370643	0.0003611886
221.5205383000	61.5619873041	1.4758824329	0.0179783793	0.0004310123
222.0405579000	60.3671425574	1.1992577626	0.0176294404	0.0003502277
222.5125275000	61.0785804729	1.3935986992	0.0178372066	0.0004069824
223.0581818000	60.5004342190	1.3569251399	0.0176683665	0.0003962724
223.5044098000	60.7435967058	1.3661723286	0.0177393790	0.0003989729
224.0566559000	62.0880530568	1.1471036140	0.0181320100	0.0003349967
224.5206299000	60.4298230681	1.3125168218	0.0176477455	0.0003833035
225.0033417000	60.7994705304	1.1074016667	0.0177556962	0.0003234023
225.5231476000	60.8093293819	1.2551381313	0.0177585753	0.0003665468
226.0263519000	60.7978841563	1.0680295474	0.0177552329	0.0003119042
226.5215835500	60.4910543388	1.2050637705	0.0176656273	0.0003519232
227.0246429000	60.2219423974	1.1944544275	0.0175870366	0.0003488249
227.5502167000	61.6675616145	1.6842591706	0.0180092109	0.0004918660
228.4175262500	61.0417464088	1.2790908909	0.0178264497	0.0003735419
228.5453339000	61.0931135986	1.2008235637	0.0178414508	0.0003506849
229.0087738000	61.8224345255	1.4536325455	0.0180544396	0.0004245145
229.5245514000	60.8536680074	1.1604215718	0.0177715239	0.0003388861
230.0236359000	59.8210775784	1.5051467891	0.0174699692	0.0004395586
230.5137710500	61.8783659469	1.1416148504	0.0180707736	0.0003333938
231.0102081000	58.4831311687	1.2799696064	0.0170792394	0.0003737985
231.5205993500	60.1223274425	1.2554586378	0.0175579453	0.0003666404
232.0047378500	60.7325637184	1.2021922146	0.0177361569	0.0003510846
232.5008392000	61.0108358163	1.1211709699	0.0178174227	0.0003274234
233.0660706000	59.5628503921	1.1919031231	0.0173945573	0.0003480798
233.5383759000	60.6618733022	1.4370006609	0.0177155127	0.0004196574
234.0200958000	59.7166736202	1.2315144073	0.0174394794	0.0003596478
234.5062561000	61.6769081733	1.3319662470	0.0180119405	0.0003889835
235.0123444000	60.0899690221	1.3775316925	0.0175484955	0.0004022903
235.5013275000	59.5226945200	1.4656958623	0.0173828303	0.0004280375
236.0322571000	61.1856938479	1.4808594110	0.0178684877	0.0004324658
236.5005875000	60.1572268375	1.2822839672	0.0175681373	0.0003744744
237.0199890000	60.2322633187	1.6550834852	0.0175900507	0.0004833456
237.5104828000	60.1876680048	1.4029984409	0.0175770272	0.0004097275
238.0252304000	60.1109288751	1.2572378170	0.0175546165	0.0003671600
238.7740631000	59.3327373785	1.3282873037	0.0173273558	0.0003879091
239.0334473000	59.5086966068	1.3697335032	0.0173787424	0.0004000129
239.5093842000	60.0703624327	1.2992137377	0.0175427696	0.0003794185
240.0102615500	60.3762671107	1.5602200573	0.0176321051	0.0004556420
240.5040436000	58.9414992981	1.2811830169	0.0172130998	0.0003741529
241.0222168000	59.8903338817	1.3066894301	0.0174901946	0.0003816017
241.5184097000	59.2051396399	1.2375961941	0.0172900926	0.0003614239
242.0497513000	58.2687880986	1.1785569007	0.0170166432	0.0003441822
242.5460358000	58.7690541718	1.6188867898	0.0171627395	0.0004727749
243.0080261000	60.4224671164	1.2532445808	0.0176455972	0.0003659938
243.5217819000	60.1894567933	1.2381892973	0.0175775496	0.0003615971
244.0189514000	59.3069082560	1.3557643777	0.0173198128	0.0003959334
244.5276565500	58.7172024451	1.4281722315	0.0171475968	0.0004170792
245.0261688000	58.2628189037	1.4131026077	0.0170149000	0.0004126783
245.5422974000	59.1739257284	1.4743284633	0.0172809769	0.0004305585
246.0239258000	58.5172624007	1.3665855038	0.0170892069	0.0003990936
246.5246048000	58.1682310784	1.2557800959	0.0169872769	0.0003667343
247.0194702000	58.9609701773	1.2040408277	0.0172187860	0.0003516245
247.5078125000	59.3465081893	1.4319410924	0.0173313774	0.0004181798
248.0143127000	57.8418282598	1.1026872826	0.0168919552	0.0003220255
249.1716766000	59.2036270365	1.1595157622	0.0172896508	0.0003386215
249.5392761000	57.9746162483	1.4958181836	0.0169307342	0.0004368343
250.0209198000	57.7105692604	1.1490088933	0.0168536227	0.0003355531
250.5177078500	57.5039992457	1.3710540865	0.0167932966	0.0004003985
251.0276489000	58.4470341133	1.2301896017	0.0170686977	0.0003592609
251.5028076000	58.0317425967	1.5216784496	0.0169474172	0.0004443864
252.0023651500	58.1630359737	1.3988390207	0.0169857597	0.0004085128
252.5069275000	57.0640916557	1.3778845351	0.0166648273	0.0004023933
253.0315094000	58.3538696694	1.2210770366	0.0170414902	0.0003565997
253.5272979500	59.3599936711	1.3126979222	0.0173353157	0.0003833564
254.0284424000	57.8807424600	1.6331007373	0.0169033196	0.0004769259
254.5039215000	57.9298693898	1.4853738401	0.0169176664	0.0004337842
255.0392456000	56.9187696612	1.4517916784	0.0166223879	0.0004239769
255.5157623000	57.7639094542	1.1507452306	0.0168692000	0.0003360602
256.0191879000	58.8602900519	1.5157487361	0.0171893837	0.0004426547
256.5058746500	57.5128623068	1.3107817283	0.0167958849	0.0003827968
257.0096741000	56.9294939555	1.2792703910	0.0166255198	0.0003735943
257.5087280500	58.9501749259	1.4239431895	0.0172156334	0.0004158441
258.0087585000	57.9324961757	1.3785680222	0.0169184336	0.0004025929
258.5324097000	56.4165370508	1.2682603484	0.0164757174	0.0003703790
259.5153809000	56.7416803122	1.4907778553	0.0165706712	0.0004353623
260.0114746000	55.4851400648	1.0109773767	0.0162037150	0.0002952428
260.5244598500	57.5323516778	1.3138838714	0.0168015765	0.0003837027
261.0154724000	57.3385131292	1.2262597904	0.0167449685	0.0003581133
261.5399780000	57.7639660545	1.3252415885	0.0168692165	0.0003870196
262.0132141000	57.7332610466	1.5050885310	0.0168602495	0.0004395416
262.5158081000	57.7216614552	1.4189603198	0.0168568620	0.0004143889
263.0058289000	58.4125071741	1.2817633870	0.0170586145	0.0003743224
263.5483093000	56.1090345499	1.2435126560	0.0163859153	0.0003631517
264.0354309000	56.2344519072	1.1926574651	0.0164225418	0.0003483001
264.5183411000	55.8459419633	1.6056875767	0.0163090825	0.0004689202
265.0131225500	56.5197743315	1.2531465850	0.0165058665	0.0003659652
265.5201721000	57.6879414868	1.1512730049	0.0168470145	0.0003362143
266.0202331500	56.6827787363	1.1762513933	0.0165534698	0.0003435090
266.5107116500	56.3845477353	1.2744222403	0.0164663753	0.0003721785
267.0086975000	57.3232184789	1.2973773087	0.0167405019	0.0003788822
267.5231628000	56.9985381317	1.3517907472	0.0166456832	0.0003947729
268.0023804000	56.5364136505	1.1351712978	0.0165107258	0.0003315120
268.5281677000	56.2141576451	1.5076288417	0.0164166151	0.0004402834
269.0011902000	57.0363491138	1.8374555955	0.0166567254	0.0005366051
269.8999023000	56.4498210182	1.3386699315	0.0164854375	0.0003909412
270.0058899000	54.8455169159	1.5360374417	0.0160169213	0.0004485798
270.5473022000	55.2700526606	1.2534155092	0.0161409015	0.0003660437
271.0072021000	55.4345232914	1.5290078456	0.0161889330	0.0004465269
271.5343933000	55.2627594802	1.4452617662	0.0161387716	0.0004220699
272.0043030000	54.4556603615	1.1508962291	0.0159030688	0.0003361043
272.5062408500	56.4360112268	1.2567978060	0.0164814045	0.0003670315
273.0144958000	56.1544454449	1.3757105996	0.0163991769	0.0004017584
273.5399170000	56.8079752123	1.2680773194	0.0165900318	0.0003703255
274.0196228000	55.9672855185	1.6756711263	0.0163445193	0.0004893580
274.5069580000	54.6923346892	1.5225532566	0.0159721864	0.0004446419
275.0345459000	57.1323873947	1.3859592900	0.0166847722	0.0004047514
275.5126953000	55.5552088016	1.4890999553	0.0162241776	0.0004348723
276.0191497500	54.3378374487	1.3437039690	0.0158686601	0.0003924113
276.5188904000	56.4668985335	1.1476779566	0.0164904248	0.0003351645
277.0121765000	55.1771196897	1.2442281413	0.0161137616	0.0003633607
277.5348206000	54.5189255545	1.4932380515	0.0159215446	0.0004360808
278.0108032000	55.6326188310	1.4902935252	0.0162467842	0.0004352209
278.5355530000	56.1561763315	1.7167287137	0.0163996824	0.0005013483
279.0148621000	55.5882157643	1.3507771154	0.0162338169	0.0003944769
279.5064087000	54.2524560946	1.5124065809	0.0158437256	0.0004416787
280.3315735000	55.0171388809	1.5302168256	0.0160670413	0.0004468800
280.5364075000	53.8812630022	1.7304548127	0.0157353235	0.0005053569
281.0084534000	54.3395046681	1.4000187364	0.0158691470	0.0004088573
281.5473022500	55.4784020361	1.4859190193	0.0162017472	0.0004339434
282.0149078000	53.8839706779	1.3253020035	0.0157361142	0.0003870372
282.5018310500	54.2587782146	1.4893705236	0.0158455719	0.0004349513
283.0013428000	54.6646665233	1.3266851487	0.0159641063	0.0003874412
283.5208130000	55.6450832420	1.2818365140	0.0162504243	0.0003743437
284.0117493000	53.0713066353	1.3044855106	0.0154987862	0.0003809581
284.5103607500	51.6670878527	1.4502412316	0.0150887024	0.0004235241
285.0111694000	55.6503708604	1.2220404541	0.0162519685	0.0003568811
285.5414124000	53.1479445396	1.2817775897	0.0155211673	0.0003743265
286.0110474000	51.8919592735	1.6060626993	0.0151543732	0.0004690298
286.5090637500	53.8564526988	1.2395935093	0.0157280780	0.0003620072
287.0093079000	52.5530223339	1.3478562947	0.0153474280	0.0003936239
287.5296631000	52.5281591098	1.4286041885	0.0153401671	0.0004172053
288.0249786500	51.1158719953	1.1901936899	0.0149277269	0.0003475806
288.5329590000	52.9602714872	1.2521160626	0.0154663599	0.0003656642
289.0096741000	52.1021763731	1.6012167093	0.0152157643	0.0004676146
289.5117798000	53.0530755224	1.3028654407	0.0154934621	0.0003804849
290.7319031000	54.6168109232	1.3942414162	0.0159501307	0.0004071701
291.0216675000	52.3899841279	1.3683840985	0.0152998148	0.0003996188
291.5302734000	52.1361767624	1.2291557949	0.0152256937	0.0003589590
292.0261535500	53.1860239540	1.2591762774	0.0155322879	0.0003677261
292.5410461000	51.5020300681	1.6025732100	0.0150404994	0.0004680107
293.0203552000	52.8681957790	1.7202078606	0.0154394704	0.0005023644
293.5076599000	52.3824545251	1.5636881661	0.0152976159	0.0004566548
294.0028534000	54.4336239387	1.4230265057	0.0158966333	0.0004155764
294.5101624000	51.2068488647	1.3914223725	0.0149542956	0.0004063468
295.0151672500	51.5293243458	1.5175181477	0.0150484703	0.0004431715
295.5185547000	50.8890876405	1.4610287764	0.0148614975	0.0004266745
296.0352630500	53.0796745408	1.2830424180	0.0155012300	0.0003746959
296.5078125000	50.6943639815	1.3458801063	0.0148046310	0.0003930468
297.0191040000	51.9053571558	1.5112572446	0.0151582858	0.0004413431
297.5112457000	51.3033125246	1.5347045728	0.0149824665	0.0004481906
298.0610657000	53.1571350604	1.4939289686	0.0155238513	0.0004362826
298.5384521000	50.8395427818	1.3961316491	0.0148470286	0.0004077221
299.0352478000	50.8986408988	1.5096180998	0.0148642874	0.0004408644
299.5356750000	50.2727573362	1.3142338420	0.0146815062	0.0003838049
300.0095520000	50.5797300285	1.3388457919	0.0147711536	0.0003909925
301.0973511000	51.9813976112	1.3675867268	0.0151804925	0.0003993860
301.5198669000	49.2334420587	1.5525687651	0.0143779877	0.0004534076
302.0226746000	49.1420087658	1.2118277367	0.0143512858	0.0003538986
302.5503540000	50.7244416118	1.3838399152	0.0148134148	0.0004041325
303.0065460000	50.4500449588	1.5227309432	0.0147332808	0.0004446938
303.5067749000	49.4695721722	1.1839411618	0.0144469464	0.0003457546
304.0053253500	49.3890454571	1.4747682376	0.0144234297	0.0004306869
304.5104675000	49.9716329073	1.6569090868	0.0145935668	0.0004838788
305.0309143000	48.8401030580	1.6534201700	0.0142631182	0.0004828599
305.5074463000	50.9489147879	1.4498769368	0.0148789693	0.0004234177
306.0308228000	49.9989934030	1.3145292702	0.0146015570	0.0003838912
306.5492249000	49.1461537180	1.7085933562	0.0143524963	0.0004989725
307.0040435500	47.9417476611	1.1547259717	0.0140007651	0.0003372227
307.5540771000	50.6114279491	1.6156198273	0.0147804106	0.0004718208
308.0177307500	50.5245210278	1.5297243755	0.0147550306	0.0004467361
308.5508881000	47.8858307333	1.3094330504	0.0139844353	0.0003824029
309.0156555000	50.2744364666	1.6579157571	0.0146819966	0.0004841728
309.5489197000	50.0190172309	1.4915336993	0.0146074047	0.0004355831
310.0731201000	49.8298382006	1.3284292823	0.0145521575	0.0003879505
310.5424805000	49.0452651834	1.5139475675	0.0143230331	0.0004421287
311.5412903000	48.7157486793	1.3819171026	0.0142268021	0.0004035710
312.0209351000	50.4756619966	1.4596553380	0.0147407619	0.0004262734
312.5504456000	49.7720807214	1.4082475512	0.0145352901	0.0004112604
313.0147705000	48.6084642315	1.4084174528	0.0141954710	0.0004113100
313.5500793000	49.0839391743	1.3013258010	0.0143343273	0.0003800353
314.0704041000	47.7653654198	1.4097583503	0.0139492550	0.0004117016
314.5416260000	48.4688514455	1.3358693427	0.0141546989	0.0003901233
315.0682373000	47.3934931862	1.4654287581	0.0138406545	0.0004279594
315.5207367000	48.8385660343	1.6866222868	0.0142626693	0.0004925561
316.0372314000	49.6830810182	1.6065557277	0.0145092989	0.0004691737
316.5183716000	49.6231172491	1.5091138932	0.0144917873	0.0004407171
317.0235901000	47.4257485280	1.2751793606	0.0138500743	0.0003723996
317.5482483000	47.9228881448	1.4990551456	0.0139952574	0.0004377796
318.0089111000	46.5733039316	1.4840457296	0.0136011289	0.0004333963
318.5235596000	46.0419376644	1.2622391349	0.0134459503	0.0003686206
319.0158386000	48.5106753179	1.5217502445	0.0141669131	0.0004444074
319.5108032000	48.2459391501	1.5135644815	0.0140896003	0.0004420169
320.0128632000	46.7830873815	1.7679002919	0.0136623934	0.0005162923
320.5064697000	47.0573082433	1.6033496855	0.0137424761	0.0004682375
321.0292358000	47.2091474493	1.7133279448	0.0137868187	0.0005003552
321.9109497000	47.4911072937	1.3355326267	0.0138691615	0.0003900250
322.0117188000	46.8199022766	1.3505611046	0.0136731447	0.0003944138
322.5394897000	46.4492702382	1.8571051284	0.0135649065	0.0005423434
323.0162048000	47.0383606198	1.7668261629	0.0137369427	0.0005159786
323.5137176500	48.2493528962	1.6133006863	0.0140905972	0.0004711435
324.0010376000	47.0056692203	1.4237488562	0.0137273956	0.0004157874
324.5046997000	49.3656831089	1.7686275419	0.0144166070	0.0005165047
325.0328369000	48.2811404950	1.8375062698	0.0140998804	0.0005366199
325.5155182000	46.1921602472	1.2369377562	0.0134898208	0.0003612316
326.0244598500	46.1053293555	1.4232716433	0.0134644630	0.0004156480
326.5033111500	45.7197853464	1.9404999375	0.0133518699	0.0005666978
327.0220642000	47.1112378976	1.4248394724	0.0137582255	0.0004161059
327.5279236000	47.4244787032	1.4152160226	0.0138497034	0.0004132955
328.0069580000	45.5875472389	1.7350002215	0.0133132515	0.0005066843
328.5021057000	45.9313836775	1.4356867751	0.0134136644	0.0004192737
329.0729980000	45.8750860662	1.5456636729	0.0133972234	0.0004513910
329.5009155000	46.5124420188	1.5084568387	0.0135833550	0.0004405252
330.0003051500	45.3068473180	1.4665975137	0.0132312767	0.0004283008
330.5032043000	46.2062252912	1.7037371534	0.0134939283	0.0004975543
331.0332947000	43.6540839270	1.4253859002	0.0127486086	0.0004162655
331.5117493000	46.3229534286	1.6544155776	0.0135280173	0.0004831506
332.3247681000	45.4287125066	1.5924883474	0.0132668658	0.0004650656
332.5254211000	45.1779428647	1.4207466901	0.0131936318	0.0004149106
333.0288238500	45.2623670025	1.6658437456	0.0132182868	0.0004864880
333.5090789500	44.7954201141	1.3653060637	0.0130819210	0.0003987199
334.0192566000	44.1429407430	1.7294806963	0.0128913729	0.0005050724
334.5276489000	44.6018509265	1.3513249677	0.0130253916	0.0003946369
335.0382385000	46.5788065749	1.4568998633	0.0136027359	0.0004254687
335.5230560500	43.5366804758	1.4554847328	0.0127143224	0.0004250554
336.0198364000	42.3543726833	1.4214378496	0.0123690448	0.0004151125
336.5319214000	45.4932738158	1.8530268274	0.0132857201	0.0005411524
337.0393677000	42.5943484583	1.5149152778	0.0124391266	0.0004424113
337.5197449000	44.1159479299	1.7429918616	0.0128834900	0.0005090181
338.0230865500	42.9663728917	1.7377889732	0.0125477715	0.0005074987
338.5163269000	43.7914281792	1.5839501323	0.0127887182	0.0004625721
339.0013427500	42.9153903721	1.2118008537	0.0125328827	0.0003538907
339.5493774000	42.1894660236	1.5802905348	0.0123208859	0.0004615033
340.0393982000	43.1553890694	1.5689274639	0.0126029712	0.0004581849
340.5155334000	44.0024462662	1.7850462104	0.0128503433	0.0005212996
341.0375977000	42.5171029133	1.5011331506	0.0124165680	0.0004383865
341.5160522000	42.3690240181	1.2031327633	0.0123733235	0.0003513593
342.7567444000	42.8849830916	1.6343681231	0.0125240027	0.0004772960
343.0141296000	44.9586869162	1.8371901602	0.0131296010	0.0005365275
343.5435791000	43.4044382913	1.4101621336	0.0126757028	0.0004118195
344.0242920000	42.5252189452	1.4640691655	0.0124189382	0.0004275624
344.5038757000	42.3398269252	1.3258182774	0.0123647969	0.0003871880
345.0464325000	43.1264979043	1.5493457092	0.0125945339	0.0004524663
345.5218658500	42.6016664103	1.3382454433	0.0124412637	0.0003908172
346.0038299500	40.9198483881	2.0066977845	0.0119501106	0.0005860300
346.5010071000	42.6289623028	1.6094026135	0.0124492351	0.0004700051
347.0292664000	43.1361764078	1.6542812753	0.0125973604	0.0004831114
347.5229187000	40.5383176384	1.2627510433	0.0118386895	0.0003687701
348.0392456000	42.5917231121	1.7812282296	0.0124383599	0.0005201846
348.5309296000	41.2950868573	1.5753871134	0.0120596941	0.0004600714
349.0028381500	43.3039903917	1.6622127714	0.0126463683	0.0004854277
349.5042114000	40.3589324613	1.2215889033	0.0117863024	0.0003567492
349.7826080500	42.8123595821	1.6497340345	0.0125027939	0.0004817834
