#File generated by ModelExp v0.7.0
#Generated at 2019-01-07 21:56:45.448715

#[[Data]] 0
#r / nm	SLD / 1e-6 A-2
-7.453882835927713	20.127054161820706
-7.336919272339374	20.127831509707427
-7.219955708751034	20.128715661235564
-7.102992145162693	20.129719227905063
-6.986028581574354	20.130856001325867
-6.869065017986014	20.132141020574252
-6.752101454397675	20.13359063752137
-6.635137890809335	20.135222579131113
-6.518174327220995	20.137056005625897
-6.401210763632655	20.139111563322235
-6.284247200044315	20.141411430844965
-6.167283636455975	20.143979357340328
-6.0503200728676365	20.146840691225854
-5.933356509279296	20.150022397939757
-5.816392945690956	20.153553065086047
-5.6994293821026165	20.157462893313895
-5.582465818514277	20.16178367122219
-5.465502254925937	20.166548732542463
-5.3485386913375965	20.171792893825284
-5.231575127749258	20.177552370836253
-5.114611564160917	20.183864671856586
-4.997648000572577	20.19076846607838
-4.880684436984238	20.198303425283513
-4.763720873395899	20.206510036995585
-4.646757309807558	20.21542938729312
-4.529793746219218	20.22510291146567
-4.412830182630879	20.235572110680376
-4.295866619042539	20.246878232800288
-4.1789030554541995	20.25906191545557
-4.061939491865859	20.272162789412533
-3.9449759282775196	20.286219040211396
-3.8280123646891795	20.301266925954
-3.71104880110084	20.31734024901841
-3.5940852375125005	20.33446977936512
-3.4771216739241604	20.35268262698617
-3.3601581103358207	20.37200156094666
-3.2431945467474805	20.392444272392343
-3.126230983159141	20.41402257886726
-3.0092674195708016	20.436741567325058
-2.892303855982461	20.46059867335491
-2.7753402923941217	20.48558269441006
-2.658376728805782	20.51167273525885
-2.541413165217442	20.538837084513908
-2.424449601629102	20.56703202197413
-2.307486038040763	20.59620055767701
-2.1905224744524228	20.626271105044033
-2.073558910864083	20.657156092343833
-1.956595347275743	20.688750518925588
-1.8396317836874032	20.72093046530776
-1.7226682200990637	20.75355156925224
-1.6057046565107236	20.78644748340427
-1.488741092922384	20.819428333908384
-1.3717775293340437	20.852279203574653
-1.2548139657457043	20.884758667599062
-1.1378504021573648	20.916597414444375
-1.0208868385690253	20.94749698914449
-0.9039232749806857	20.977128700864323
-0.7869597113923448	21.005132740861384
-0.6699961478040052	21.031117560867457
-0.5530325842156657	21.054659565136777
-0.43606902062732616	21.075303171775694
-0.31910545703898663	21.092561300262354
-0.20214189345064568	21.105916342071396
-0.08517832986230615	21.11482166984219
0.03178523372603337	21.118703737400523
0.1487487973143729	21.116964818028688
0.26571236090271244	21.108986421594594
0.38267592449105337	21.094133422467863
0.4996394880793929	21.071758919611113
0.6166030516677324	21.041209837949022
0.7335666152560719	21.00183326627544
0.8505301788444115	20.952983511824996
0.9674937424327524	20.89402983554652
1.084457306021092	20.824364815472165
1.2014208696094315	20.743413268828544
1.318384433197771	20.650641647166985
1.4353479967861105	20.54556780329356
1.55231156037445	20.42777101463427
1.669275123962791	20.296902135316948
1.7862386875511305	20.152693739058634
1.90320225113947	19.994970107194167
2.0201658147278097	19.823656911030188
2.137129378316149	19.638790435189424
2.25409294190449	19.440526188614065
2.3710565054928296	19.229146752176774
2.488020069081169	19.005068716030536
2.6049836326695086	18.76884856544215
2.7219471962578483	18.52118738036225
2.8389107598461876	18.262934220838314
2.9558743234345286	17.99508807706887
3.0728378870228683	17.71879826902656
3.1898014506112076	17.435363185913662
3.3067650141995473	17.146227260254832
3.4237285777878865	16.85297607545444
3.5406921413762276	16.557329509736412
3.6576557049645673	16.261132824448175
3.7746192685529065	15.9663456119491
3.8915828321412462	15.675028529169007
4.008546395729586	15.389327759022754
4.1255099593179265	15.111457164856342
4.242473522906266	14.843678134528496
4.359437086494606	14.588277151878424
4.476400650082946	14.34754118503046
4.5933642136712844	14.123731043454876
4.710327777259626	13.91905292838665
4.827291340847966	13.735628482656676
4.944254904436304	13.575463733813676
5.061218468024644	13.44041741525542
5.178182031612984	13.332169239705387
5.2951455952013236	13.252188782797594
5.412109158789663	13.20170570630077
5.529072722378002	13.181682104961407
5.646036285966342	13.192787792574501
5.762999849554684	13.235379346758982
5.879963413143024	13.309483704036792
5.9969269767313635	13.414787034540662
6.113890540319703	13.55062952801473
6.230854103908042	13.716006590630084
6.347817667496382	13.9095767884462
6.4647812310847215	14.12967668306334
6.581744794673061	14.374342494967516
6.698708358261401	14.641338308703604
6.81567192184974	14.928190310949587
6.932635485438082	15.23222633810521
7.049599049026422	15.550619814535505
7.1665626126147615	15.880436995971627
7.283526176203101	16.218686303464537
7.400489739791441	16.562368448701054
7.51745330337978	16.908526016248068
7.634416866968119	17.254291184711956
7.751380430556459	17.596930336542155
7.868343994144799	17.93388442225615
7.9853075577331385	18.26280410370882
8.102271121321477	18.581578894998614
8.21923468490982	18.888359739328585
8.33619824849816	19.181574695126724
8.453161812086499	19.459937643983285
8.570125375674838	19.722450165634424
8.687088939263178	19.96839694121745
8.804052502851517	20.19733523654734
8.921016066439858	20.409079175151792
9.037979630028197	20.603679631225827
9.154943193616536	20.78140065269677
9.271906757204876	20.942693363610623
9.388870320793218	21.088168294535482
9.505833884381557	21.218567052951123
9.622797447969898	21.33473417749181
9.739761011558237	21.43758992638107
9.856724575146576	21.52810463807279
9.973688138734916	21.607275177871536
10.090651702323255	21.67610385487188
10.207615265911596	21.735580065152966
10.324578829499934	21.786664795225263
10.441542393088273	21.830278008699125
10.558505956676614	21.867288842373807
10.675469520264956	21.89850845763178
10.792433083853295	21.924685330262477
10.909396647441636	21.946502716715926
11.026360211029974	21.964578006511044
11.143323774618313	21.979463657600807
11.260287338206654	21.99164941190212
11.377250901794993	22.00156549954942
11.494214465383333	22.009586560134085
11.611178028971672	22.016036034563886
11.72814159256001	22.021190809514245
11.845105156148351	22.025285925049406
11.962068719736694	22.02851918215134
12.079032283325033	22.03105550779934
12.195995846913373	22.033030947901917
12.312959410501712	22.03455615952035
12.42992297409005	22.035719259851614
12.546886537678391	22.036587856548145
12.66385010126673	22.03721002843418
12.78081366485507	22.037613944587438
12.897777228443408	22.037805702008566
13.01474079203175	22.037764830092843
13.131704355620087	22.03743676181006
13.24866791920843	22.036721422819955
13.365631482796772	22.035456966920336
13.482595046385109	22.03339762735549
13.599558609973451	22.030184708617593
13.716522173561788	22.025309971751227
13.83348573715013	22.01807113016234
13.950449300738466	22.0075199274078
14.067412864326808	21.99240434606579
14.184376427915145	21.971107890239722
14.301339991503488	21.94159052793818
14.41830355509183	21.901337634803674
14.535267118680167	21.847324929250235
14.65223068226851	21.776008640619963
14.769194245856847	21.68335066895763
14.886157809445189	21.564887937223688
15.003121373033526	21.415853222678372
15.120084936621868	21.231351331765925
15.237048500210204	21.006589597877255
15.354012063798546	20.737155627518376
15.470975627386883	20.41932855516271
15.587939190975225	20.050403580891313
15.704902754563568	19.62900419815854
15.821866318151905	19.155353231540612
15.938829881740247	18.631473414855243
16.055793445328582	18.06129126194852
16.172757008916925	17.450624488777063
16.289720572505264	16.807042794940394
16.406684136093606	16.139603460364135
16.52364769968194	15.458475612171917
16.640611263270284	14.774478605448417
16.757574826858622	14.098569198835499
16.874538390446965	13.44131782134493
16.991501954035307	12.812415432824316
17.108465517623642	12.220249106637223
17.225429081211985	11.671576985171159
17.34239264480032	11.171322717400031
17.459356208388662	10.722497312263028
17.576319771977	10.326244114663496
17.693283335565344	9.981991818872451
17.81024689915368	9.6876922501583
17.92721046274202	9.440114781059965
18.04417402633036	9.235167894516229
18.161137589918702	9.068220260075663
18.278101153507038	8.934398038951839
18.39506471709538	8.828840871520725
18.512028280683715	8.74690417017685
18.628991844272058	8.68429503435544
18.745955407860396	8.637109461176363
18.86291897144874	8.601666307556608
18.97988253503708	8.573855028482436
19.096846098625416	8.54741244989065
19.21380966221376	8.510316799724968
19.330773225802098	8.438970432517872
19.44773678939044	8.29191473007522
19.564700352978775	8.008378570449821
19.681663916567118	7.5192014635377715
19.798627480155453	6.773664340253455
19.915591043743795	5.773766588643276
20.032554607332138	4.595088987294095
20.149518170920476	3.374401070137953
20.26648173450882	2.2639083143498855
20.383445298097154	1.3765484629683655
20.500408861685496	0.7537561789281638
20.617372425273835	0.36983830517150024
20.734335988862178	0.16197403109304978
20.851299552450513	0.06312687162044237
20.968263116038855	0.021842065676102508
21.08522667962719	0.006697297318335432
21.202190243215533	0.0018175141708680728
21.319153806803875	0.0004362973764128491
21.436117370392214	9.272829812012021e-05
21.553080933980556	1.753901288696028e-05
21.67004449756889	3.0090749329910165e-06
21.787008061157234	4.992607415270529e-07
21.903971624745573	9.501514158793967e-08
22.020935188333915	2.581236175594904e-08
22.13789875192225	9.71660462322204e-09
22.254862315510593	4.167806982239945e-09
22.371825879098928	1.8299655546319751e-09
22.48878944268727	7.974510266538226e-10
22.605753006275613	3.4257739331931825e-10
22.72271656986395	1.4490023222089865e-10
22.839680133452294	6.032738056934578e-11
22.95664369704063	2.4723197664458518e-11
23.07360726062897	9.972965920972132e-12
23.19057082421731	3.9590319954666e-12
23.307534387805653	1.5466821616863524e-12
23.424497951393988	5.946171289725188e-13
23.54146151498233	2.253107639696439e-13
23.658425078570666	8.470329472543003e-14
23.775388642159008	3.049318610115481e-14
23.89235220574735	1.1858461261560205e-14
24.00931576933569	3.3881317890172014e-15
24.12627933292403	1.6940658945086007e-15
24.243242896512367	0.0
24.36020646010071	0.0
24.477170023689048	0.0
24.59413358727739	0.0
24.711097150865726	0.0
24.828060714454068	0.0
24.945024278042403	0.0
25.061987841630746	0.0
25.178951405219088	0.0
25.295914968807427	0.0
25.41287853239577	0.0
25.529842095984105	0.0
25.646805659572447	0.0
25.763769223160786	0.0
25.880732786749128	0.0
25.997696350337463	0.0
26.114659913925806	0.0
26.231623477514148	0.0
26.348587041102483	0.0
26.465550604690826	0.0
26.582514168279165	0.0
26.699477731867507	0.0
26.816441295455842	0.0
26.933404859044185	0.0
27.050368422632523	0.0
27.167331986220866	0.0
27.2842955498092	0.0
27.401259113397543	0.0
27.518222676985886	0.0
