#FORMAT      : EMSA/MAS Spectral Data File
#VERSION     : 1.0
#TITLE       : Spectrum 1
#DATE        : 04-DEC-2018
#TIME        : 10:20
#OWNER       : 
#NPOINTS     : 2048.
#NCOLUMNS    : 1.
#XUNITS      : keV
#YUNITS      : counts
#DATATYPE    : XY
#XPERCHAN    : 0.0100000
#OFFSET      : -0.200000
#SIGNALTYPE  : EDS
#CHOFFSET    : 20.0000
#LIVETIME    : 100.00000
#REALTIME    : 112.74748
#BEAMKV      : 20.0000
#PROBECUR    : 0.000000
#MAGCAM      : 1390.00
#XTILTSTGE   : 0.0
#AZIMANGLE   : 0.0
#ELEVANGLE   : 35.0
#XPOSITION mm: 0.0000
#YPOSITION mm: 0.0000
#ZPOSITION mm: 0.0000
##OXINSTPT   : 5
##OXINSTSTROB: 49.11
##OXINSTELEMS: 6,8,11,14,26,27
##OXINSTLABEL: 26, 6.404, Fe
##OXINSTLABEL: 26, 7.058, Fe
##OXINSTLABEL: 26, 0.705, Fe
##OXINSTLABEL: 26, 0.628, Fe
##OXINSTLABEL: 8, 0.525, O
##OXINSTLABEL: 14, 1.740, Si
##OXINSTLABEL: 27, 6.930, Co
##OXINSTLABEL: 27, 7.650, Co
##OXINSTLABEL: 27, 0.776, Co
##OXINSTLABEL: 27, 0.694, Co
##OXINSTLABEL: 27, 0.678, Co
##OXINSTLABEL: 6, 0.277, C
##OXINSTLABEL: 11, 1.041, Na
#SPECTRUM    : Spectral Data Starts Here
-0.20000, 0.
-0.19000, 0.
-0.18000, 0.
-0.17000, 0.
-0.16000, 0.
-0.15000, 0.
-0.14000, 1.
-0.13000, 0.
-0.12000, 0.
-0.11000, 0.
-0.10000, 0.
-0.09000, 1.
-0.08000, 1.
-0.07000, 9.
-0.06000, 38.
-0.05000, 146.
-0.04000, 458.
-0.03000, 1059.
-0.02000, 2150.
-0.01000, 3531.
0.00000, 4849.
0.01000, 5605.
0.02000, 5426.
0.03000, 4428.
0.04000, 2973.
0.05000, 1665.
0.06000, 766.
0.07000, 305.
0.08000, 106.
0.09000, 35.
0.10000, 12.
0.11000, 12.
0.12000, 14.
0.13000, 14.
0.14000, 18.
0.15000, 28.
0.16000, 34.
0.17000, 34.
0.18000, 41.
0.19000, 39.
0.20000, 61.
0.21000, 116.
0.22000, 202.
0.23000, 337.
0.24000, 561.
0.25000, 795.
0.26000, 1009.
0.27000, 1101.
0.28000, 1069.
0.29000, 908.
0.30000, 650.
0.31000, 393.
0.32000, 196.
0.33000, 100.
0.34000, 46.
0.35000, 30.
0.36000, 21.
0.37000, 22.
0.38000, 28.
0.39000, 28.
0.40000, 33.
0.41000, 33.
0.42000, 36.
0.43000, 45.
0.44000, 66.
0.45000, 94.
0.46000, 174.
0.47000, 295.
0.48000, 483.
0.49000, 738.
0.50000, 1050.
0.51000, 1284.
0.52000, 1448.
0.53000, 1375.
0.54000, 1167.
0.55000, 894.
0.56000, 565.
0.57000, 369.
0.58000, 265.
0.59000, 180.
0.60000, 172.
0.61000, 184.
0.62000, 174.
0.63000, 184.
0.64000, 195.
0.65000, 209.
0.66000, 269.
0.67000, 359.
0.68000, 465.
0.69000, 567.
0.70000, 624.
0.71000, 647.
0.72000, 574.
0.73000, 514.
0.74000, 397.
0.75000, 308.
0.76000, 280.
0.77000, 269.
0.78000, 245.
0.79000, 201.
0.80000, 177.
0.81000, 167.
0.82000, 125.
0.83000, 93.
0.84000, 74.
0.85000, 53.
0.86000, 38.
0.87000, 36.
0.88000, 31.
0.89000, 33.
0.90000, 39.
0.91000, 40.
0.92000, 44.
0.93000, 39.
0.94000, 41.
0.95000, 40.
0.96000, 41.
0.97000, 48.
0.98000, 47.
0.99000, 40.
1.00000, 50.
1.01000, 69.
1.02000, 77.
1.03000, 79.
1.04000, 75.
1.05000, 86.
1.06000, 82.
1.07000, 67.
1.08000, 65.
1.09000, 62.
1.10000, 71.
1.11000, 69.
1.12000, 61.
1.13000, 64.
1.14000, 54.
1.15000, 63.
1.16000, 73.
1.17000, 66.
1.18000, 58.
1.19000, 61.
1.20000, 69.
1.21000, 74.
1.22000, 73.
1.23000, 75.
1.24000, 72.
1.25000, 80.
1.26000, 74.
1.27000, 64.
1.28000, 71.
1.29000, 72.
1.30000, 73.
1.31000, 77.
1.32000, 79.
1.33000, 69.
1.34000, 72.
1.35000, 77.
1.36000, 72.
1.37000, 85.
1.38000, 92.
1.39000, 91.
1.40000, 92.
1.41000, 79.
1.42000, 69.
1.43000, 85.
1.44000, 95.
1.45000, 95.
1.46000, 96.
1.47000, 83.
1.48000, 101.
1.49000, 109.
1.50000, 91.
1.51000, 80.
1.52000, 89.
1.53000, 99.
1.54000, 98.
1.55000, 94.
1.56000, 102.
1.57000, 96.
1.58000, 86.
1.59000, 102.
1.60000, 98.
1.61000, 97.
1.62000, 89.
1.63000, 97.
1.64000, 108.
1.65000, 102.
1.66000, 106.
1.67000, 111.
1.68000, 121.
1.69000, 117.
1.70000, 129.
1.71000, 159.
1.72000, 189.
1.73000, 207.
1.74000, 221.
1.75000, 215.
1.76000, 195.
1.77000, 176.
1.78000, 166.
1.79000, 152.
1.80000, 140.
1.81000, 122.
1.82000, 107.
1.83000, 110.
1.84000, 109.
1.85000, 95.
1.86000, 99.
1.87000, 102.
1.88000, 92.
1.89000, 95.
1.90000, 103.
1.91000, 103.
1.92000, 112.
1.93000, 108.
1.94000, 101.
1.95000, 106.
1.96000, 100.
1.97000, 101.
1.98000, 109.
1.99000, 104.
2.00000, 97.
2.01000, 100.
2.02000, 107.
2.03000, 112.
2.04000, 110.
2.05000, 109.
2.06000, 100.
2.07000, 95.
2.08000, 104.
2.09000, 121.
2.10000, 111.
2.11000, 96.
2.12000, 101.
2.13000, 102.
2.14000, 95.
2.15000, 94.
2.16000, 104.
2.17000, 104.
2.18000, 96.
2.19000, 97.
2.20000, 94.
2.21000, 94.
2.22000, 99.
2.23000, 95.
2.24000, 86.
2.25000, 89.
2.26000, 103.
2.27000, 107.
2.28000, 106.
2.29000, 112.
2.30000, 106.
2.31000, 102.
2.32000, 114.
2.33000, 107.
2.34000, 90.
2.35000, 94.
2.36000, 104.
2.37000, 106.
2.38000, 95.
2.39000, 86.
2.40000, 99.
2.41000, 108.
2.42000, 106.
2.43000, 92.
2.44000, 82.
2.45000, 94.
2.46000, 101.
2.47000, 98.
2.48000, 87.
2.49000, 88.
2.50000, 86.
2.51000, 85.
2.52000, 96.
2.53000, 99.
2.54000, 98.
2.55000, 99.
2.56000, 107.
2.57000, 101.
2.58000, 92.
2.59000, 88.
2.60000, 89.
2.61000, 95.
2.62000, 96.
2.63000, 101.
2.64000, 103.
2.65000, 95.
2.66000, 98.
2.67000, 96.
2.68000, 93.
2.69000, 93.
2.70000, 92.
2.71000, 96.
2.72000, 87.
2.73000, 84.
2.74000, 102.
2.75000, 99.
2.76000, 80.
2.77000, 76.
2.78000, 85.
2.79000, 89.
2.80000, 81.
2.81000, 85.
2.82000, 94.
2.83000, 92.
2.84000, 82.
2.85000, 78.
2.86000, 80.
2.87000, 86.
2.88000, 79.
2.89000, 78.
2.90000, 87.
2.91000, 86.
2.92000, 86.
2.93000, 85.
2.94000, 80.
2.95000, 73.
2.96000, 82.
2.97000, 91.
2.98000, 90.
2.99000, 82.
3.00000, 86.
3.01000, 88.
3.02000, 86.
3.03000, 88.
3.04000, 89.
3.05000, 85.
3.06000, 90.
3.07000, 85.
3.08000, 75.
3.09000, 84.
3.10000, 94.
3.11000, 91.
3.12000, 85.
3.13000, 80.
3.14000, 81.
3.15000, 84.
3.16000, 82.
3.17000, 79.
3.18000, 72.
3.19000, 63.
3.20000, 75.
3.21000, 79.
3.22000, 78.
3.23000, 74.
3.24000, 80.
3.25000, 76.
3.26000, 68.
3.27000, 73.
3.28000, 89.
3.29000, 89.
3.30000, 82.
3.31000, 73.
3.32000, 75.
3.33000, 86.
3.34000, 88.
3.35000, 86.
3.36000, 74.
3.37000, 75.
3.38000, 74.
3.39000, 69.
3.40000, 68.
3.41000, 68.
3.42000, 62.
3.43000, 69.
3.44000, 67.
3.45000, 72.
3.46000, 82.
3.47000, 74.
3.48000, 75.
3.49000, 77.
3.50000, 76.
3.51000, 61.
3.52000, 72.
3.53000, 83.
3.54000, 75.
3.55000, 69.
3.56000, 73.
3.57000, 80.
3.58000, 70.
3.59000, 77.
3.60000, 77.
3.61000, 79.
3.62000, 77.
3.63000, 67.
3.64000, 60.
3.65000, 64.
3.66000, 67.
3.67000, 59.
3.68000, 59.
3.69000, 66.
3.70000, 69.
3.71000, 65.
3.72000, 62.
3.73000, 62.
3.74000, 63.
3.75000, 62.
3.76000, 69.
3.77000, 73.
3.78000, 70.
3.79000, 64.
3.80000, 62.
3.81000, 63.
3.82000, 72.
3.83000, 66.
3.84000, 59.
3.85000, 58.
3.86000, 65.
3.87000, 65.
3.88000, 65.
3.89000, 76.
3.90000, 66.
3.91000, 54.
3.92000, 64.
3.93000, 70.
3.94000, 54.
3.95000, 57.
3.96000, 58.
3.97000, 59.
3.98000, 46.
3.99000, 45.
4.00000, 56.
4.01000, 57.
4.02000, 49.
4.03000, 50.
4.04000, 57.
4.05000, 57.
4.06000, 62.
4.07000, 71.
4.08000, 67.
4.09000, 59.
4.10000, 58.
4.11000, 63.
4.12000, 64.
4.13000, 59.
4.14000, 54.
4.15000, 62.
4.16000, 64.
4.17000, 57.
4.18000, 48.
4.19000, 57.
4.20000, 55.
4.21000, 52.
4.22000, 59.
4.23000, 55.
4.24000, 65.
4.25000, 63.
4.26000, 58.
4.27000, 60.
4.28000, 55.
4.29000, 52.
4.30000, 64.
4.31000, 67.
4.32000, 56.
4.33000, 51.
4.34000, 57.
4.35000, 59.
4.36000, 55.
4.37000, 51.
4.38000, 56.
4.39000, 53.
4.40000, 55.
4.41000, 58.
4.42000, 60.
4.43000, 52.
4.44000, 59.
4.45000, 56.
4.46000, 47.
4.47000, 45.
4.48000, 53.
4.49000, 57.
4.50000, 44.
4.51000, 51.
4.52000, 52.
4.53000, 57.
4.54000, 49.
4.55000, 43.
4.56000, 51.
4.57000, 57.
4.58000, 46.
4.59000, 55.
4.60000, 63.
4.61000, 58.
4.62000, 52.
4.63000, 50.
4.64000, 60.
4.65000, 59.
4.66000, 71.
4.67000, 61.
4.68000, 52.
4.69000, 51.
4.70000, 58.
4.71000, 51.
4.72000, 48.
4.73000, 53.
4.74000, 54.
4.75000, 42.
4.76000, 36.
4.77000, 39.
4.78000, 54.
4.79000, 50.
4.80000, 48.
4.81000, 50.
4.82000, 50.
4.83000, 41.
4.84000, 42.
4.85000, 48.
4.86000, 56.
4.87000, 52.
4.88000, 44.
4.89000, 45.
4.90000, 61.
4.91000, 58.
4.92000, 47.
4.93000, 48.
4.94000, 39.
4.95000, 45.
4.96000, 45.
4.97000, 40.
4.98000, 44.
4.99000, 61.
5.00000, 51.
5.01000, 42.
5.02000, 49.
5.03000, 46.
5.04000, 45.
5.05000, 42.
5.06000, 45.
5.07000, 47.
5.08000, 43.
5.09000, 58.
5.10000, 49.
5.11000, 45.
5.12000, 52.
5.13000, 45.
5.14000, 43.
5.15000, 44.
5.16000, 55.
5.17000, 42.
5.18000, 45.
5.19000, 55.
5.20000, 46.
5.21000, 39.
5.22000, 42.
5.23000, 46.
5.24000, 46.
5.25000, 45.
5.26000, 41.
5.27000, 43.
5.28000, 47.
5.29000, 45.
5.30000, 53.
5.31000, 44.
5.32000, 45.
5.33000, 37.
5.34000, 43.
5.35000, 40.
5.36000, 46.
5.37000, 53.
5.38000, 56.
5.39000, 42.
5.40000, 45.
5.41000, 54.
5.42000, 35.
5.43000, 46.
5.44000, 47.
5.45000, 49.
5.46000, 40.
5.47000, 46.
5.48000, 34.
5.49000, 43.
5.50000, 40.
5.51000, 32.
5.52000, 36.
5.53000, 44.
5.54000, 35.
5.55000, 34.
5.56000, 38.
5.57000, 42.
5.58000, 49.
5.59000, 46.
5.60000, 39.
5.61000, 35.
5.62000, 27.
5.63000, 41.
5.64000, 37.
5.65000, 37.
5.66000, 39.
5.67000, 32.
5.68000, 40.
5.69000, 41.
5.70000, 40.
5.71000, 42.
5.72000, 37.
5.73000, 35.
5.74000, 40.
5.75000, 41.
5.76000, 34.
5.77000, 30.
5.78000, 35.
5.79000, 31.
5.80000, 49.
5.81000, 31.
5.82000, 34.
5.83000, 36.
5.84000, 36.
5.85000, 32.
5.86000, 39.
5.87000, 41.
5.88000, 44.
5.89000, 38.
5.90000, 35.
5.91000, 34.
5.92000, 28.
5.93000, 32.
5.94000, 32.
5.95000, 52.
5.96000, 34.
5.97000, 37.
5.98000, 32.
5.99000, 36.
6.00000, 40.
6.01000, 26.
6.02000, 36.
6.03000, 31.
6.04000, 30.
6.05000, 34.
6.06000, 42.
6.07000, 30.
6.08000, 35.
6.09000, 40.
6.10000, 40.
6.11000, 45.
6.12000, 30.
6.13000, 40.
6.14000, 34.
6.15000, 38.
6.16000, 43.
6.17000, 34.
6.18000, 47.
6.19000, 50.
6.20000, 55.
6.21000, 54.
6.22000, 47.
6.23000, 60.
6.24000, 85.
6.25000, 105.
6.26000, 129.
6.27000, 185.
6.28000, 261.
6.29000, 313.
6.30000, 418.
6.31000, 499.
6.32000, 675.
6.33000, 790.
6.34000, 1000.
6.35000, 1206.
6.36000, 1372.
6.37000, 1478.
6.38000, 1626.
6.39000, 1675.
6.40000, 1776.
6.41000, 1703.
6.42000, 1682.
6.43000, 1564.
6.44000, 1348.
6.45000, 1183.
6.46000, 1006.
6.47000, 797.
6.48000, 653.
6.49000, 567.
6.50000, 423.
6.51000, 328.
6.52000, 236.
6.53000, 186.
6.54000, 128.
6.55000, 100.
6.56000, 70.
6.57000, 62.
6.58000, 43.
6.59000, 34.
6.60000, 27.
6.61000, 37.
6.62000, 43.
6.63000, 31.
6.64000, 37.
6.65000, 36.
6.66000, 40.
6.67000, 27.
6.68000, 34.
6.69000, 32.
6.70000, 33.
6.71000, 34.
6.72000, 30.
6.73000, 35.
6.74000, 32.
6.75000, 35.
6.76000, 40.
6.77000, 53.
6.78000, 67.
6.79000, 82.
6.80000, 64.
6.81000, 95.
6.82000, 141.
6.83000, 152.
6.84000, 190.
6.85000, 214.
6.86000, 250.
6.87000, 297.
6.88000, 351.
6.89000, 400.
6.90000, 426.
6.91000, 468.
6.92000, 479.
6.93000, 499.
6.94000, 465.
6.95000, 466.
6.96000, 464.
6.97000, 435.
6.98000, 418.
6.99000, 365.
7.00000, 378.
7.01000, 386.
7.02000, 335.
7.03000, 300.
7.04000, 307.
7.05000, 272.
7.06000, 274.
7.07000, 249.
7.08000, 244.
7.09000, 206.
7.10000, 179.
7.11000, 172.
7.12000, 138.
7.13000, 126.
7.14000, 98.
7.15000, 101.
7.16000, 57.
7.17000, 67.
7.18000, 70.
7.19000, 47.
7.20000, 36.
7.21000, 31.
7.22000, 33.
7.23000, 27.
7.24000, 36.
7.25000, 25.
7.26000, 24.
7.27000, 20.
7.28000, 22.
7.29000, 33.
7.30000, 32.
7.31000, 21.
7.32000, 16.
7.33000, 27.
7.34000, 27.
7.35000, 30.
7.36000, 25.
7.37000, 22.
7.38000, 29.
7.39000, 32.
7.40000, 17.
7.41000, 25.
7.42000, 23.
7.43000, 23.
7.44000, 27.
7.45000, 22.
7.46000, 19.
7.47000, 20.
7.48000, 23.
7.49000, 20.
7.50000, 27.
7.51000, 26.
7.52000, 26.
7.53000, 30.
7.54000, 41.
7.55000, 36.
7.56000, 57.
7.57000, 44.
7.58000, 49.
7.59000, 56.
7.60000, 58.
7.61000, 55.
7.62000, 68.
7.63000, 70.
7.64000, 60.
7.65000, 68.
7.66000, 77.
7.67000, 68.
7.68000, 68.
7.69000, 61.
7.70000, 70.
7.71000, 60.
7.72000, 38.
7.73000, 40.
7.74000, 32.
7.75000, 39.
7.76000, 29.
7.77000, 20.
7.78000, 34.
7.79000, 27.
7.80000, 24.
7.81000, 25.
7.82000, 18.
7.83000, 21.
7.84000, 26.
7.85000, 23.
7.86000, 20.
7.87000, 24.
7.88000, 28.
7.89000, 22.
7.90000, 21.
7.91000, 15.
7.92000, 16.
7.93000, 12.
7.94000, 15.
7.95000, 20.
7.96000, 24.
7.97000, 20.
7.98000, 22.
7.99000, 22.
8.00000, 18.
8.01000, 22.
8.02000, 18.
8.03000, 18.
8.04000, 23.
8.05000, 18.
8.06000, 19.
8.07000, 23.
8.08000, 12.
8.09000, 20.
8.10000, 21.
8.11000, 19.
8.12000, 15.
8.13000, 21.
8.14000, 18.
8.15000, 19.
8.16000, 16.
8.17000, 19.
8.18000, 13.
8.19000, 11.
8.20000, 18.
8.21000, 21.
8.22000, 24.
8.23000, 22.
8.24000, 19.
8.25000, 16.
8.26000, 13.
8.27000, 22.
8.28000, 16.
8.29000, 16.
8.30000, 20.
8.31000, 25.
8.32000, 19.
8.33000, 21.
8.34000, 22.
8.35000, 15.
8.36000, 21.
8.37000, 18.
8.38000, 21.
8.39000, 21.
8.40000, 20.
8.41000, 19.
8.42000, 19.
8.43000, 18.
8.44000, 19.
8.45000, 24.
8.46000, 22.
8.47000, 12.
8.48000, 16.
8.49000, 17.
8.50000, 22.
8.51000, 16.
8.52000, 18.
8.53000, 23.
8.54000, 18.
8.55000, 17.
8.56000, 16.
8.57000, 19.
8.58000, 18.
8.59000, 21.
8.60000, 18.
8.61000, 14.
8.62000, 19.
8.63000, 19.
8.64000, 17.
8.65000, 12.
8.66000, 12.
8.67000, 26.
8.68000, 18.
8.69000, 19.
8.70000, 17.
8.71000, 16.
8.72000, 15.
8.73000, 23.
8.74000, 22.
8.75000, 15.
8.76000, 14.
8.77000, 12.
8.78000, 19.
8.79000, 23.
8.80000, 17.
8.81000, 18.
8.82000, 16.
8.83000, 16.
8.84000, 18.
8.85000, 13.
8.86000, 15.
8.87000, 18.
8.88000, 18.
8.89000, 16.
8.90000, 14.
8.91000, 18.
8.92000, 21.
8.93000, 20.
8.94000, 21.
8.95000, 17.
8.96000, 14.
8.97000, 16.
8.98000, 15.
8.99000, 12.
9.00000, 15.
9.01000, 20.
9.02000, 16.
9.03000, 17.
9.04000, 18.
9.05000, 15.
9.06000, 14.
9.07000, 13.
9.08000, 15.
9.09000, 14.
9.10000, 13.
9.11000, 11.
9.12000, 17.
9.13000, 18.
9.14000, 17.
9.15000, 16.
9.16000, 17.
9.17000, 14.
9.18000, 14.
9.19000, 20.
9.20000, 13.
9.21000, 16.
9.22000, 21.
9.23000, 24.
9.24000, 14.
9.25000, 13.
9.26000, 19.
9.27000, 17.
9.28000, 23.
9.29000, 13.
9.30000, 21.
9.31000, 14.
9.32000, 17.
9.33000, 14.
9.34000, 15.
9.35000, 19.
9.36000, 15.
9.37000, 14.
9.38000, 13.
9.39000, 17.
9.40000, 14.
9.41000, 15.
9.42000, 12.
9.43000, 9.
9.44000, 11.
9.45000, 9.
9.46000, 11.
9.47000, 17.
9.48000, 20.
9.49000, 17.
9.50000, 11.
9.51000, 13.
9.52000, 13.
9.53000, 11.
9.54000, 16.
9.55000, 16.
9.56000, 18.
9.57000, 20.
9.58000, 20.
9.59000, 18.
9.60000, 22.
9.61000, 15.
9.62000, 12.
9.63000, 12.
9.64000, 12.
9.65000, 14.
9.66000, 17.
9.67000, 14.
9.68000, 12.
9.69000, 13.
9.70000, 18.
9.71000, 23.
9.72000, 17.
9.73000, 15.
9.74000, 13.
9.75000, 10.
9.76000, 14.
9.77000, 12.
9.78000, 14.
9.79000, 12.
9.80000, 14.
9.81000, 15.
9.82000, 13.
9.83000, 13.
9.84000, 16.
9.85000, 13.
9.86000, 14.
9.87000, 19.
9.88000, 21.
9.89000, 17.
9.90000, 14.
9.91000, 16.
9.92000, 12.
9.93000, 11.
9.94000, 14.
9.95000, 11.
9.96000, 15.
9.97000, 18.
9.98000, 12.
9.99000, 14.
10.00000, 16.
10.01000, 14.
10.02000, 18.
10.03000, 14.
10.04000, 13.
10.05000, 11.
10.06000, 16.
10.07000, 15.
10.08000, 14.
10.09000, 12.
10.10000, 9.
10.11000, 9.
10.12000, 11.
10.13000, 14.
10.14000, 16.
10.15000, 10.
10.16000, 12.
10.17000, 13.
10.18000, 12.
10.19000, 13.
10.20000, 13.
10.21000, 12.
10.22000, 13.
10.23000, 14.
10.24000, 13.
10.25000, 10.
10.26000, 16.
10.27000, 15.
10.28000, 14.
10.29000, 13.
10.30000, 14.
10.31000, 8.
10.32000, 6.
10.33000, 8.
10.34000, 12.
10.35000, 12.
10.36000, 13.
10.37000, 11.
10.38000, 10.
10.39000, 9.
10.40000, 13.
10.41000, 10.
10.42000, 11.
10.43000, 14.
10.44000, 10.
10.45000, 11.
10.46000, 16.
10.47000, 16.
10.48000, 14.
10.49000, 12.
10.50000, 12.
10.51000, 12.
10.52000, 8.
10.53000, 10.
10.54000, 14.
10.55000, 13.
10.56000, 13.
10.57000, 13.
10.58000, 10.
10.59000, 13.
10.60000, 10.
10.61000, 11.
10.62000, 15.
10.63000, 12.
10.64000, 11.
10.65000, 14.
10.66000, 10.
10.67000, 13.
10.68000, 17.
10.69000, 13.
10.70000, 9.
10.71000, 10.
10.72000, 11.
10.73000, 8.
10.74000, 8.
10.75000, 10.
10.76000, 13.
10.77000, 10.
10.78000, 12.
10.79000, 9.
10.80000, 13.
10.81000, 17.
10.82000, 10.
10.83000, 7.
10.84000, 9.
10.85000, 11.
10.86000, 12.
10.87000, 12.
10.88000, 5.
10.89000, 6.
10.90000, 14.
10.91000, 16.
10.92000, 12.
10.93000, 11.
10.94000, 13.
10.95000, 12.
10.96000, 11.
10.97000, 9.
10.98000, 12.
10.99000, 15.
11.00000, 12.
11.01000, 11.
11.02000, 12.
11.03000, 8.
11.04000, 9.
11.05000, 9.
11.06000, 12.
11.07000, 14.
11.08000, 14.
11.09000, 13.
11.10000, 13.
11.11000, 14.
11.12000, 10.
11.13000, 7.
11.14000, 7.
11.15000, 10.
11.16000, 13.
11.17000, 12.
11.18000, 10.
11.19000, 11.
11.20000, 10.
11.21000, 11.
11.22000, 10.
11.23000, 7.
11.24000, 11.
11.25000, 10.
11.26000, 14.
11.27000, 13.
11.28000, 9.
11.29000, 8.
11.30000, 11.
11.31000, 12.
11.32000, 9.
11.33000, 8.
11.34000, 9.
11.35000, 12.
11.36000, 17.
11.37000, 13.
11.38000, 10.
11.39000, 11.
11.40000, 8.
11.41000, 8.
11.42000, 5.
11.43000, 5.
11.44000, 8.
11.45000, 11.
11.46000, 11.
11.47000, 8.
11.48000, 12.
11.49000, 14.
11.50000, 11.
11.51000, 7.
11.52000, 8.
11.53000, 8.
11.54000, 6.
11.55000, 7.
11.56000, 8.
11.57000, 8.
11.58000, 7.
11.59000, 9.
11.60000, 11.
11.61000, 8.
11.62000, 6.
11.63000, 11.
11.64000, 14.
11.65000, 13.
11.66000, 10.
11.67000, 9.
11.68000, 10.
11.69000, 10.
11.70000, 14.
11.71000, 14.
11.72000, 11.
11.73000, 8.
11.74000, 9.
11.75000, 10.
11.76000, 9.
11.77000, 9.
11.78000, 8.
11.79000, 9.
11.80000, 12.
11.81000, 12.
11.82000, 10.
11.83000, 8.
11.84000, 9.
11.85000, 13.
11.86000, 12.
11.87000, 9.
11.88000, 11.
11.89000, 9.
11.90000, 10.
11.91000, 16.
11.92000, 13.
11.93000, 7.
11.94000, 8.
11.95000, 10.
11.96000, 9.
11.97000, 6.
11.98000, 6.
11.99000, 13.
12.00000, 15.
12.01000, 12.
12.02000, 11.
12.03000, 13.
12.04000, 11.
12.05000, 5.
12.06000, 4.
12.07000, 6.
12.08000, 7.
12.09000, 12.
12.10000, 12.
12.11000, 6.
12.12000, 6.
12.13000, 8.
12.14000, 10.
12.15000, 10.
12.16000, 9.
12.17000, 9.
12.18000, 10.
12.19000, 12.
12.20000, 10.
12.21000, 8.
12.22000, 7.
12.23000, 8.
12.24000, 11.
12.25000, 8.
12.26000, 7.
12.27000, 8.
12.28000, 8.
12.29000, 9.
12.30000, 9.
12.31000, 8.
12.32000, 9.
12.33000, 8.
12.34000, 9.
12.35000, 11.
12.36000, 12.
12.37000, 8.
12.38000, 10.
12.39000, 12.
12.40000, 12.
12.41000, 11.
12.42000, 7.
12.43000, 7.
12.44000, 6.
12.45000, 5.
12.46000, 6.
12.47000, 6.
12.48000, 5.
12.49000, 6.
12.50000, 5.
12.51000, 9.
12.52000, 10.
12.53000, 6.
12.54000, 6.
12.55000, 5.
12.56000, 5.
12.57000, 8.
12.58000, 9.
12.59000, 9.
12.60000, 9.
12.61000, 9.
12.62000, 11.
12.63000, 8.
12.64000, 5.
12.65000, 4.
12.66000, 8.
12.67000, 9.
12.68000, 7.
12.69000, 8.
12.70000, 7.
12.71000, 7.
12.72000, 10.
12.73000, 9.
12.74000, 9.
12.75000, 9.
12.76000, 10.
12.77000, 6.
12.78000, 6.
12.79000, 10.
12.80000, 9.
12.81000, 7.
12.82000, 6.
12.83000, 6.
12.84000, 5.
12.85000, 6.
12.86000, 8.
12.87000, 5.
12.88000, 6.
12.89000, 5.
12.90000, 6.
12.91000, 7.
12.92000, 6.
12.93000, 6.
12.94000, 8.
12.95000, 8.
12.96000, 6.
12.97000, 6.
12.98000, 5.
12.99000, 7.
13.00000, 10.
13.01000, 8.
13.02000, 7.
13.03000, 9.
13.04000, 10.
13.05000, 7.
13.06000, 8.
13.07000, 10.
13.08000, 6.
13.09000, 8.
13.10000, 8.
13.11000, 7.
13.12000, 7.
13.13000, 8.
13.14000, 9.
13.15000, 9.
13.16000, 9.
13.17000, 7.
13.18000, 8.
13.19000, 6.
13.20000, 5.
13.21000, 6.
13.22000, 5.
13.23000, 4.
13.24000, 8.
13.25000, 9.
13.26000, 8.
13.27000, 11.
13.28000, 9.
13.29000, 10.
13.30000, 10.
13.31000, 9.
13.32000, 5.
13.33000, 5.
13.34000, 4.
13.35000, 6.
13.36000, 7.
13.37000, 6.
13.38000, 6.
13.39000, 10.
13.40000, 9.
13.41000, 8.
13.42000, 8.
13.43000, 5.
13.44000, 10.
13.45000, 8.
13.46000, 6.
13.47000, 7.
13.48000, 10.
13.49000, 11.
13.50000, 9.
13.51000, 10.
13.52000, 10.
13.53000, 7.
13.54000, 9.
13.55000, 5.
13.56000, 4.
13.57000, 8.
13.58000, 8.
13.59000, 8.
13.60000, 5.
13.61000, 6.
13.62000, 8.
13.63000, 5.
13.64000, 4.
13.65000, 6.
13.66000, 6.
13.67000, 5.
13.68000, 7.
13.69000, 8.
13.70000, 6.
13.71000, 8.
13.72000, 8.
13.73000, 4.
13.74000, 5.
13.75000, 7.
13.76000, 10.
13.77000, 8.
13.78000, 8.
13.79000, 6.
13.80000, 6.
13.81000, 5.
13.82000, 4.
13.83000, 4.
13.84000, 5.
13.85000, 7.
13.86000, 5.
13.87000, 5.
13.88000, 2.
13.89000, 4.
13.90000, 6.
13.91000, 7.
13.92000, 6.
13.93000, 6.
13.94000, 9.
13.95000, 5.
13.96000, 3.
13.97000, 3.
13.98000, 6.
13.99000, 3.
14.00000, 4.
14.01000, 9.
14.02000, 7.
14.03000, 4.
14.04000, 5.
14.05000, 8.
14.06000, 6.
14.07000, 9.
14.08000, 7.
14.09000, 4.
14.10000, 5.
14.11000, 6.
14.12000, 6.
14.13000, 7.
14.14000, 6.
14.15000, 6.
14.16000, 5.
14.17000, 3.
14.18000, 3.
14.19000, 4.
14.20000, 1.
14.21000, 3.
14.22000, 6.
14.23000, 4.
14.24000, 4.
14.25000, 4.
14.26000, 3.
14.27000, 7.
14.28000, 7.
14.29000, 5.
14.30000, 4.
14.31000, 5.
14.32000, 7.
14.33000, 5.
14.34000, 2.
14.35000, 2.
14.36000, 2.
14.37000, 1.
14.38000, 5.
14.39000, 6.
14.40000, 4.
14.41000, 4.
14.42000, 7.
14.43000, 10.
14.44000, 4.
14.45000, 6.
14.46000, 4.
14.47000, 5.
14.48000, 6.
14.49000, 4.
14.50000, 7.
14.51000, 5.
14.52000, 3.
14.53000, 2.
14.54000, 5.
14.55000, 5.
14.56000, 8.
14.57000, 4.
14.58000, 6.
14.59000, 5.
14.60000, 3.
14.61000, 3.
14.62000, 6.
14.63000, 6.
14.64000, 5.
14.65000, 4.
14.66000, 3.
14.67000, 3.
14.68000, 6.
14.69000, 3.
14.70000, 5.
14.71000, 5.
14.72000, 5.
14.73000, 7.
14.74000, 3.
14.75000, 5.
14.76000, 8.
14.77000, 7.
14.78000, 8.
14.79000, 2.
14.80000, 1.
14.81000, 3.
14.82000, 3.
14.83000, 3.
14.84000, 4.
14.85000, 5.
14.86000, 4.
14.87000, 4.
14.88000, 2.
14.89000, 5.
14.90000, 8.
14.91000, 4.
14.92000, 2.
14.93000, 5.
14.94000, 10.
14.95000, 7.
14.96000, 5.
14.97000, 7.
14.98000, 7.
14.99000, 6.
15.00000, 5.
15.01000, 4.
15.02000, 6.
15.03000, 8.
15.04000, 6.
15.05000, 5.
15.06000, 3.
15.07000, 4.
15.08000, 3.
15.09000, 5.
15.10000, 4.
15.11000, 6.
15.12000, 6.
15.13000, 6.
15.14000, 3.
15.15000, 10.
15.16000, 7.
15.17000, 4.
15.18000, 7.
15.19000, 4.
15.20000, 2.
15.21000, 3.
15.22000, 5.
15.23000, 3.
15.24000, 4.
15.25000, 1.
15.26000, 4.
15.27000, 3.
15.28000, 4.
15.29000, 8.
15.30000, 1.
15.31000, 3.
15.32000, 2.
15.33000, 5.
15.34000, 9.
15.35000, 6.
15.36000, 8.
15.37000, 5.
15.38000, 3.
15.39000, 5.
15.40000, 4.
15.41000, 2.
15.42000, 5.
15.43000, 5.
15.44000, 5.
15.45000, 3.
15.46000, 4.
15.47000, 3.
15.48000, 6.
15.49000, 3.
15.50000, 3.
15.51000, 5.
15.52000, 8.
15.53000, 7.
15.54000, 6.
15.55000, 1.
15.56000, 2.
15.57000, 3.
15.58000, 5.
15.59000, 3.
15.60000, 2.
15.61000, 5.
15.62000, 3.
15.63000, 7.
15.64000, 4.
15.65000, 4.
15.66000, 1.
15.67000, 1.
15.68000, 4.
15.69000, 4.
15.70000, 4.
15.71000, 6.
15.72000, 6.
15.73000, 7.
15.74000, 3.
15.75000, 6.
15.76000, 2.
15.77000, 4.
15.78000, 0.
15.79000, 1.
15.80000, 5.
15.81000, 1.
15.82000, 2.
15.83000, 4.
15.84000, 3.
15.85000, 1.
15.86000, 2.
15.87000, 1.
15.88000, 5.
15.89000, 8.
15.90000, 5.
15.91000, 2.
15.92000, 6.
15.93000, 6.
15.94000, 3.
15.95000, 6.
15.96000, 3.
15.97000, 3.
15.98000, 2.
15.99000, 1.
16.00000, 4.
16.01000, 2.
16.02000, 6.
16.03000, 4.
16.04000, 2.
16.05000, 3.
16.06000, 4.
16.07000, 2.
16.08000, 5.
16.09000, 5.
16.10000, 4.
16.11000, 4.
16.12000, 5.
16.13000, 0.
16.14000, 0.
16.15000, 3.
16.16000, 4.
16.17000, 1.
16.18000, 2.
16.19000, 1.
16.20000, 0.
16.21000, 2.
16.22000, 3.
16.23000, 3.
16.24000, 3.
16.25000, 1.
16.26000, 3.
16.27000, 3.
16.28000, 3.
16.29000, 3.
16.30000, 4.
16.31000, 4.
16.32000, 2.
16.33000, 3.
16.34000, 2.
16.35000, 6.
16.36000, 3.
16.37000, 1.
16.38000, 2.
16.39000, 2.
16.40000, 2.
16.41000, 2.
16.42000, 1.
16.43000, 6.
16.44000, 2.
16.45000, 2.
16.46000, 4.
16.47000, 3.
16.48000, 1.
16.49000, 4.
16.50000, 3.
16.51000, 2.
16.52000, 2.
16.53000, 2.
16.54000, 4.
16.55000, 5.
16.56000, 6.
16.57000, 4.
16.58000, 2.
16.59000, 3.
16.60000, 2.
16.61000, 3.
16.62000, 0.
16.63000, 2.
16.64000, 4.
16.65000, 5.
16.66000, 3.
16.67000, 2.
16.68000, 4.
16.69000, 1.
16.70000, 1.
16.71000, 4.
16.72000, 1.
16.73000, 1.
16.74000, 3.
16.75000, 3.
16.76000, 4.
16.77000, 3.
16.78000, 1.
16.79000, 2.
16.80000, 0.
16.81000, 4.
16.82000, 3.
16.83000, 3.
16.84000, 1.
16.85000, 3.
16.86000, 0.
16.87000, 2.
16.88000, 3.
16.89000, 3.
16.90000, 2.
16.91000, 2.
16.92000, 6.
16.93000, 1.
16.94000, 1.
16.95000, 0.
16.96000, 7.
16.97000, 2.
16.98000, 1.
16.99000, 3.
17.00000, 1.
17.01000, 1.
17.02000, 3.
17.03000, 2.
17.04000, 1.
17.05000, 3.
17.06000, 5.
17.07000, 0.
17.08000, 5.
17.09000, 2.
17.10000, 8.
17.11000, 0.
17.12000, 1.
17.13000, 1.
17.14000, 4.
17.15000, 2.
17.16000, 5.
17.17000, 1.
17.18000, 1.
17.19000, 0.
17.20000, 2.
17.21000, 3.
17.22000, 0.
17.23000, 0.
17.24000, 1.
17.25000, 2.
17.26000, 1.
17.27000, 1.
17.28000, 2.
17.29000, 1.
17.30000, 0.
17.31000, 2.
17.32000, 1.
17.33000, 0.
17.34000, 1.
17.35000, 2.
17.36000, 1.
17.37000, 1.
17.38000, 2.
17.39000, 2.
17.40000, 1.
17.41000, 1.
17.42000, 2.
17.43000, 0.
17.44000, 0.
17.45000, 2.
17.46000, 3.
17.47000, 6.
17.48000, 4.
17.49000, 0.
17.50000, 3.
17.51000, 3.
17.52000, 0.
17.53000, 2.
17.54000, 1.
17.55000, 1.
17.56000, 1.
17.57000, 1.
17.58000, 0.
17.59000, 1.
17.60000, 2.
17.61000, 3.
17.62000, 2.
17.63000, 1.
17.64000, 1.
17.65000, 2.
17.66000, 1.
17.67000, 1.
17.68000, 1.
17.69000, 1.
17.70000, 2.
17.71000, 0.
17.72000, 1.
17.73000, 1.
17.74000, 0.
17.75000, 4.
17.76000, 0.
17.77000, 0.
17.78000, 3.
17.79000, 0.
17.80000, 1.
17.81000, 2.
17.82000, 1.
17.83000, 2.
17.84000, 1.
17.85000, 1.
17.86000, 0.
17.87000, 2.
17.88000, 1.
17.89000, 1.
17.90000, 1.
17.91000, 0.
17.92000, 3.
17.93000, 2.
17.94000, 2.
17.95000, 2.
17.96000, 4.
17.97000, 1.
17.98000, 1.
17.99000, 1.
18.00000, 1.
18.01000, 3.
18.02000, 1.
18.03000, 3.
18.04000, 1.
18.05000, 0.
18.06000, 2.
18.07000, 0.
18.08000, 1.
18.09000, 1.
18.10000, 0.
18.11000, 2.
18.12000, 0.
18.13000, 3.
18.14000, 3.
18.15000, 1.
18.16000, 0.
18.17000, 1.
18.18000, 0.
18.19000, 0.
18.20000, 1.
18.21000, 1.
18.22000, 1.
18.23000, 0.
18.24000, 0.
18.25000, 1.
18.26000, 2.
18.27000, 2.
18.28000, 0.
18.29000, 0.
18.30000, 0.
18.31000, 0.
18.32000, 1.
18.33000, 1.
18.34000, 0.
18.35000, 0.
18.36000, 1.
18.37000, 0.
18.38000, 0.
18.39000, 1.
18.40000, 0.
18.41000, 0.
18.42000, 0.
18.43000, 0.
18.44000, 2.
18.45000, 0.
18.46000, 2.
18.47000, 1.
18.48000, 1.
18.49000, 0.
18.50000, 0.
18.51000, 2.
18.52000, 1.
18.53000, 0.
18.54000, 1.
18.55000, 0.
18.56000, 1.
18.57000, 0.
18.58000, 1.
18.59000, 0.
18.60000, 1.
18.61000, 2.
18.62000, 0.
18.63000, 1.
18.64000, 0.
18.65000, 0.
18.66000, 1.
18.67000, 1.
18.68000, 2.
18.69000, 2.
18.70000, 0.
18.71000, 2.
18.72000, 1.
18.73000, 1.
18.74000, 1.
18.75000, 1.
18.76000, 0.
18.77000, 1.
18.78000, 0.
18.79000, 1.
18.80000, 0.
18.81000, 0.
18.82000, 1.
18.83000, 0.
18.84000, 2.
18.85000, 3.
18.86000, 1.
18.87000, 1.
18.88000, 1.
18.89000, 0.
18.90000, 0.
18.91000, 0.
18.92000, 0.
18.93000, 0.
18.94000, 0.
18.95000, 0.
18.96000, 0.
18.97000, 1.
18.98000, 0.
18.99000, 0.
19.00000, 0.
19.01000, 1.
19.02000, 1.
19.03000, 0.
19.04000, 0.
19.05000, 0.
19.06000, 1.
19.07000, 0.
19.08000, 0.
19.09000, 0.
19.10000, 0.
19.11000, 0.
19.12000, 0.
19.13000, 0.
19.14000, 0.
19.15000, 0.
19.16000, 0.
19.17000, 0.
19.18000, 0.
19.19000, 0.
19.20000, 0.
19.21000, 0.
19.22000, 0.
19.23000, 0.
19.24000, 0.
19.25000, 0.
19.26000, 1.
19.27000, 1.
19.28000, 0.
19.29000, 0.
19.30000, 0.
19.31000, 0.
19.32000, 0.
19.33000, 0.
19.34000, 0.
19.35000, 0.
19.36000, 0.
19.37000, 0.
19.38000, 0.
19.39000, 1.
19.40000, 0.
19.41000, 0.
19.42000, 0.
19.43000, 0.
19.44000, 0.
19.45000, 0.
19.46000, 0.
19.47000, 1.
19.48000, 0.
19.49000, 0.
19.50000, 0.
19.51000, 0.
19.52000, 0.
19.53000, 1.
19.54000, 0.
19.55000, 0.
19.56000, 0.
19.57000, 0.
19.58000, 0.
19.59000, 0.
19.60000, 0.
19.61000, 0.
19.62000, 0.
19.63000, 0.
19.64000, 0.
19.65000, 0.
19.66000, 0.
19.67000, 0.
19.68000, 0.
19.69000, 0.
19.70000, 0.
19.71000, 0.
19.72000, 0.
19.73000, 0.
19.74000, 0.
19.75000, 0.
19.76000, 0.
19.77000, 0.
19.78000, 0.
19.79000, 0.
19.80000, 0.
19.81000, 0.
19.82000, 0.
19.83000, 0.
19.84000, 0.
19.85000, 0.
19.86000, 0.
19.87000, 0.
19.88000, 0.
19.89000, 0.
19.90000, 0.
19.91000, 0.
19.92000, 0.
19.93000, 0.
19.94000, 0.
19.95000, 0.
19.96000, 0.
19.97000, 0.
19.98000, 0.
19.99000, 0.
20.00000, 0.
20.01000, 0.
20.02000, 0.
20.03000, 0.
20.04000, 0.
20.05000, 0.
20.06000, 0.
20.07000, 0.
20.08000, 0.
20.09000, 0.
20.10000, 0.
20.11000, 0.
20.12000, 0.
20.13000, 0.
20.14000, 0.
20.15000, 0.
20.16000, 0.
20.17000, 0.
20.18000, 0.
20.19000, 0.
20.20000, 0.
20.21000, 0.
20.22000, 0.
20.23000, 0.
20.24000, 0.
20.25000, 0.
20.26000, 0.
20.27000, 0.
#ENDOFDATA   : 
