#Evaluating DD175_28 GISANS at Saturation and Remanence
#Sample Detector-Distance: 5000
#Wavelength: 6
#Pixelsize X: 5
#Pixelsize Y: 2.5
#Summing data in range qz = 0.007 .. 0.016
#Loading files ./0rawdata/0206 [73 75 77 79 81 83]
#Loading files ./0rawdata/0206 [74 76 78 80 82 84]
#Loading files ./0rawdata/0206 [85 87 89 91 93 95]
#Loading files ./0rawdata/0206 [86 88 90 92 94 96]
#qy/A-1	Isat/a.u.	sIsat/a.u.	tIrem/a.u.	sIrem/a.u.	tIdiff/a.u.	sIdiff/a.u.
-0.0658429098667	0.00861111111111	0.00109361220472	0.00916666666667	0.00112833866731	0.000555555555556	0.00157134840264
-0.0653223885095	0.00916666666667	0.00112833866731	0.00805555555556	0.0010577462647	-0.00111111111111	0.0015466012119
-0.0648018185411	0.00819444444444	0.00106682579832	0.00902777777778	0.0011197580206	0.000833333333333	0.0015466012119
-0.0642812003429	0.00888888888889	0.00111111111111	0.00944444444444	0.00114530711823	0.000555555555556	0.00159571184626
-0.0637605342964	0.00791666666667	0.00104858811601	0.00875	0.00110239637961	0.000833333333333	0.00152145154863
-0.0632398207834	0.00972222222222	0.00116202781463	0.0109722222222	0.00123447144685	0.00125	0.00169535494663
-0.0627190601859	0.0106944444444	0.0012187450538	0.00944444444444	0.00114530711823	-0.00125	0.0016724436915
-0.0621982528859	0.0101388888889	0.00118666718685	0.0108333333333	0.00122663345366	0.000694444444444	0.00170669523992
-0.0616773992658	0.00944444444444	0.00114530711823	0.0120833333333	0.00129546931293	0.00263888888889	0.00172915272194
-0.0611564997081	0.00888888888889	0.00111111111111	0.0123611111111	0.00131027515723	0.00347222222222	0.00171796067734
-0.0606355545954	0.0105555555556	0.00121080526209	0.01125	0.00125	0.000694444444444	0.00174027278974
-0.0601145643104	0.0118055555556	0.00128049228574	0.01	0.00117851130198	-0.00180555555556	0.00174027278974
-0.0595935292361	0.01	0.00117851130198	0.0106944444444	0.0012187450538	0.000694444444444	0.00169535494663
-0.0590724497558	0.01	0.00117851130198	0.00986111111111	0.00117029857961	-0.000138888888889	0.00166086954765
-0.0585513262527	0.0106944444444	0.0012187450538	0.01125	0.00125	0.000555555555556	0.0017458062625
-0.0580301591102	0.0130555555556	0.00134657773817	0.0108333333333	0.00122663345366	-0.00222222222222	0.00182151070119
-0.0575089487119	0.0118055555556	0.00128049228574	0.01125	0.00125	-0.000555555555556	0.00178945815649
-0.0569876954418	0.0108333333333	0.00122663345366	0.0118055555556	0.00128049228574	0.000972222222222	0.00177321462983
-0.0564663996837	0.0123611111111	0.00131027515723	0.0136111111111	0.00137492985231	0.00125	0.00189927699044
-0.0559450618216	0.0113888888889	0.0012576923803	0.0145833333333	0.00142318760638	0.00319444444444	0.00189927699044
-0.05542368224	0.0126388888889	0.00132491555752	0.0159722222222	0.00148941740205	0.00333333333333	0.00199343056867
-0.0549022613232	0.0136111111111	0.00137492985231	0.0158333333333	0.001482927535	0.00222222222222	0.00202225274702
-0.0543807994557	0.0161111111111	0.00149587911309	0.0141666666667	0.00140270901922	-0.00194444444444	0.00205066986948
-0.0538592970223	0.0154166666667	0.00146328524345	0.0154166666667	0.00146328524345	-1.73472347598e-18	0.00206939783691
-0.0533377544079	0.0163888888889	0.00150871951267	0.0158333333333	0.001482927535	-0.000555555555556	0.00211549252941
-0.0528161719975	0.0191666666667	0.00163157501729	0.0195833333333	0.00164921417876	0.000416666666667	0.00231990181785
-0.0522945501762	0.0202777777778	0.00167820082967	0.0208333333333	0.0017010345436	0.000555555555556	0.0023895347964
-0.0517728893294	0.0226388888889	0.00177321462983	0.02125	0.00171796067734	-0.00138888888889	0.0024689428937
-0.0512511898426	0.0252777777778	0.00187371355045	0.02375	0.00181620789314	-0.00152777777778	0.00260948530945
-0.0507294521012	0.0254166666667	0.00187885406368	0.0273611111111	0.00194939845106	0.00194444444444	0.00270744287356
-0.0502076764912	0.0265277777778	0.00191948263348	0.0263888888889	0.00191445121557	-0.000138888888889	0.00271100295777
-0.0496858633983	0.0276388888889	0.00195926888606	0.0270833333333	0.00193947778386	-0.000555555555556	0.00275686572796
-0.0491640132087	0.03	0.00204124145232	0.0265277777778	0.00191948263348	-0.00347222222222	0.00280197791692
-0.0486421263084	0.0311111111111	0.00207869854821	0.0316666666667	0.00209717623202	0.000555555555556	0.00295281828132
-0.0481202030837	0.0290277777778	0.00200789337428	0.0304166666667	0.0020553678593	0.00138888888889	0.00287335567577
-0.0475982439212	0.0283333333333	0.00198373011904	0.0294444444444	0.00202225274702	0.00111111111111	0.00283278861866
-0.0470762492074	0.0280555555556	0.00197398200049	0.0284722222222	0.00198858625879	0.000416666666667	0.00280197791692
-0.0465542193289	0.0290277777778	0.00200789337428	0.0286111111111	0.00199343056867	-0.000416666666667	0.00282938177604
-0.0460321546727	0.0265277777778	0.00191948263348	0.0254166666667	0.00187885406368	-0.00111111111111	0.00268598327859
-0.0455100556256	0.0240277777778	0.00182679811638	0.02625	0.00190940653956	0.00222222222222	0.00264254133201
-0.0449879225749	0.0248611111111	0.00185820668892	0.0265277777778	0.00191948263348	0.00166666666667	0.00267158111968
-0.0444657559076	0.0216666666667	0.00173472166622	0.0229166666667	0.00178406008037	0.00125	0.00248839900933
-0.0439435560112	0.0195833333333	0.00164921417876	0.0216666666667	0.00173472166622	0.00208333333333	0.00239356776939
-0.043421323273	0.0195833333333	0.00164921417876	0.0183333333333	0.00159571184626	-0.00125	0.00229482106137
-0.0428990580808	0.0186111111111	0.00160775512539	0.01625	0.00150231303144	-0.00236111111111	0.00220041382191
-0.0423767608222	0.0181944444444	0.00158965599198	0.0141666666667	0.00140270901922	-0.00402777777778	0.00212004687812
-0.0418544318851	0.01625	0.00150231303144	0.0152777777778	0.00145667895579	-0.000972222222222	0.00209257210741
-0.0413320716573	0.0141666666667	0.00140270901922	0.0145833333333	0.00142318760638	0.000416666666667	0.00199826313471
-0.040809680527	0.0106944444444	0.0012187450538	0.0120833333333	0.00129546931293	0.00138888888889	0.00177864562151
-0.0402872588824	0.0115277777778	0.0012653379971	0.0130555555556	0.00134657773817	0.00152777777778	0.00184779648551
-0.0397648071116	0.0109722222222	0.00123447144685	0.0136111111111	0.00137492985231	0.00263888888889	0.00184779648551
-0.0392423256033	0.0108333333333	0.00122663345366	0.0143055555556	0.00140956827293	0.00347222222222	0.00186855889543
-0.0387198147458	0.0115277777778	0.0012653379971	0.0127777777778	0.00133217542314	0.00125	0.00183732729935
-0.0381972749278	0.0118055555556	0.00128049228574	0.0140277777778	0.00139581605849	0.00222222222222	0.00189419190236
-0.037674706538	0.0101388888889	0.00118666718685	0.0123611111111	0.00131027515723	0.00222222222222	0.00176776695297
-0.0371521099653	0.0116666666667	0.00127293769304	0.01125	0.00125	-0.000416666666667	0.00178406008037
-0.0366294855986	0.0115277777778	0.0012653379971	0.01375	0.00138192699598	0.00222222222222	0.00187371355045
-0.036106833827	0.0108333333333	0.00122663345366	0.0143055555556	0.00140956827293	0.00347222222222	0.00186855889543
-0.0355841550397	0.0122222222222	0.00130289326662	0.0148611111111	0.00143667783789	0.00263888888889	0.00193947778386
-0.0350614496258	0.0134722222222	0.00136789691692	0.0147222222222	0.00142994863069	0.00125	0.00197886206233
-0.0345387179748	0.0127777777778	0.00133217542314	0.0136111111111	0.00137492985231	0.000833333333333	0.00191445121557
-0.0340159604761	0.0130555555556	0.00134657773817	0.0144444444444	0.00141639430933	0.00138888888889	0.00195433989993
-0.0334931775192	0.0123611111111	0.00131027515723	0.0122222222222	0.00130289326662	-0.000138888888889	0.00184779648551
-0.0329703694938	0.0113888888889	0.0012576923803	0.0145833333333	0.00142318760638	0.00319444444444	0.00189927699044
-0.0324475367896	0.0125	0.00131761569174	0.0141666666667	0.00140270901922	0.00166666666667	0.0019245008973
-0.0319246797965	0.0136111111111	0.00137492985231	0.0120833333333	0.00129546931293	-0.00152777777778	0.00188909312621
-0.0314017989044	0.0154166666667	0.00146328524345	0.01375	0.00138192699598	-0.00166666666667	0.00201269121475
-0.0308788945033	0.0154166666667	0.00146328524345	0.0138888888889	0.00138888888889	-0.00152777777778	0.00201747764532
-0.0303559669832	0.0148611111111	0.00143667783789	0.0152777777778	0.00145667895579	0.000416666666667	0.00204596109204
-0.0298330167345	0.0133333333333	0.00136082763488	0.0172222222222	0.0015466012119	0.00388888888889	0.0020600551353
-0.0293100441473	0.0143055555556	0.00140956827293	0.0158333333333	0.001482927535	0.00152777777778	0.00204596109204
-0.028787049612	0.0158333333333	0.001482927535	0.0145833333333	0.00142318760638	-0.00125	0.0020553678593
-0.028264033519	0.0152777777778	0.00145667895579	0.0145833333333	0.00142318760638	-0.000694444444444	0.00203651087481
-0.0277409962589	0.015	0.00144337567297	0.015	0.00144337567297	0.0	0.00204124145232
-0.0272179382222	0.0143055555556	0.00140956827293	0.01375	0.00138192699598	-0.000555555555556	0.00197398200049
-0.0266948597997	0.0127777777778	0.00133217542314	0.0154166666667	0.00146328524345	0.00263888888889	0.00197886206233
-0.026171761382	0.0143055555556	0.00140956827293	0.0166666666667	0.00152145154863	0.00236111111111	0.00207405340598
-0.02564864336	0.0183333333333	0.00159571184626	0.0161111111111	0.00149587911309	-0.00222222222222	0.00218722440945
-0.0251255061247	0.0173611111111	0.00155282498437	0.0176388888889	0.00156519828744	0.000277777777778	0.00220479275922
-0.0246023500669	0.0170833333333	0.00154035229256	0.0145833333333	0.00142318760638	-0.0025	0.00209717623202
-0.0240791755777	0.0177777777778	0.00157134840264	0.0166666666667	0.00152145154863	-0.00111111111111	0.00218722440945
-0.0235559830482	0.0172222222222	0.0015466012119	0.0176388888889	0.00156519828744	0.000416666666667	0.00220041382191
-0.0230327728696	0.0181944444444	0.00158965599198	0.0172222222222	0.0015466012119	-0.000972222222222	0.00221787769759
-0.0225095454331	0.0179166666667	0.0015774745405	0.0177777777778	0.00157134840264	-0.000138888888889	0.00222655826971
-0.0219863011301	0.0198611111111	0.00166086954765	0.0183333333333	0.00159571184626	-0.00152777777778	0.00230321165997
-0.0214630403519	0.0194444444444	0.00164335549531	0.0202777777778	0.00167820082967	0.000833333333333	0.00234882423962
-0.0209397634899	0.0181944444444	0.00158965599198	0.025	0.00186338998125	0.00680555555556	0.00244933223452
-0.0204164709357	0.0205555555556	0.00168965625842	0.025	0.00186338998125	0.00444444444444	0.00251538476059
-0.0198931630808	0.0213888888889	0.00172356578417	0.0230555555556	0.00178945815649	0.00166666666667	0.002484519975
-0.0193698403168	0.0234722222222	0.00180555555556	0.0255555555556	0.00188398055087	0.00208333333333	0.00260948530945
-0.0188465030353	0.0234722222222	0.00180555555556	0.0245833333333	0.00184779648551	0.00111111111111	0.00258348267191
-0.0183231516281	0.0241666666667	0.00183207027198	0.0252777777778	0.00187371355045	0.00111111111111	0.00262055031446
-0.017799786487	0.0229166666667	0.00178406008037	0.0252777777778	0.00187371355045	0.00236111111111	0.00258721333475
-0.0172764080037	0.0268055555556	0.00192950610965	0.0273611111111	0.00194939845106	0.000555555555556	0.00274283578585
-0.0167530165702	0.0266666666667	0.0019245008973	0.0276388888889	0.00195926888606	0.000972222222222	0.00274634999073
-0.0162296125784	0.0283333333333	0.00198373011904	0.0305555555556	0.0020600551353	0.00222222222222	0.00285989726139
-0.0157061964202	0.0336111111111	0.00216060405363	0.0325	0.002124591464	-0.00111111111111	0.00303019780962
-0.0151827684877	0.0352777777778	0.0022135246459	0.0319444444444	0.00210635429001	-0.00333333333333	0.00305555555556
-0.0146593291729	0.0326388888889	0.00212912634955	0.0359722222222	0.00223520513048	0.00333333333333	0.00308695982929
-0.0141358788679	0.0368055555556	0.00226094730501	0.0366666666667	0.00225667733462	-0.000138888888889	0.00319444444444
-0.0136124179648	0.04125	0.00239356776939	0.0411111111111	0.0023895347964	-0.000138888888889	0.00338216546163
-0.0130889468559	0.04	0.00235702260396	0.0465277777778	0.00254208405802	0.00652777777778	0.0034666622151
-0.0125654659334	0.0461111111111	0.00253067599421	0.0515277777778	0.00267518892837	0.00541666666667	0.00368252043988
-0.0120419755895	0.0493055555556	0.00261686717797	0.0573611111111	0.00282255575457	0.00805555555556	0.0038490017946
-0.0115184762164	0.0565277777778	0.00280197791692	0.0593055555556	0.00286999698886	0.00277777777778	0.0040109802995
-0.0109949682066	0.0623611111111	0.00294300279172	0.06625	0.00303337912053	0.00388888888889	0.00422642334853
-0.0104714519525	0.06625	0.00303337912053	0.0755555555556	0.00323941771936	0.00930555555556	0.00443792925241
-0.00994792784625	0.0791666666667	0.00331592677398	0.0833333333333	0.0034020690872	0.00416666666667	0.00475073093791
-0.00942439628045	0.0936111111111	0.00360576527382	0.102777777778	0.00377818625243	0.00916666666667	0.00522266546582
-0.0089008576475	0.105555555556	0.00382890243114	0.116666666667	0.0040253824295	0.0111111111111	0.00555555555556
-0.00837731233987	0.121805555556	0.00411308135971	0.134444444444	0.00432120810725	0.0126388888889	0.00596575877637
-0.00785376075006	0.145277777778	0.00449193378578	0.156527777778	0.004662613981	0.01125	0.00647436778934
-0.0073302032706	0.175138888889	0.00493202247349	0.191666666667	0.00515949322806	0.0165277777778	0.00713759175418
-0.00680664029402	0.225694444444	0.00559879010299	0.251111111111	0.00590563656263	0.0254166666667	0.00813775115294
-0.0062830722129	0.321527777778	0.00668256206873	0.367361111111	0.00714299492812	0.0458333333333	0.00978156492314
-0.00575949941981	0.6175	0.00926087948787	0.770138888889	0.0103423273284	0.152638888889	0.013882637482
-0.00523592230736	1.74375	0.0155623744975	2.22458333333	0.0175775398565	0.480833333333	0.0234767418397
-0.00471234126817	5.46125	0.0275410047828	6.96347222222	0.031099017987	1.50222222222	0.0415410142413
-0.00418875669487	18.66375	0.050913529636	24.8930555556	0.0587993947857	6.22930555556	0.0777788938412
-0.0036651689801	65.5861111111	0.095442035282	76.3576388889	0.102981685864	10.7715277778	0.140408011603
-0.00314157851652	121.104583333	0.129692255044	134.86875	0.136864059685	13.7641666667	0.188551987133
-0.0026179856968	186.5925	0.160983306588	201.280972222	0.167199553188	14.6884722222	0.232101950846
-0.00209439091362	264.325	0.191603250378	281.359166667	0.197680707296	17.0341666667	0.275298869581
-0.00157079455965	337.954583333	0.216652109554	351.497361111	0.220950396995	13.5427777778	0.309446626264
-0.0010471970276	396.048333333	0.23453509964	404.273055556	0.236957877045	8.22472222222	0.333400282629
-0.000523598710148	430.50875	0.244525830833	436.540555556	0.246232883093	6.03180555556	0.347020913866
0.0	449.721944444	0.249922750411	454.178055556	0.251157889571	4.45611111111	0.354318594864
0.000523598710148	458.94375	0.25247215193	461.443194444	0.253158710223	2.49944444444	0.357535340997
0.0010471970276	447.93125	0.249424685248	447.60125	0.249332790218	-0.33	0.352674799056
0.00157079455965	413.050555556	0.239516456044	413.191527778	0.23955732548	0.140972222222	0.338756320838
0.00209439091362	392.637083333	0.233522864492	389.901111111	0.232707825607	-2.73597222222	0.329675386311
0.0026179856968	375.975555556	0.228514391583	372.48125	0.22745000977	-3.49430555556	0.322416398629
0.00314157851652	340.47125	0.217457291465	328.192361111	0.213500052404	-12.2788888889	0.304745707087
0.0036651689801	267.4525	0.19273344431	252.084027778	0.187114057528	-15.3684722222	0.268622134383
0.00418875669487	177.340138889	0.156941310195	162.086111111	0.150039860959	-15.2540277778	0.217123316855
0.00471234126817	100.294027778	0.118024260558	87.0833333333	0.109976849416	-13.2106944444	0.161321522084
0.00523592230736	39.645	0.0742041103983	30.4993055556	0.0650846730075	-9.14569444444	0.0987029111045
0.00575949941981	7.65527777778	0.0326072541728	5.60416666667	0.0278990408703	-2.05111111111	0.0429137449563
0.0062830722129	2.69166666667	0.0193350095059	2.02388888889	0.016765908237	-0.667777777778	0.0255917617917
0.00680664029402	0.836666666667	0.0107797821733	0.688472222222	0.00977860634116	-0.148194444444	0.0145542037116
0.0073302032706	0.373611111111	0.00720350137772	0.336527777778	0.0068366635968	-0.0370833333333	0.00993128396707
0.00785376075006	0.2675	0.0060953078493	0.245	0.00583333333333	-0.0225	0.00843685697138
0.00837731233987	0.218055555556	0.0055032257656	0.203333333333	0.00531420179714	-0.0147222222222	0.00765024408551
0.0089008576475	0.184166666667	0.00505753929334	0.173888888889	0.00491439055915	-0.0102777777778	0.00705194570821
0.00942439628045	0.146805555556	0.00451549116861	0.146527777778	0.00451121715803	-0.000277777777778	0.00638284738504
0.00994792784625	0.124444444444	0.00415739709642	0.123055555556	0.00413413224059	-0.00138888888889	0.00586301969978
0.0104714519525	0.112777777778	0.00395772412466	0.1025	0.00377307714089	-0.0102777777778	0.00546806102362
0.0109949682066	0.100833333333	0.00374227599592	0.0869444444444	0.00347499888978	-0.0138888888889	0.00510688230857
0.0115184762164	0.0834722222222	0.00340490296448	0.0794444444444	0.00332173909531	-0.00402777777778	0.00475681771932
0.0120419755895	0.0718055555556	0.00315800472247	0.0698611111111	0.003114952985	-0.00194444444444	0.00443575539519
0.0125654659334	0.0627777777778	0.00295281828132	0.0638888888889	0.0029788348041	0.00111111111111	0.00419435246404
0.0130889468559	0.0570833333333	0.0028157131851	0.0536111111111	0.00272873370894	-0.00347222222222	0.00392099839264
0.0136124179648	0.0529166666667	0.00271100295777	0.0479166666667	0.00257974661403	-0.005	0.00374227599592
0.0141358788679	0.04875	0.00260208249933	0.0454166666667	0.00251154740556	-0.00333333333333	0.00361644904619
0.0146593291729	0.0423611111111	0.00242559016619	0.0420833333333	0.00241762433132	-0.000277777777778	0.00342467444609
0.0151827684877	0.0358333333333	0.00223088588947	0.03875	0.00231990181785	0.00291666666667	0.00321850839618
0.0157061964202	0.03125	0.00208333333333	0.0370833333333	0.00226946314422	0.00583333333333	0.00308070458511
0.0162296125784	0.035	0.00220479275922	0.0348611111111	0.00220041382191	-0.000138888888889	0.003114952985
0.0167530165702	0.0331944444444	0.0021471701158	0.0318055555556	0.00210177027089	-0.00138888888889	0.00300462606289
0.0172764080037	0.0304166666667	0.0020553678593	0.0306944444444	0.00206473177046	0.000277777777778	0.00291335791158
0.017799786487	0.0270833333333	0.00193947778386	0.0286111111111	0.00199343056867	0.00152777777778	0.00278124783257
0.0183231516281	0.0266666666667	0.0019245008973	0.0276388888889	0.00195926888606	0.000972222222222	0.00274634999073
0.0188465030353	0.0240277777778	0.00182679811638	0.0263888888889	0.00191445121557	0.00236111111111	0.00264618873379
0.0193698403168	0.0218055555556	0.00174027278974	0.02375	0.00181620789314	0.00194444444444	0.00251538476059
0.0198931630808	0.0227777777778	0.00177864562151	0.0230555555556	0.00178945815649	0.000277777777778	0.00252304196175
0.0204164709357	0.0252777777778	0.00187371355045	0.0252777777778	0.00187371355045	3.46944695195e-18	0.00264983111505
0.0209397634899	0.0220833333333	0.00175132225179	0.0211111111111	0.00171233722305	-0.000972222222222	0.00244933223452
0.0214630403519	0.0208333333333	0.0017010345436	0.02125	0.00171796067734	0.000416666666667	0.00241762433132
0.0219863011301	0.0201388888889	0.0016724436915	0.0190277777778	0.00162565276538	-0.00111111111111	0.00233234105885
0.0225095454331	0.0186111111111	0.00160775512539	0.0188888888889	0.00161970885968	0.000277777777778	0.00228217732294
0.0230327728696	0.0183333333333	0.00159571184626	0.0191666666667	0.00163157501729	0.000833333333333	0.00228217732294
0.0235559830482	0.0191666666667	0.00163157501729	0.0184722222222	0.00160174480482	-0.000694444444444	0.00228639967127
0.0240791755777	0.01625	0.00150231303144	0.0175	0.00155902391116	0.00125	0.00216506350946
0.0246023500669	0.0148611111111	0.00143667783789	0.0183333333333	0.00159571184626	0.00347222222222	0.0021471701158
0.0251255061247	0.0154166666667	0.00146328524345	0.0183333333333	0.00159571184626	0.00291666666667	0.00216506350946
0.02564864336	0.0165277777778	0.00151509890481	0.0173611111111	0.00155282498437	0.000833333333333	0.00216951379886
0.026171761382	0.0169444444444	0.00153407791905	0.0175	0.00155902391116	0.000555555555556	0.00218722440945
0.0266948597997	0.0163888888889	0.00150871951267	0.0156944444444	0.00147640914066	-0.000694444444444	0.00211092835466
0.0272179382222	0.0131944444444	0.00135372143678	0.0141666666667	0.00140270901922	0.000972222222222	0.00194939845106
0.0277409962589	0.0133333333333	0.00136082763488	0.0154166666667	0.00146328524345	0.00208333333333	0.00199826313471
0.028264033519	0.0138888888889	0.00138888888889	0.0136111111111	0.00137492985231	-0.000277777777778	0.00195433989993
0.028787049612	0.0154166666667	0.00146328524345	0.01375	0.00138192699598	-0.00166666666667	0.00201269121475
0.0293100441473	0.0123611111111	0.00131027515723	0.0129166666667	0.00133939593903	0.000555555555556	0.00187371355045
0.0298330167345	0.0134722222222	0.00136789691692	0.0138888888889	0.00138888888889	0.000416666666667	0.00194939845106
0.0303559669832	0.01375	0.00138192699598	0.0126388888889	0.00132491555752	-0.00111111111111	0.00191445121557
0.0308788945033	0.015	0.00144337567297	0.0145833333333	0.00142318760638	-0.000416666666667	0.00202701659991
0.0314017989044	0.015	0.00144337567297	0.0143055555556	0.00140956827293	-0.000694444444444	0.00201747764532
0.0319246797965	0.0133333333333	0.00136082763488	0.0144444444444	0.00141639430933	0.00111111111111	0.0019641855033
0.0324475367896	0.0123611111111	0.00131027515723	0.0123611111111	0.00131027515723	0.0	0.0018530088978
0.0329703694938	0.0147222222222	0.00142994863069	0.0131944444444	0.00135372143678	-0.00152777777778	0.00196908984427
0.0334931775192	0.0140277777778	0.00139581605849	0.0126388888889	0.00132491555752	-0.00138888888889	0.0019245008973
0.0340159604761	0.0113888888889	0.0012576923803	0.01375	0.00138192699598	0.00236111111111	0.00186855889543
0.0345387179748	0.0120833333333	0.00129546931293	0.01375	0.00138192699598	0.00166666666667	0.00189419190236
0.0350614496258	0.0123611111111	0.00131027515723	0.0138888888889	0.00138888888889	0.00152777777778	0.00190940653956
0.0355841550397	0.0129166666667	0.00133939593903	0.0136111111111	0.00137492985231	0.000694444444444	0.00191948263348
0.036106833827	0.0109722222222	0.00123447144685	0.0138888888889	0.00138888888889	0.00291666666667	0.00185820668892
0.0366294855986	0.0111111111111	0.0012422599875	0.0118055555556	0.00128049228574	0.000694444444444	0.00178406008037
0.0371521099653	0.0120833333333	0.00129546931293	0.0118055555556	0.00128049228574	-0.000277777777778	0.0018215107012
0.037674706538	0.0123611111111	0.00131027515723	0.0126388888889	0.00132491555752	0.000277777777778	0.00186338998125
0.0381972749278	0.0136111111111	0.00137492985231	0.0113888888889	0.0012576923803	-0.00222222222222	0.00186338998125
0.0387198147458	0.0106944444444	0.0012187450538	0.0116666666667	0.00127293769304	0.000972222222222	0.00176230243617
0.0392423256033	0.00916666666667	0.00112833866731	0.0120833333333	0.00129546931293	0.00291666666667	0.00171796067734
0.0397648071116	0.00902777777778	0.0011197580206	0.0127777777778	0.00133217542314	0.00375	0.00174027278974
0.0402872588824	0.0104166666667	0.00120281306081	0.0115277777778	0.0012653379971	0.00111111111111	0.0017458062625
0.040809680527	0.0126388888889	0.00132491555752	0.0122222222222	0.00130289326662	-0.000416666666667	0.00185820668892
0.0413320716573	0.0113888888889	0.0012576923803	0.0145833333333	0.00142318760638	0.00319444444444	0.00189927699044
0.0418544318851	0.0133333333333	0.00136082763488	0.0134722222222	0.00136789691692	0.000138888888889	0.00192950610965
0.0423767608222	0.01375	0.00138192699598	0.0140277777778	0.00139581605849	0.000277777777778	0.0019641855033
0.0428990580808	0.0123611111111	0.00131027515723	0.01375	0.00138192699598	0.00138888888889	0.00190434850011
0.043421323273	0.0138888888889	0.00138888888889	0.0155555555556	0.00146986183948	0.00166666666667	0.00202225274702
0.0439435560112	0.0163888888889	0.00150871951267	0.0163888888889	0.00150871951267	0.0	0.00213365159663
0.0444657559076	0.0179166666667	0.0015774745405	0.02	0.00166666666667	0.00208333333333	0.00229482106137
0.0449879225749	0.0179166666667	0.0015774745405	0.02125	0.00171796067734	0.00333333333333	0.00233234105885
0.0455100556256	0.0194444444444	0.00164335549531	0.0204166666667	0.00168393828514	0.000972222222222	0.00235292699251
0.0460321546727	0.0225	0.00176776695297	0.0202777777778	0.00167820082967	-0.00222222222222	0.00243749010761
0.0465542193289	0.0233333333333	0.00180020574956	0.0233333333333	0.00180020574956	3.46944695195e-18	0.00254587538609
0.0470762492074	0.0295833333333	0.00202701659991	0.0280555555556	0.00197398200049	-0.00152777777778	0.00282938177604
0.0475982439212	0.0281944444444	0.00197886206233	0.0297222222222	0.0020317692831	0.00152777777778	0.00283619136898
0.0481202030837	0.0270833333333	0.00193947778386	0.0295833333333	0.00202701659991	0.0025	0.00280541803843
0.0486421263084	0.0281944444444	0.00197886206233	0.0320833333333	0.00211092835466	0.00388888888889	0.00289342592444
0.0491640132087	0.0263888888889	0.00191445121557	0.0305555555556	0.0020600551353	0.00416666666667	0.00281228565713
0.0496858633983	0.0269444444444	0.00193449837183	0.0286111111111	0.00199343056867	0.00166666666667	0.00277777777778
0.0502076764912	0.0284722222222	0.00198858625879	0.0280555555556	0.00197398200049	-0.000416666666667	0.00280197791692
0.0507294521012	0.02875	0.00199826313471	0.0284722222222	0.00198858625879	-0.000277777777778	0.00281913654586
0.0512511898426	0.03	0.00204124145232	0.0252777777778	0.00187371355045	-0.00472222222222	0.00277082463101
0.0517728893294	0.0279166666667	0.00196908984427	0.0248611111111	0.00185820668892	-0.00305555555556	0.00270744287356
0.0522945501762	0.0240277777778	0.00182679811638	0.0238888888889	0.00182151070119	-0.000138888888889	0.00257974661403
0.0528161719975	0.0223611111111	0.00176230243617	0.0226388888889	0.00177321462983	0.000277777777778	0.0025
0.0533377544079	0.0216666666667	0.00173472166622	0.0216666666667	0.00173472166622	0.0	0.00245326690731
0.0538592970223	0.02	0.00166666666667	0.0211111111111	0.00171233722305	0.00111111111111	0.0023895347964
0.0543807994557	0.0208333333333	0.0017010345436	0.0206944444444	0.00169535494663	-0.000138888888889	0.00240161339803
0.0549022613232	0.0198611111111	0.00166086954765	0.0197222222222	0.00165505212331	-0.000138888888889	0.0023447143078
0.05542368224	0.0161111111111	0.00149587911309	0.0168055555556	0.00152777777778	0.000694444444444	0.00213816726644
0.0559450618216	0.01375	0.00138192699598	0.015	0.00144337567297	0.00125	0.00199826313471
0.0564663996837	0.0155555555556	0.00146986183948	0.0140277777778	0.00139581605849	-0.00152777777778	0.00202701659991
0.0569876954418	0.0122222222222	0.00130289326662	0.0136111111111	0.00137492985231	0.00138888888889	0.00189419190236
0.0575089487119	0.0125	0.00131761569174	0.0144444444444	0.00141639430933	0.00194444444444	0.00193449837183
0.0580301591102	0.0115277777778	0.0012653379971	0.0122222222222	0.00130289326662	0.000694444444444	0.00181620789314
0.0585513262527	0.0102777777778	0.0011947673982	0.0113888888889	0.0012576923803	0.00111111111111	0.00173472166622
0.0590724497558	0.0101388888889	0.00118666718685	0.0122222222222	0.00130289326662	0.00208333333333	0.00176230243617
0.0595935292361	0.0118055555556	0.00128049228574	0.0120833333333	0.00129546931293	0.000277777777778	0.0018215107012
0.0601145643104	0.01125	0.00125	0.0115277777778	0.0012653379971	0.000277777777778	0.00177864562151
0.0606355545954	0.0108333333333	0.00122663345366	0.00916666666667	0.00112833866731	-0.00166666666667	0.00166666666667
0.0611564997081	0.00791666666667	0.00104858811601	0.0106944444444	0.0012187450538	0.00277777777778	0.00160775512539
0.0616773992658	0.00958333333333	0.00115369775874	0.0105555555556	0.00121080526209	0.000972222222222	0.0016724436915
0.0621982528859	0.00847222222222	0.00108475689943	0.0102777777778	0.0011947673982	0.00180555555556	0.00161374306092
0.0627190601859	0.00958333333333	0.00115369775874	0.0106944444444	0.0012187450538	0.00111111111111	0.00167820082967
0.0632398207834	0.00888888888889	0.00111111111111	0.00930555555556	0.00113685455165	0.000416666666667	0.00158965599198
0.0637605342964	0.00861111111111	0.00109361220472	0.00888888888889	0.00111111111111	0.000277777777778	0.00155902391116
0.0642812003429	0.0101388888889	0.00118666718685	0.00958333333333	0.00115369775874	-0.000555555555556	0.00165505212331
0.0648018185411	0.0105555555556	0.00121080526209	0.00986111111111	0.00117029857961	-0.000694444444444	0.00168393828514
0.0653223885095	0.01	0.00117851130198	0.00958333333333	0.00115369775874	-0.000416666666667	0.00164921417876
0.0658429098667	0.0105555555556	0.00121080526209	0.0075	0.00102062072616	-0.00305555555556	0.0015835769793
0.0663633822314	0.0104166666667	0.00120281306081	0.00930555555556	0.00113685455165	-0.00111111111111	0.00165505212331
0.0668838052225	0.00972222222222	0.00116202781463	0.00888888888889	0.00111111111111	-0.000833333333333	0.00160775512539
0.0674041784592	0.00986111111111	0.00117029857961	0.00986111111111	0.00117029857961	0.0	0.00165505212331
