#File generated by ModelExp v0.6.0
#Read datafile: ../../experimentalData/KWi338.xye
#Started Fit at 2018-12-13 16:24:45.245346
#Finished Fit at 2018-12-13 16:24:45.336321
#[[Fit Statistics]]
#    # fitting method   = leastsq
#    # function evals   = 26
#    # data points      = 281
#    # variables        = 4
#    chi-square         = 56513.8241
#    reduced chi-square = 204.021025
#    Akaike info crit   = 1498.39194
#    Bayesian info crit = 1512.94535
#[[Variables]]
#    particleSize:     34.8467845 +/- 0.00000000 (0.00%) (init = 34.8)
#    dShell:           79.9200000 +/- 0.00000000 (0.00%) (init = 79.92)
#    dSurfactant:      19.6 (fixed)
#    sldCore:          5.207e-05 (fixed)
#    sldShell:         3.856e-05 (fixed)
#    sldSurfactant:    8.52e-06 (fixed)
#    sldSolvent:       7.55e-06 (fixed)
#    sigParticleSize:  0.09430000 +/- 0.00000000 (0.00%) (init = 0.0934)
#    sigD:             0 (fixed)
#    i0:               0.51700000 +/- 0.00000000 (0.00%) (init = 0.512)
#    bg:               0 (fixed)
#Fit range: 0.06 .. 0.5

#[[Data]] 0
#q / A-1	I / cm-1	sI / cm-1	Imodel / cm-1
0.010508590343214745	20.89816	0.05211820672787622	20.7473981892968
0.011152513454213829	20.740324	0.05038688980085779	20.65701105520821
0.011796436565212915	20.578506	0.048788033127685024	20.561647791347056
0.012440359676212	20.361301	0.04726174752854172	20.461375509303007
0.013084282787211084	20.202663	0.04639134263823641	20.356264593263024
0.01372820589821017	20.061771	0.04611772579665662	20.2463886223273
0.014372129009209256	19.824217	0.04530290415104422	20.13182428951273
0.01501605212020834	19.714886	0.044301429427604566	20.012651317563556
0.015659975231207424	19.517117	0.043130621242332634	19.888952371693843
0.01630389834220651	19.303482	0.04203909628185509	19.760812969389544
0.016947821453205596	19.016224	0.04089540311940562	19.628321387402675
0.01759174456420468	18.976925	0.04047055879437701	19.49156856607355
0.018235667675203765	18.688177	0.04093008673559463	19.350648011120217
0.01887959078620285	18.477098	0.04078544536175493	19.20565569303773
0.019523513897201934	18.317585	0.04046076077677827	19.056689944252582
0.02016743700820102	18.15189	0.04011138512522131	18.9038513541804
0.020811360119200106	17.921448	0.039592530093136326	18.747242662337257
0.021455283230199188	17.702465	0.03866271645027302	18.586968649657248
0.022099206341198274	17.541994	0.036781364071895174	18.423136028170703
0.02274312945219736	17.304348	0.03548670509834508	18.255853329198896
0.023387052563196446	17.06907	0.03445175190522786	18.085230790222504
0.02403097567419553	16.94275	0.033896998362024575	17.91138024058233
0.024674898785194615	16.67465	0.03413535327771992	17.73441498617087
0.0253188218961937	16.441988	0.033974245506499814	17.55444969327459
0.025962745007192783	16.285036	0.032805036046322185	17.371600271726297
0.02660666811819187	16.036556	0.03159776325054975	17.185983757527325
0.02725059122919096	15.82506	0.031099661670106808	16.99771819509877
0.027894514340190038	15.65555	0.030762863440464118	16.80692251932021
0.028538437451189128	15.420544	0.03047745809291383	16.613716437513816
0.029182360562188217	15.265943	0.03022549820666375	16.4182203115303
0.029826283673187293	14.968103	0.029788496707228912	16.220555040091917
0.030470206784186382	14.753788	0.029298003933830828	16.02084194154589
0.03111412989518546	14.638112	0.0280826860661034	15.819202637180059
0.031758053006184554	14.394023	0.027150403114261517	15.61575893524992
0.03240197611718363	14.150901	0.02645678161901498	15.410632715864377
0.03304589922818272	13.993398	0.025984834942524588	15.203945816874347
0.03368982233918181	13.759419	0.025457396042049087	14.995819920906117
0.034333745450180884	13.5291395	0.024908593886492615	14.786376443677687
0.034977668561179974	13.347242	0.02442991188233718	14.575736423733659
0.03562159167217906	13.151197	0.02395657714128737	14.364020413730234
0.036265514783178146	12.956084	0.023474032283084135	14.151348373398703
0.036909437894177236	12.746824	0.022959730041721572	13.93783956431156
0.03755336100517631	12.541287	0.022505510164601415	13.723612446571803
0.0381972841161754	12.327431	0.0220849703173568	13.508784577541261
0.03884120722717448	12.149192	0.021712514128728055	13.293472512720141
0.03948513033817357	11.908711	0.021337141808364383	13.077791708884877
0.04012905344917266	11.757239	0.021040688485878103	12.86185642958711
0.04077297656017174	11.586667	0.020695252795365635	12.645779653112
0.04141689967117083	11.369999	0.02031700598990372	12.429672982988752
0.04206082278216991	11.174774	0.01996417977187316	12.21364656114194
0.042704745893169	10.9934	0.019632131167129866	11.997808983766555
0.04334866900416809	10.789426	0.019284307234885865	11.78226722000508
0.043992592115167165	10.600384	0.018953194796552005	11.567126533499325
0.044636515226166254	10.412379	0.01863562195626666	11.352490406884826
0.04528043833716533	10.237389	0.018329935544882523	11.138460469290012
0.04592436144816442	10.032915	0.018002772202058117	10.925136426897224
0.04656828455916351	9.865096	0.01771557151245495	10.712615996617219
0.04721220767016259	9.6862135	0.017423370593988036	10.500994842923365
0.04785613078116168	9.45403	0.017083767976731133	10.29036651788632
0.048500053892160756	9.282477	0.016804998041994215	10.080822404444847
0.049143977003159846	9.124736	0.016540395304394984	9.872451662942513
0.049787900114158935	8.917866	0.016234568391645405	9.665341180955284
0.05043182322515802	8.771537	0.015992360756895307	9.459575526429196
0.05107574633615711	8.59091	0.015718925444289232	9.255236904142196
0.05171966944715618	8.396078	0.015434075960779205	9.052405115499162
0.05236359255815527	8.21014	0.015160770319454632	8.851157521663527
0.05300751566915435	8.029246	0.014895736189368416	8.651569010024328
0.05365143878015344	7.8950906	0.014676570261500554	8.45371196399204
0.05429536189115253	7.6824546	0.014386923921966558	8.257656236111874
0.05493928500215162	7.5469317	0.014168823403427925	8.063469124478262
0.0555832081131507	7.3631887	0.013907631737354502	7.871215352429563
0.05622713122414979	7.177911	0.013648323893200039	7.68095705149733
0.056871054335148864	7.030028	0.013425833634203844	7.492753747580012
0.057514977446147954	6.8733616	0.013199134735153861	7.3066623503065165
0.058158900557147036	6.715137	0.012968908896233726	7.1227371455508885
0.058802823668146126	6.543588	0.012731307683714733	6.941029791055052
0.059446746779145215	6.38973	0.01250802648486311	6.761589315112833
0.06009066989014429	6.216294	0.012267409202235062	6.5844621182643515
0.06073459300114338	6.0590725	0.01204632925811613	6.409691977946394
0.061378516112142456	5.899632	0.011820219641639623	6.2373200560408035
0.062022439223141546	5.759777	0.011618527834375971	6.067384909259378
0.06266636233414064	5.6158266	0.011414175292465446	5.899922502300874
0.06331028544513971	5.4549365	0.011189070330674766	5.734966223712339
0.0639542085561388	5.317501	0.010993316823598446	5.572546904384321
0.06459813166713789	5.1587343	0.010773030669405765	5.412692838606754
0.06524205477813698	5.0126925	0.01056651448160832	5.255429807609762
0.06588597788913607	4.891666	0.010424093208491789	5.100781105511297
0.06652990100013514	4.753058	0.010411570397046717	4.948767567591334
0.06717382411113423	4.608583	0.0103108756602219	4.7994076008103255
0.06781774722213331	4.4688735	0.010187145025221226	4.652717216487883
0.0684616703331324	4.341258	0.010057711189275148	4.508710065055871
0.06910559344413149	4.2026043	0.009904872391241912	4.367397472798778
0.06974951655513056	4.078985	0.009763638905321864	4.228788480492818
0.07039343966612965	3.943331	0.009596251678523434	4.092889883854175
0.07103736277712873	3.831629	0.009444656564303044	3.9597062757058845
0.07168128588812782	3.6910446	0.009267102174652148	3.8292400897719525
0.07232520899912691	3.581306	0.00912431038272874	3.7014916460069185
0.072969132110126	3.4481213	0.00894947151335201	3.5764591973684574
0.07361305522112509	3.3351274	0.008791383245913558	3.454138977940456
0.07425697833212416	3.2395952	0.008658850936912543	3.3345252523139015
0.07490090144312325	3.1276407	0.00850224911545317	3.2176103661329316
0.07554482455412233	3.0220137	0.008503083673501265	3.1033847977136833
0.07618874766512142	2.9059646	0.008448772554820226	2.991837210643876
0.0768326707761205	2.8169174	0.008394293902364154	2.8829545072716773
0.07747659388711958	2.7194102	0.00830506853456842	2.776721882992959
0.07812051699811867	2.6307712	0.008216325648415892	2.67312288124695
0.07876444010911776	2.533922	0.008108577445854876	2.572139449131199
0.07940836322011685	2.425096	0.007797417536482385	2.4737519935478076
0.08005228633111594	2.3435984	0.007578270098764388	2.3779394377941228
0.08069620944211502	2.2448132	0.007373227952896424	2.284679278512416
0.0813401325531141	2.1642272	0.007209411478857811	2.1939476429144316
0.08198405566411318	2.0779662	0.0070391785403500695	2.105719346198343
0.08262797877511227	2.0024564	0.006891284712731292	2.0199679490771785
0.08327190188611136	1.9115592	0.006725827386276964	1.936665815339658
0.08391582499711044	1.8290755	0.0065630642821794824	1.8557841693660886
0.08455974810810953	1.7647644	0.0064330890469754334	1.7772931535239969
0.0852036712191086	1.6892453	0.006276772429894091	1.7011618853701655
0.08584759433010769	1.6220338	0.00614361813904192	1.6273585145877487
0.08649151744110678	1.5444106	0.0059865318418699034	1.5558502795894324
0.08713544055210587	1.4789532	0.00591922504453511	1.4866035637196944
0.08777936366310496	1.4238966	0.005906262840419848	1.419583950991593
0.08842328677410403	1.3587298	0.005824690158578281	1.3547562812957785
0.08906720988510312	1.2991033	0.0057242570395505486	1.2920847050218511
0.08971113299610221	1.2411544	0.0056148324832626115	1.2315327370345848
0.09035505610710129	1.1807312	0.005507816236370661	1.1730633099499788
0.09099897921810038	1.1425016	0.005443071139120218	1.116638826658608
0.09164290232909945	1.0775634	0.0053005676482328415	1.0622212120462624
0.09228682544009854	1.0338014	0.005200454943119804	1.009771963864346
0.09293074855109763	0.97720945	0.005081948752119181	0.9592522027051182
0.09357467166209671	0.92957526	0.0049902257881230035	0.9106227210393469
0.0942185947730958	0.88043773	0.004887797782240405	0.8638440312765439
0.09486251788409489	0.8365842	0.004771330409572028	0.8188764128105017
0.09550644099509398	0.7958908	0.004671160365033437	0.7756799580153688
0.09615036410609307	0.75824285	0.0045782632550166345	0.7342146171600757
0.09679428721709214	0.72183746	0.0044873794969241855	0.6944402422114324
0.09743821032809123	0.6829522	0.004377472265793508	0.6563166294987107
0.09808213343909031	0.6547808	0.0043025401923980485	0.6198035612150293
0.0987260565500894	0.6111182	0.004183459138943631	0.5848608457332755
0.09936997966108847	0.58050245	0.004102558662332167	0.5514483567167614
0.10001390277208755	0.5527709	0.004017647031375211	0.519526071007149
0.10065782588308665	0.5168164	0.0039108374667372985	0.489054105274568
0.10130174899408573	0.4947856	0.00383721795875745	0.4599927514171283
0.10194567210508482	0.46111488	0.003726633491844125	0.4323025106992783
0.10258959521608389	0.43638644	0.0036420812289129005	0.4059441266207123
0.103233518327083	0.40612984	0.0035400051013385106	0.38087861650963445
0.10387744143808207	0.39038616	0.003486197881220144	0.35706730183634056
0.10452136454908117	0.366607	0.0034029931436699427	0.3344718372450827
0.10516528766008025	0.34457085	0.0033245435379946017	0.3130542383042264
0.10580921077107933	0.32385775	0.003239628588731262	0.29277690797657796
0.10645313388207843	0.30359054	0.0031627213694523488	0.2736026618136881
0.1070970569930775	0.28925565	0.0031012462298402833	0.2554947518797038
0.10774098010407658	0.26792577	0.0030122888432860557	0.23841688941208716
0.10838490321507566	0.2595478	0.0029774538028884373	0.22233326622821561
0.10902882632607476	0.24024251	0.00288831564438652	0.20720857488845085
0.10967274943707384	0.21979064	0.002797596924398148	0.19300802762783267
0.11031667254807292	0.2149657	0.0027616069389006163	0.1796973740699923
0.11096059565907201	0.19908665	0.0026903207298749356	0.167242917738313
0.1116045187700711	0.18922701	0.002642391869114971	0.15561153138066094
0.11224844188107018	0.17936857	0.002593251062920514	0.14477067112529293
0.11289236499206926	0.16757125	0.0025371016250761826	0.13468838948672118
0.11353628810306836	0.15900818	0.002491513367422538	0.1253333472414403
0.11418021121406743	0.15437093	0.0024596619802505176	0.11667482419446812
0.11482413432506651	0.14385542	0.002405157209307201	0.10868272885862161
0.11546805743606561	0.1325798	0.0023468305149835916	0.1013276070693744
0.11611198054706469	0.12374402	0.002274926776350745	0.09458064955896528
0.11675590365806376	0.11844131	0.0022538317797985022	0.08841369851420443
0.11739982676906287	0.11581376	0.0022212606221674457	0.08279925314313462
0.11804374988006194	0.11093017	0.0021727249290961906	0.07771047427633464
0.11868767299106103	0.10621496	0.0021457998545876093	0.07312118802922574
0.11933159610206011	0.099747516	0.002112554267046243	0.06900588855225954
0.11997551921305921	0.09336472	0.002077849300060514	0.06533973989629986
0.12061944232405829	0.09048048	0.002054474916200211	0.06209857702090766
0.12126336543505736	0.08849338	0.0020295989860916177	0.05925890597355351
0.12190728854605647	0.085781336	0.002017586587825794	0.05679790326805683
0.12255121165705554	0.08068661	0.0020005334932778553	0.054693414490755744
0.12319513476805462	0.078572534	0.0019747219905376524	0.052923952163066904
0.12383905787905372	0.0798727	0.0020108995874167836	0.05146869288919869
0.1244829809900528	0.07609262	0.0020148183537229652	0.050307473817827075
0.12512690410105187	0.0780233	0.0020345989408758662	0.04942078844654395
0.12577082721205096	0.07519018	0.0020325629734358275	0.048789781797840055
0.12641475032305005	0.07497292	0.002040109588754504	0.048396244995288766
0.12705867343404914	0.07648274	0.0020762995141152393	0.04822260926845633
0.1277025965450482	0.07518472	0.0020365376611629817	0.04825193941488542
0.12834651965604732	0.07240578	0.0019907386257075545	0.04846792674727271
0.12899044276704638	0.07494217	0.0019887252591111256	0.048854881553703274
0.12963436587804547	0.07325101	0.0019702097589474445	0.04939772509850492
0.13027828898904456	0.07622363	0.0019798456878827304	0.05008198119095407
0.13092221210004365	0.07425347	0.0019750209777778735	0.050893767348699416
0.13156613521104274	0.07414563	0.0019507133344991174	0.05181978558237424
0.1322100583220418	0.07806945	0.0019596909454911164	0.052847312827442434
0.13285398143304092	0.07861121	0.0019620803644601783	0.05396419104887284
0.13349790454403998	0.08310304	0.0019931197844347843	0.05515881704375798
0.13414182765503907	0.08031136	0.001972417899041862	0.056420131966496916
0.13478575076603816	0.08291129	0.0019913427207202783	0.057737610600635134
0.13542967387703725	0.08234216	0.0019787948419287132	0.05910125040091966
0.1360735969880363	0.085586734	0.0019873432588947185	0.060501560328565164
0.1367175200990354	0.08911942	0.002018393667274918	0.06192954950215409
0.1373614432100345	0.08985433	0.0020623664703966864	0.06337671568600481
0.13800536632103358	0.08910133	0.002091505671963576	0.06483503363724134
0.13864928943203267	0.09272419	0.002115918835326625	0.0662969433321855
0.13929321254303176	0.09185917	0.0021470984795718736	0.0677553380920714
0.13993713565403085	0.092597365	0.002160517657561861	0.06920355262745276
0.1405810587650299	0.09513457	0.0021949220844638033	0.07063535102003893
0.14122498187602903	0.09589549	0.0022165037575442976	0.0720449146600545
0.1418689049870281	0.095163345	0.0022232240577836583	0.07342683015657343
0.14251282809802718	0.09948661	0.0022532344489678284	0.07477607723763512
0.14315675120902624	0.09910033	0.002279515731980907	0.07608801665629945
0.14380067432002536	0.10090667	0.0022878480608016618	0.07735837811815649
0.14444459743102442	0.104370825	0.002336761500691966	0.07858324824515615
0.1450885205420235	0.1018413	0.00233966753697414	0.0797590585899888
0.1457324436530226	0.10620914	0.0023771619350302963	0.08088257371460153
0.1463763667640217	0.1067622	0.0023928625633725716	0.08195087934580865
0.14702028987502078	0.10283774	0.0023728997188973587	0.08296137062032366
0.14766421298601984	0.11278431	0.0024482236544969087	0.08391174043092012
0.14830813609701896	0.10941534	0.0024452553703406786	0.08479996788481658
0.14895205920801802	0.11077465	0.002452036498924326	0.0856243068847744
0.1495959823190171	0.10872724	0.002449373194001197	0.08638327484280327
0.1502399054300162	0.110012114	0.002476584624463574	0.08707564153578154
0.15088382854101529	0.108730495	0.0024641610048898796	0.08770041811172437
0.15152775165201438	0.11036227	0.0025006613047309427	0.0882568462548669
0.15217167476301346	0.11074988	0.002506243734396526	0.08874438751717734
0.15281559787401255	0.11456157	0.0025137090182080777	0.08916271282337372
0.15345952098501162	0.10871465	0.002488476789308102	0.089511692155989
0.1541034440960107	0.1118461	0.0025020401018886677	0.08979138442651374
0.15430553734852323	0.11279201	0.00037411255498220707	0.08986491294887475
0.1547473672070098	0.1163603	0.00251714855012338	0.09000202753814322
0.15539129031800888	0.1134721	0.0025048930393171613	0.09014402864516556
0.15603521342900795	0.11269515	0.0024962650182179164	0.09021795461355386
0.15667913654000706	0.108995244	0.002464255219350189	0.09022452268686207
0.1570751263145568	0.11202312	0.0003693439533874287	0.09019547969689266
0.15732305965100613	0.11144965	0.0024877482442096765	0.09016459136107811
0.15796698276200521	0.11097977	0.002494690896452155	0.09003915147165377
0.1586109058730043	0.10593365	0.0024554665396017143	0.08984931749551356
0.1592548289840034	0.11174167	0.0024879778604786217	0.08959631907043855
0.1598447152805904	0.110322244	0.00036539883672003344	0.08931025429196492
0.15989875209500248	0.10847474	0.0024721310264990545	0.08928149273383251
0.162614304246624	0.106586464	0.00035998488120970323	0.08730797219727202
0.16538389321265756	0.10165931	0.0003543925351733103	0.08431897043777066
0.16815348217869117	0.095826864	0.000348717410277158	0.08049452515172016
0.17092307114472474	0.089443244	0.00034815455860813424	0.07599759728297123
0.17369266011075835	0.0832756	0.00034711575082168656	0.07099495880084279
0.17646224907679192	0.07634187	0.00034381503230087235	0.06565064610313272
0.1792318380428255	0.06930019	0.00034084659958927895	0.06012066744830475
0.1820014270088591	0.06112491	0.0003356312097203695	0.05454887670997829
0.18477101597489268	0.054702237	0.00033145524442256636	0.04906391574404838
0.18754060494092628	0.04800162	0.000319167849004683	0.043777121499069246
0.19031019390695986	0.04162304	0.00030969504184850954	0.038781291008824006
0.19307978287299343	0.03642224	0.0003024143486103988	0.03415019696322883
0.19584937183902704	0.0312669	0.0002959222145180661	0.029938748113206404
0.1986189608050606	0.027283126	0.00029042639226620567	0.026183691861605147
0.20138854977109422	0.02347433	0.00028691762182467913	0.022904760644347613
0.20415813873712782	0.020967599	0.00028071548864595384	0.020106168813747726
0.20692772770316137	0.018667066	0.00027617558847119374	0.017778372473559605
0.209697316669195	0.016793476	0.00027284299500279064	0.015900010921110708
0.21246690563522855	0.015818246	0.00026999134218924365	0.014439954915936472
0.21523649460126215	0.014791545	0.00026677933743232213	0.0133593938453692
0.21800608356729573	0.013987857	0.00026534989471346923	0.01261390094950233
0.22077567253332933	0.0137833	0.0002641608721208679	0.012155423067546248
0.22354526149936293	0.01397891	0.000266930673282775	0.011934148843205402
0.2263148504653965	0.014376708	0.00026867399573727565	0.011900216939374311
0.22908443943143011	0.014188127	0.00026997239240183016	0.012005233509236289
0.2318540283974637	0.014494301	0.000273321622674988	0.012203575880806406
0.2346236173634973	0.014855596	0.0002744605079186458	0.012453467044752416
0.23739320632953087	0.015113542	0.0002716815353019307	0.012717812982363078
0.24016279529556447	0.015761215	0.0002640237813548099	0.012964802008358268
0.24293238426159802	0.015639601	0.00026068041881680015	0.013168271998787376
0.24570197322763165	0.015613132	0.0002577710125532777	0.013307857491500838
0.2484715621936652	0.015390136	0.0002544266261511833	0.01336893405403666
0.2512411511596988	0.015128856	0.0002514640521494796	0.013342381891847561
0.2540107401257324	0.014780448	0.00024965375460841033	0.013224194318752259
0.256780329091766	0.014236381	0.000246881302772239	0.013014959357530395
0.25954991805779953	0.01361427	0.0002452395654904713	0.01271924433914885
0.26231950702383316	0.013240958	0.0002434715023995919	0.012344913916439595
0.26508909598986674	0.012179353	0.00024182560824693961	0.011902411430778359
0.2678586849559003	0.011522158	0.00024012340048954899	0.011404032133075928
0.2706282739219339	0.010691601	0.00023792086523760373	0.010863214461464507
0.2733978628879675	0.009798705	0.00023577065120972574	0.010293872545138423
0.2761674518540011	0.00895194	0.00023373302887807297	0.009709789488259521
0.2789370408200347	0.00829945	0.00023227761335369335	0.009124086957725127
0.28170662978606825	0.007838072	0.00023069086420252977	0.00854878233093965
0.2844762187521019	0.0071599004	0.00022862025711232876	0.007994440332438018
0.28724580771813546	0.0064784447	0.00022752708241859874	0.007469921872168473
0.29001539668416904	0.005803708	0.00022610647516163468	0.0069822288499860104
0.29278498565020267	0.0051231086	0.0002246885854715152	0.006536440146261899
0.2955545746162362	0.005059082	0.000223347672535009	0.006135730987523863
0.2983241635822698	0.0045853616	0.00022188173268723862	0.0057814654394170596
0.3010937525483034	0.004677565	0.0002204654249956895	0.005473349986466958
0.303863341514337	0.0045861597	0.00021899368895864603	0.005209635027053371
0.30663293048037055	0.0044585713	0.00021826597636741412	0.004987350630386278
0.3094025194464042	0.0038530538	0.00021882289546493509	0.004802563030343455
0.31217210841243775	0.0043305093	0.0002164853218345453	0.004650639005474735
0.31494169737847133	0.0040345164	0.00021466788987654185	0.004526506433245019
0.3177112863445049	0.0040937373	0.00021357597660706684	0.004424900814289298
0.32048087531053854	0.004274337	0.0002122885001210041	0.004340589336001674
0.3232504642765721	0.0044533703	0.00021112194281864405	0.004268565978967753
0.3260200532426057	0.0042887363	0.00021015690855781562	0.004204213162449085
0.32878964220863927	0.0043140855	0.000209406578616603	0.004143427381890389
0.3315592311746729	0.004218567	0.00020825311803771435	0.004082708129264402
0.3343288201407064	0.0041090976	0.00020764743819353776	0.004019211037335714
0.33709840910674005	0.0041861217	0.0002069346874906008	0.0039507675991294735
0.3398679980727736	0.0040827426	0.00020577716261201208	0.003875874948568552
0.3426375870388072	0.004123237	0.00020421592145409743	0.0037936600288422375
0.3454071760048408	0.004096616	0.00020299898770670098	0.00370382301899387
0.3481767649708744	0.0033945546	0.00020268422401917532	0.0036065651481504905
0.350946353936908	0.0035151758	0.0002021598902458139	0.003502506024516829
0.35371594290294156	0.003208901	0.0002009690960327814	0.003392595375949198
0.35648553186897514	0.0030820193	0.00020211173585337998	0.0032780236805462874
0.35925512083500877	0.0032915042	0.0002028834173022108	0.0031601356030864437
0.3620247098010423	0.0030159878	0.00020375568139536457	0.0030403494913988534
0.3647942987670759	0.0026653782	0.0002045416825525685	0.002920085469825047
0.3675638877331095	0.002630713	0.00020407010948338087	0.002800703935568875
0.37033347669914307	0.002629383	0.00020451817228480174	0.002683455553908008
0.37310306566517665	0.0025063367	0.00020575449853131738	0.0025694431899559696
0.3758726546312103	0.0019902932	0.00021001657882774386	0.002459595631278031
0.37864224359724385	0.0020202869	0.00021211620762188985	0.0023546524636333917
0.38141183256327743	0.0020702677	0.00021320787182667282	0.002255159071131446
0.38418142152931106	0.001988972	0.00021414828939798675	0.002161470445553862
0.38695101049534464	0.0019722597	0.00021483518846275414	0.0020737623053520755
0.3897205994613782	0.0018774905	0.00021583266649881228	0.001992047936091192
0.3924901884274118	0.0016525001	0.00021692617551344884	0.0019161991604778768
0.3952597773934454	0.0015355379	0.00021759299988228172	0.0018459699146401714
0.39802936635947894	0.0015904919	0.0002178383244867371	0.0017810210335774403
0.4007989553255126	0.0015585446	0.0002184871929446574	0.0017209450176811142
0.4035685442915461	0.0016380653	0.00021869816922214492	0.0016652897492519484
0.4063381332575797	0.00140339	0.0002199099146899844	0.0016135803393088428
0.4091077222236133	0.0018599064	0.00021945159009532626	0.0015653384985235192
0.41187731118964693	0.0013003305	0.00022129706357320084	0.0015200990315400295
0.41464690015568045	0.0015124084	0.00022156792121485574	0.00147742324306248
0.41741648912171403	0.0018912792	0.00022257680202167308	0.0014369092108935748
0.42018607808774766	0.0018092461	0.00022203118834886288	0.001398199021657497
0.4229556670537813	0.0014883534	0.00022248706494440792	0.0013609831772591675
0.42572525601981487	0.0014660642	0.00022622146269935873	0.0013250024639398584
0.4284948449858484	0.0014430889	0.000230520896507893	0.001290047632228439
0.431264433951882	0.001554709	0.00023332906761196288	0.001255957267413087
0.4340340229179156	0.0017290213	0.00023548074705822454	0.0012226142394245417
0.4368036118839492	0.001202459	0.00023908354105790493	0.0011899411117857204
0.43957320084998275	0.0013238356	0.00024138878479247971	0.0011578948653325695
0.4423427898160164	0.0011160336	0.00023692206567913436	0.0011264612575350463
0.44511237878204996	0.0013315693	0.00023380281950619548	0.0010956490960442739
0.4478819677480836	0.0014325433	0.00023307048930094163	0.0010654846588266807
0.4506515567141171	0.0010863327	0.0002332303886732362	0.0010360064457525285
0.4534211456801507	0.0013315581	0.00023268146456118416	0.0010072604001283606
0.4561907346461843	0.0011480972	0.00023285763824801216	0.000979295695236031
0.45896032361221795	0.0011928186	0.00023323577803404345	0.0009521611418003556
0.46172991257825147	0.0011908383	0.00023304891793265547	0.0009259022383233499
0.46449950154428504	0.001065103	0.00023279514058750246	0.000900558857851907
0.4672690905103187	0.0013215356	0.0002322587740105839	0.0008761635420917877
0.47003867947635225	0.0012542971	0.00023346646004303556	0.000852740356664656
0.4728082684423859	0.0010612295	0.0002335609533073233	0.0008303042493308268
0.4755778574084194	0.000820528	0.00023381455345991608	0.0008088608456218698
0.47834744637445303	0.0010421589	0.00023394332698559953	0.0007884066129054026
0.4811170353404866	0.0010011345	0.00023358187995050524	0.0007689293237589618
0.48388662430652024	0.0011207275	0.0002341387038129182	0.0007504087519812041
0.48665621327255376	0.0010037698	0.0002344140893308459	0.0007328175389700806
0.48942580223858734	0.0009766304	0.00023428241662669643	0.0007161221739593117
0.49219539120462097	0.0011364497	0.00023433097109184695	0.0007002840382088595
0.4949649801706546	0.0006519802	0.00023525954637567588	0.0006852604702548093
0.4977345691366881	0.0008889355	0.00023534236088523848	0.0006710058163847183
