#Initialized App on 2018-12-25 20:55:03.991794
#Set wavelength to 5.1386 A
#Load data from ../xyFiles/ES_S17_300K_500mT_refl_uu.xy
#Select data from 0.0038
#Select data above noise threshold of 0.0.
#Applying footprint correction for a equidistributed beam using a sample size of 14 and a beam size of 0.5.
#Rescaling data by setting mean value between 0.0066 .. 0.0092 (Imean = 1.5174552850827332) to 1.
#[[Data]]
#q / A-1	I / a.u.	sI / a.u.
0.00384135770147	1.0220896747406447	0.009774635125456099
0.00426817481213	1.0204568151932751	0.009252759083602277
0.00469499179279	1.0193214708604947	0.00881720477105163
0.00512180863042	1.0143045746979353	0.008439941699290297
0.00554862531203	1.005846143595002	0.008108546872717873
0.00597544182463	0.9991671523339603	0.00783385428677013
0.0064022581552	1.0021038085793748	0.007573434312858024
0.00682907429075	1.020543310567577	0.007344150084331588
0.00725589021827	1.0271102337446663	0.007101099462030073
0.00768270592476	1.0177406333353018	0.006850936167576361
0.00810952139723	1.0012577720116476	0.0065955965759440455
0.00853633662267	0.9824131879583291	0.006339284573758001
0.00896315158807	0.9509348623824785	0.006063681450465395
0.00938996628044	0.8933943294997886	0.005727123039296218
0.00981678068678	0.7894789849249608	0.00526447399404965
0.0102435947941	0.6205344695019481	0.004573389530807126
0.0106704085893	0.4228619945172586	0.0037064970831715244
0.0110972220596	0.26697408829995095	0.0028992407472254126
0.0115240351917	0.17512934651670523	0.002317171430749133
0.0119508479729	0.12045745712300446	0.0018988616186204456
0.01237766039	0.0813802778238069	0.0015519041736386202
0.01280447243	0.05197467487499051	0.0012504165331465639
0.01323128408	0.031488168981881	0.0009777794617913571
0.013658095327	0.017509857977911988	0.0007421991218893264
0.0140849061579	0.009230125023764685	0.0005555982514959388
0.0145117165598	0.0053920620914598314	0.0004308530465574186
0.0149385265196	0.005048208298041989	0.00040058027852432355
0.0153653360243	0.007222624461476846	0.0004375436072474441
0.015792145061	0.010069042789215506	0.0004932011348143404
0.0162189536167	0.013150742601585648	0.0005410032328831877
0.0166457616782	0.01601165189813294	0.0005747515977975039
0.0170725692328	0.018533247956391476	0.0006032788709596676
0.0174993762672	0.01999392972660028	0.0006168533172105315
0.0179261827686	0.01971483483288808	0.0006039574043758027
0.018352988724	0.019089706977960832	0.0005865928284909416
0.0187797941202	0.018331230134836604	0.0005676431124596221
0.0192065989445	0.016573885564783987	0.0005332904636318194
0.0196334031836	0.014100658794367414	0.00048759220067741004
0.0200602068247	0.011593487839367124	0.0004389230430014316
0.0204870098547	0.009002660552535987	0.0003846449025477168
0.0209138122606	0.006318316538890416	0.0003236968173250415
0.0213406140295	0.004223850181527438	0.00026469585451155273
0.0217674151483	0.0028849961123428693	0.00021732879810900155
0.022194215604	0.0021955671308136826	0.0001897485942305775
0.0226210153836	0.0021365846095749244	0.0001866612996847027
0.0230478144742	0.0022868431469765787	0.00019139234370026288
0.0234746128627	0.002535995611554094	0.00019580915079455801
0.0239014105361	0.0030449696286380637	0.000209551658945549
0.0243282074815	0.0036949883685604775	0.00022532075548234052
0.0247550036857	0.004350858765937926	0.00023955771028237428
0.0251817991359	0.005086630274948127	0.00025568050188583833
0.025608593819	0.0056905976497455485	0.0002679403723984112
0.026035387722	0.005666034343526437	0.0002643322955437591
0.0264621808319	0.005485019458288136	0.000256377116255099
0.0268889731358	0.005393946885392713	0.00025101248313302507
0.0273157646205	0.00497368163543186	0.00023953579268756124
0.0277425552732	0.004706649318618476	0.00023180961111290226
0.0281693450808	0.004445018355100148	0.00022244812524727613
0.0285961340303	0.003737765807889059	0.00020192323950954234
0.0290229221087	0.00292428879259306	0.00017822135048415957
0.0294497093031	0.002406046441704521	0.0001612130278178952
0.0298764956003	0.002046442762130736	0.00014674561173537716
0.0303032809874	0.0015517353521577505	0.00012681078754638698
0.0307300654515	0.0012457079992591897	0.00011442526753388964
0.0311568489795	0.001217674758598485	0.0001128298470163511
0.0315836315583	0.0012417869996318265	0.00011355796908720257
0.0320104131751	0.0012740470037822895	0.00011348274829723271
0.0324371938168	0.0013321962993470017	0.00011415527443150952
0.0328639734704	0.001495387321312243	0.0001192060333074386
0.0332907521229	0.0018003358970553626	0.0001287827096563623
0.0337175297613	0.0020218550516297226	0.00013558275255274414
0.0341443063726	0.002123628929696632	0.00013686262750999188
0.0345710819438	0.002160583560114052	0.00013710360251505404
0.0349978564619	0.0022265199803000145	0.00013874380641057255
0.035424629914	0.0022421195244085755	0.0001375516265907318
0.0358514022869	0.0021480422882748933	0.00013357725033070266
0.0362781735677	0.0019807446815300737	0.00012756292561084563
0.0367049437434	0.001784305306939371	0.00011974396261503131
0.0371317128011	0.0016954307459774675	0.00011509754909756288
0.0375584807276	0.0015418082190674367	0.00010938936461872514
0.0379852475101	0.001284954488509164	0.0001001794756720185
0.0384120131354	0.0011077315205571209	9.334517200461279e-05
0.0388387775907	0.0009835654363561873	8.8212783453102e-05
0.0392655408628	0.0008529599669117078	8.158511342376227e-05
0.0396923029389	0.0007873791021380988	7.781765144579214e-05
0.0401190638058	0.0007760605099959515	7.63622058593368e-05
0.0405458234507	0.0008217432421840791	7.722384633556484e-05
0.0409725818605	0.0008622533680204209	7.840796184214082e-05
0.0413993390222	0.0008935665973936666	7.97551223719366e-05
0.0418260949227	0.000923018264973623	8.108298184264703e-05
0.0422528495492	0.0009576844527796108	8.158849533577704e-05
0.0426796028886	0.0009507509927233651	8.07383794787023e-05
0.0431063549279	0.0010067839703403847	8.23187441415406e-05
0.0435331056541	0.0011572374260555196	8.697433154501313e-05
0.0439598550542	0.0011780295261464198	8.698947753819555e-05
0.0443866031152	0.001121738946467654	8.422951385694545e-05
0.0448133498241	0.0010782757000640131	8.183808010271305e-05
0.0452400951679	0.0010051601791503748	7.855469489168817e-05
0.0456668391337	0.0008691059646199445	7.338979705117473e-05
0.0460935817083	0.0007731968008838077	6.909142472705311e-05
0.0465203228788	0.0007188932909088959	6.62606938889951e-05
0.0469470626323	0.0006944445498531409	6.461900830490048e-05
0.0473738009557	0.0007342638433980795	6.571664463455494e-05
0.0478005378359	0.0007108415000584391	6.431309830118955e-05
0.0482272732601	0.0006237593496590204	6.030178537975643e-05
0.0486540072152	0.0005333276582319145	5.553284505326907e-05
0.0490807396883	0.000464634221469434	5.2327798821307756e-05
0.0495074706662	0.0004951785377256545	5.419426027587951e-05
0.049934200136	0.0005354729640083678	5.54401725182599e-05
0.0503609280848	0.0005055050065044328	5.366145996641759e-05
0.0507876544995	0.0005270683063889262	5.449968184768354e-05
0.0512143793671	0.0006106558098941263	5.75764912622946e-05
0.0516411026746	0.0006039649150742179	5.699177962628654e-05
0.0520678244091	0.000588946746246317	5.643925517933143e-05
0.0524945445574	0.0005899360626224825	5.660504219557604e-05
0.0529212631067	0.000512359851088606	5.2828225942586814e-05
0.053347980044	0.0005122031666874521	5.1406795230708576e-05
0.0537746953561	0.000547475915506617	5.209316705141581e-05
0.0542014090302	0.0005566434251619976	5.2617685409958575e-05
0.0546281210532	0.00057915251926813	5.334251598986124e-05
0.0550548314121	0.0005661347126153198	5.227999277232533e-05
0.055481540094	0.0005231184159637248	5.016337216447206e-05
0.0559082470858	0.0005045122948347087	4.913255990572456e-05
0.0563349523746	0.000470270042008742	4.747108137142923e-05
0.0567616559473	0.00042806937983864036	4.564493657872333e-05
0.0571883577909	0.0004153234837431853	4.489113945683046e-05
0.0576150578925	0.00037363110318691656	4.222036042836722e-05
0.058041756239	0.00033178684853386756	3.965631607014335e-05
0.0584684528175	0.0003211547350292962	3.866836833972745e-05
0.0588951476149	0.00038770744612120236	4.1921704125335865e-05
0.0593218406182	0.00042176884114525365	4.38900138377642e-05
0.0597485318146	0.00038498036658179936	4.203324213216513e-05
0.0601752211908	0.00038712489631922124	4.1298064212629175e-05
0.0606019087341	0.0003670645634153722	3.970540041354091e-05
0.0610285944313	0.00035187438257726583	3.875140781164402e-05
0.0614552782694	0.0003814016431122818	4.0250478756287716e-05
0.0618819602355	0.00040440572469594387	4.090493585373348e-05
0.0623086403166	0.00041393892493468525	4.078076261919575e-05
0.0627353184997	0.0003878602701287119	3.9520680896550196e-05
0.0631619947717	0.0003629724307554276	3.822742119417514e-05
0.0635886691197	0.0002583105417027441	3.207825324352641e-05
0.0640153415307	7.721089984827803e-05	1.7402040042636857e-05
