#Initialized App on 2018-12-25 20:55:06.371993
#Set wavelength to 5.1386 A
#Load data from ../gaussFits300K/ES_S17_300K_4mT_reduced_in_x_ai_uu_masked_qz_I.xy
#Select data from 0.0038
#Select data above noise threshold of 0.0.
#Applying footprint correction for a equidistributed beam using a sample size of 14 and a beam size of 0.5.
#Rescaling data by setting mean value between 0.0066 .. 0.0092 (Imean = 1.5023453330494825) to 1.
#Load data from ../gaussFits300K/ES_S17_300K_4mT_reduced_in_x_ai_du_masked_qz_I.xy
#Select data from 0.0038
#Select data above noise threshold of 0.0.
#Applying footprint correction for a equidistributed beam using a sample size of 14 and a beam size of 0.5.
#Rescaling data by renormalization factor 1.5023453330494825.
#[[Data]]
#q / A-1	I / a.u.	sI / a.u.
0.00384135770147	1.0325338052120143	0.0050607952479860266
0.00426817481213	1.0338606929061596	0.005058676981975219
0.00469499179279	1.0385267081583547	0.005643866486046802
0.00512180863042	1.026060121669257	0.004198539386178336
0.00554862531203	1.0453674254826566	0.004627849728009026
0.00597544182463	1.0265284115278397	0.003723279914919093
0.0064022581552	1.0069425961950114	0.0035250038604451063
0.00682907429075	1.0208100534857114	0.004045310321959423
0.00725589021827	1.0360921199210988	0.004352975769742207
0.00768270592476	1.018294855372329	0.005021453154550564
0.00810952139723	0.9908682868507446	0.0029520816562490708
0.00853633662267	0.9836873207624831	0.0037191003062101704
0.00896315158807	0.9628977469163438	0.004036882329972691
0.00938996628044	0.9581617097245291	0.003741328217448954
0.00981678068678	0.9266230513388458	0.004050645725814608
0.0102435947941	0.7169813989949168	0.003626483579290236
0.0106704085893	0.4311398372093279	0.0020414553768402337
0.0110972220596	0.23028246331846772	0.0011483215661397886
0.0115240351917	0.15577360123820774	0.0008792857991599626
0.0119508479729	0.103105517242632	0.0006732472936162101
0.01237766039	0.06937178755693252	0.0005523393786007828
0.01280447243	0.042473965400508955	0.0005112271959028555
0.01323128408	0.023849657232655388	0.00031881043507777165
0.013658095327	0.009650819626158382	0.00022239929342242478
0.0140849061579	0.004044957815668221	0.0002334906363828583
0.0145117165598	0.003532442887075833	0.00018836537974137248
0.0149385265196	0.003886037455442976	0.00023999568529704666
0.0153653360243	0.007404278179635246	0.00022602704325582512
0.015792145061	0.01202336743864672	0.00024712277406617537
0.0162189536167	0.01445316551117351	0.00019868235299302174
0.0166457616782	0.01695859216179626	0.0002790140008693413
0.0170725692328	0.01879168056921753	0.0002632193784527598
0.0174993762672	0.019795246546291202	0.0002623474314782416
0.0179261827686	0.01926557242093195	0.0002459505240342496
0.018352988724	0.017489653073060107	0.0002057990268909499
0.0187797941202	0.015726486654540697	0.000177223746003733
0.0192065989445	0.013667710208018647	0.00023415489497126486
0.0196334031836	0.011239304141703474	0.00023066362898231446
0.0200602068247	0.00839879433705795	0.0001934140610924878
0.0204870098547	0.006038900108990084	0.00015992989643170248
0.0209138122606	0.004026072159528555	0.00012467130060175903
0.0213406140295	0.002874409608660606	9.172198673528431e-05
0.0217674151483	0.001603347909449584	0.000123147474537885
0.022194215604	0.0008766219932588578	6.443659073970947e-05
0.0226210153836	0.0012262000793070952	7.262686708249343e-05
0.0230478144742	0.001388910450044702	7.387999718183515e-05
0.0234746128627	0.00219346904325369	0.00011235892837264822
0.0239014105361	0.0029570240114937703	0.00010648525461109425
0.0243282074815	0.0037195976125211595	0.00010779533437213161
0.0247550036857	0.004149187341584371	0.00012787102212160004
0.0251817991359	0.0049977077879140895	0.00012177915505421655
0.025608593819	0.004852583984197849	8.297340207776078e-05
0.026035387722	0.004995448159907194	0.0001044560059294507
0.0264621808319	0.005030399869422581	0.00010977942821773816
0.0268889731358	0.005110675172122726	8.068720387444152e-05
0.0273157646205	0.004165406231946103	0.00010543380702754178
0.0277425552732	0.004316319304623605	0.00010628452422728951
0.0281693450808	0.003353310942092838	0.0001132594897068388
0.0285961340303	0.002538623700915874	7.40202594303418e-05
0.0290229221087	0.001642718351551667	5.794881310609089e-05
0.0294497093031	0.0013887078355762927	5.675368752206734e-05
0.0298764956003	0.001109390382880837	5.742180002374443e-05
0.0303032809874	0.0009701318011706651	5.124145854602543e-05
0.0307300654515	0.0006100051535062804	5.251619163612949e-05
0.0311568489795	0.0006883117271891094	3.8362493601162734e-05
0.0315836315583	0.0008576622929505876	5.801781809004668e-05
0.0320104131751	0.000968902313597145	5.902409393385798e-05
0.0324371938168	0.0013863464295502464	6.806893136197164e-05
0.0328639734704	0.0012742958499646617	5.326328305675136e-05
0.0332907521229	0.0014199323506834656	7.732523579796599e-05
0.0337175297613	0.0018615937900711343	6.626006885651442e-05
0.0341443063726	0.0015638257987889012	8.364995610625423e-05
0.0345710819438	0.001904629119092327	8.624957732545676e-05
0.0349978564619	0.002092288786076018	7.058014290822451e-05
0.035424629914	0.002107337620586648	8.367908796101735e-05
0.0358514022869	0.0015130568154455926	5.1111344981952495e-05
0.0362781735677	0.0016939987399124615	6.26568548426887e-05
0.0367049437434	0.0013789053472359912	4.244704670436894e-05
0.0371317128011	0.0012481636461377293	6.162364102402324e-05
0.0375584807276	0.0011733544541673636	4.9546719574125847e-05
0.0379852475101	0.0009684056247221119	6.3437611394535e-05
0.0384120131354	0.0006765543951051042	4.361784006162756e-05
0.0388387775907	0.0005541969997563258	4.717999648916038e-05
0.0392655408628	0.00048684753527204863	4.919896936980996e-05
0.0396923029389	0.000431440748592503	3.9852859892090615e-05
0.0401190638058	0.00043238378392857396	3.628446988316997e-05
0.0405458234507	0.0004066989090876167	2.9350058119364717e-05
0.0409725818605	0.0005822368769661145	3.0463230792072776e-05
0.0413993390222	0.0006994721486271393	4.659295149698301e-05
0.0418260949227	0.0007043397720679652	3.6082333585590816e-05
0.0422528495492	0.0008019064131425068	5.328791668381878e-05
0.0426796028886	0.0008124993925264086	5.8939137094289716e-05
0.0431063549279	0.0009492193137695844	3.586033024595544e-05
0.0435331056541	0.000894404368372952	5.917242216855049e-05
0.0439598550542	0.0008593759836547402	6.486643166643041e-05
0.0443866031152	0.0007947169969303464	5.276945457596466e-05
0.0448133498241	0.0008542996808584798	4.218716834115703e-05
0.0452400951679	0.000750895283704016	4.964076277554721e-05
0.0456668391337	0.0007084585815896404	3.5835601169151655e-05
0.0460935817083	0.0006715545938716714	3.564256490052546e-05
0.0465203228788	0.0006032530146266756	2.9892050197650715e-05
0.0469470626323	0.00043049898446361764	2.0048213194312158e-05
0.0473738009557	0.0003678361168325582	2.858041334153673e-05
0.0478005378359	0.0002719569811356131	2.5430710710566233e-05
0.0482272732601	0.0003501303329025811	2.9738132320068994e-05
0.0486540072152	0.00029897172479379105	3.290656639628739e-05
0.0490807396883	0.00036913247691865544	2.1699594484011345e-05
0.0495074706662	0.0003416417663980883	2.5728169404780773e-05
0.049934200136	0.00042231536811768595	2.7184793302621045e-05
0.0503609280848	0.00044873067690719555	2.7820220350401152e-05
0.0507876544995	0.0004893261638750326	2.0844382654788243e-05
0.0512143793671	0.000395501603051087	3.799277766253654e-05
0.0516411026746	0.00043833911727448477	2.473271526956951e-05
0.0520678244091	0.00037365008250615344	2.3379999291445894e-05
0.0524945445574	0.0004259631764108481	3.100852490839305e-05
0.0529212631067	0.0005511709033642934	3.2219523231466534e-05
0.053347980044	0.0004094088389681108	2.3788825662161217e-05
0.0537746953561	0.0004411937300667436	2.5340600169615098e-05
0.0542014090302	0.00041117706241890147	2.4744248341532345e-05
0.0546281210532	0.00044908825438412476	2.8435275385685346e-05
0.0550548314122	0.000293215892923566	2.0886616758125917e-05
0.055481540094	0.000385745484813782	2.582888528986947e-05
0.0559082470858	0.00021093114435252942	1.7895434289030157e-05
0.0563349523746	0.0002909243194528754	1.8141708612806787e-05
0.0567616559473	0.0003214902909939326	2.6055493180305256e-05
0.0571883577909	0.00025978026373744593	2.6755650066220116e-05
0.0576150578925	0.00014854769087033282	2.821229474059004e-05
0.058041756239	0.00021395580656906942	1.7047325700703686e-05
0.0584684528175	0.00027218561763203285	2.1765137128266193e-05
0.0588951476149	0.000267095914423453	2.1686416290335586e-05
0.0593218406182	0.0002115083703826674	2.3892210449377598e-05
0.0597485318146	0.00022151225208617622	1.976150121354035e-05
0.0601752211908	0.0002526421318717737	2.425862970665508e-05
0.0606019087341	0.00025834850728742397	1.7056216558280054e-05
0.0610285944313	0.00030778592461484073	2.2280970417286807e-05
0.0614552782694	0.00034849327571799554	2.7754804201741776e-05
0.0618819602355	0.000303114218430702	1.5275439932459594e-05
0.0623086403166	0.00027598310962530725	2.1338070133307637e-05
0.0627353184997	0.00026783676897881647	2.0294074743279056e-05
0.0631619947717	0.00028804693834208266	2.2973437939069583e-05
0.0635886691197	0.00022419983570458557	1.6392221051835167e-05
0.0640153415307	0.00019842520187762666	1.670979046648494e-05
0.0644420119917	0.00023354471570027321	1.2999664299749116e-05
0.0648686804896	0.00020504743968584874	1.7905962386481212e-05
0.0652953470116	0.00021634803682921296	1.6738358407981006e-05
0.0657220115445	0.00020700201310365498	1.2481115848998464e-05
0.0661486740754	0.00017398799474756623	1.7005800264337772e-05
0.0665753345913	0.00015817964656107952	1.1159757150829575e-05
0.0670019930792	0.00019330439592020376	2.0476773630511275e-05
0.0674286495262	0.00015810767372019047	1.739858575944332e-05
0.0678553039191	0.00015234658900720467	1.2242938747609258e-05
0.068281956245	0.0001273333063613798	1.3962884352956162e-05
0.068708606491	0.00018210160735505803	1.1777831659712196e-05
0.0691352546439	0.00014689743189860477	1.537141587142008e-05
0.0695619006909	0.00016373062792622358	1.2912023019254347e-05
0.0699885446189	0.00018009887809023045	1.21771107397674e-05
0.0704151864149	0.0001209078113058872	1.9244790516362332e-05
0.070841826066	0.00016376643359802714	1.5263721902490978e-05
0.0712684635591	0.00017652884173405365	1.7366628462129054e-05
0.0716950988812	0.0001577890362131616	1.4692847574411603e-05
0.0721217320194	0.0001057577133008293	1.1994275809629187e-05
0.0725483629606	0.00012063975549757713	1.5105008894248763e-05
0.0729749916919	0.00010976760292877765	1.5630115840114354e-05
0.0734016182002	0.00012659056911522776	1.417700996027432e-05
0.0738282424726	0.0001387420322188074	1.1260320592304012e-05
0.0742548644961	0.00017649568253327147	1.1798467221586198e-05
0.0746814842576	0.00011969431513737283	1.1022689160891235e-05
0.0751081017442	0.00012140556223085589	1.2988004142992513e-05
0.0755347169429	8.46732550873967e-05	1.1991074332152603e-05
0.0759613298406	8.680687607519046e-05	8.862438777483916e-06
0.0763879404244	0.00010891512513533322	1.0023011350085762e-05
0.0768145486814	0.00012644373218403634	7.73472113613836e-06
0.0772411545984	8.298146024220066e-05	1.2614281115295452e-05
0.0776677581625	0.00011091917061140251	1.2889308704780207e-05
0.0780943593607	6.30028567138759e-05	8.866032987409863e-06
0.0785209581801	8.850969577465226e-05	1.062437908900422e-05
0.0789475546075	9.16962685945546e-05	8.394665912043167e-06
0.0793741486301	0.00011885964629678946	1.7043333848230154e-05
0.0798007402348	6.798521823242602e-05	1.1648735704034338e-05
0.0802273294086	5.3818372231933616e-05	9.543346382428172e-06
0.0806539161386	7.272437033872193e-05	8.015240828073436e-06
0.0810805004117	6.889615637149137e-05	1.299926004116802e-05
0.0815070822149	8.496641493425614e-05	7.403537062853104e-06
0.0819336615353	6.909215763177248e-05	9.046593355005237e-06
0.0823602383599	6.278837055675485e-05	7.340962276878973e-06
0.0827868126756	8.52029562144222e-05	6.5693118303932374e-06
0.0832133844695	6.0947519486784425e-05	9.515271168164469e-06
0.0836399537286	7.040355350842445e-05	9.320779667504436e-06
0.0840665204398	6.48447018532334e-05	1.0400686646107152e-05
0.0844930845902	8.133083604874347e-05	6.430457309758281e-06
0.0849196461669	6.51950280104102e-05	8.988636088752826e-06
0.0853462051567	5.6322566536444386e-05	9.536325542970553e-06
0.0857727615467	4.13662047744587e-05	8.743343992444185e-06
0.086199315324	2.9313256816079737e-05	8.443796548330715e-06
0.0866258664755	8.527499072377199e-05	7.402274203243403e-06
0.0870524149881	3.0109166141404747e-05	5.781945658777702e-06
0.0874789608491	5.110041500523064e-05	5.395563737364114e-06
0.0879055040452	6.633588816607821e-05	9.791357337358268e-06
0.0883320445636	4.666256383124866e-05	5.983977053898764e-06
0.0887585823913	5.233540735964087e-05	7.415072789814486e-06
0.0891851175152	4.979034337475873e-05	5.710404799265573e-06
0.0896116499224	3.7499369659335465e-05	6.164361679216514e-06
0.0900381795998	3.549736124367053e-05	6.742790606895937e-06
0.0904647065346	3.5923736582221874e-05	5.5692921034450455e-06
0.0908912307136	3.7148112868775304e-05	5.293057345117127e-06
0.0913177521239	1.5108515665920063e-05	4.988866297994577e-06
0.0917442707526	3.431109869750712e-05	3.89457727946181e-06
0.0921707865865	4.000898041064455e-05	7.501604159893112e-06
0.0925972996127	5.3881509277024396e-05	6.73613434765912e-06
0.0930238098183	4.021066373426826e-05	6.445255819010204e-06
0.0934503171902	3.911931345418855e-05	3.7414833170150116e-06
0.0938768217155	2.952603707295504e-05	4.892350539060725e-06
0.0943033233811	2.8315511130621578e-05	4.715959669285066e-06
0.094729822174	2.8019780854614943e-05	3.991758664319343e-06
0.0951563180813	4.576741278280745e-05	7.128853642631343e-06
0.09558281109	3.3743387678450816e-05	5.72837669920498e-06
0.0960093011871	3.807813472810635e-05	5.926067598538453e-06
0.0964357883595	5.363044250049681e-05	5.5726202330634545e-06
0.0968622725944	5.339640486676162e-05	1.3840180891562801e-05
0.0972887538787	2.8996220441259354e-05	1.0064495406863944e-05
0.0977152321993	3.7702734027952264e-05	1.1353876098963581e-05
0.0981417075434	4.667870028713979e-05	1.3272499768296111e-05
0.098568179898	2.9005118032782385e-05	1.1310312332124999e-05
0.09899464925	3.124864676339614e-05	1.191200475257879e-05
0.0994211155864	7.660159213221955e-05	1.4865724974075854e-05
0.0998475788943	2.4496738563495e-05	1.1210957078165499e-05
0.100274039161	3.5341303053957186e-05	1.1849116358864262e-05
0.100700496372	2.222048235723476e-05	1.0556729199143209e-05
0.101126950517	2.8742132075420615e-05	1.15820397016715e-05
0.101553401581	2.0324852648771314e-05	1.2636452860052727e-05
0.101979849551	1.8018188822575064e-05	1.1693804917967793e-05
0.102406294415	3.0550266156208906e-05	1.0504397438215503e-05
0.102832736159	3.060781445079741e-05	1.1302748243995585e-05
0.103259174771	2.429969350715026e-05	1.1488316234501546e-05
0.103685610237	2.1892707554686228e-05	1.0401006664747519e-05
0.104112042545	3.0366012204863297e-05	1.0835862154512923e-05
0.104538471682	1.1284879680284264e-05	1.0123541846819223e-05
0.104964897634	1.3538554807378683e-05	1.1155585359380216e-05
0.105391320389	3.2342826907759696e-05	1.0989660502680315e-05
0.105817739933	2.158462066632715e-05	9.431052725767232e-06
0.106244156254	2.3572945664106877e-05	9.176133130268753e-06
0.106670569339	1.315815332648882e-05	9.360087076289296e-06
0.107096979174	2.5706696139300997e-05	9.423039486044535e-06
0.107523385747	1.5088824097910228e-05	8.614479852931213e-06
0.107949789044	3.188573245657509e-05	1.045408767651339e-05
0.108376189053	2.1371852041851732e-05	9.338086898518643e-06
0.108802585761	1.2998770988864775e-05	8.821121850859778e-06
0.109228979155	2.9386596555524346e-05	8.83554831142328e-06
