#Initialized App on 2018-12-25 20:55:06.378333
#Set wavelength to 5.1386 A
#Load data from ../gaussFits300K/ES_S17_300K_500mT_reduced_in_x_ai_uu_masked_qz_I.xy
#Select data from 0.0038
#Select data above noise threshold of 0.0.
#Applying footprint correction for a equidistributed beam using a sample size of 14 and a beam size of 0.5.
#Rescaling data by setting mean value between 0.0066 .. 0.0092 (Imean = 1.5016779498411799) to 1.
#Load data from ../gaussFits300K/ES_S17_300K_500mT_reduced_in_x_ai_du_masked_qz_I.xy
#Select data from 0.0038
#Select data above noise threshold of 0.0.
#Applying footprint correction for a equidistributed beam using a sample size of 14 and a beam size of 0.5.
#Rescaling data by renormalization factor 1.5016779498411799.
#[[Data]]
#q / A-1	I / a.u.	sI / a.u.
0.00384135770147	1.0332545622913831	0.006730033589067042
0.00426817481213	1.0125740904023532	0.00543974510939689
0.00469499179279	1.0252360252849697	0.00566619529583995
0.00512180863042	1.019352274129093	0.004948733818138666
0.00554862531203	1.0200260966535137	0.004623617250489212
0.00597544182463	1.0117017851105294	0.0041629332186393165
0.0064022581552	1.0167017243390921	0.004191549743328429
0.00682907429075	1.0082500428926426	0.003427948303832954
0.00725589021827	0.99146166873971	0.00363189743325489
0.00768270592476	1.0165305095151624	0.004994917480648739
0.00810952139723	0.9811940333301	0.0036548066936676273
0.00853633662267	0.9791537032999685	0.004632375166574088
0.00896315158807	0.9589819642561391	0.004132116235739069
0.00938996628044	0.9625827484564301	0.0034927562481686433
0.00981678068678	0.9353520963349957	0.004716004332552082
0.0102435947941	0.7655819291786774	0.0047619460261058765
0.0106704085893	0.484638605189742	0.002043452782812381
0.0110972220596	0.25209546555769463	0.0011221026993804822
0.0115240351917	0.16693091442839592	0.0007898415611229919
0.0119508479729	0.11512377497593801	0.0008151664668182087
0.01237766039	0.0786923682800976	0.0006573692244738482
0.01280447243	0.050719342875742764	0.0003705546162741151
0.01323128408	0.026714504037617406	0.00041341575402336635
0.013658095327	0.013897089043670966	0.0002384243153940219
0.0140849061579	0.006550127112217758	0.00018573583803148304
0.0145117165598	0.0027214814192509083	0.00020063295718446015
0.0149385265196	0.003625448938202741	0.00019388838657017184
0.0153653360243	0.0055929717583330756	0.0001917579329265049
0.015792145061	0.009457923501986617	0.0001970716000559735
0.0162189536167	0.01279661864401918	0.00026905578295613816
0.0166457616782	0.014577465195264424	0.00020660195316548675
0.0170725692328	0.018494920607792457	0.0002632000925246908
0.0174993762672	0.018399596955661558	0.0002007449300249358
0.0179261827686	0.018258416478158488	0.0002452162710476984
0.018352988724	0.018875797296598183	0.00022018271793382345
0.0187797941202	0.01723311352385671	0.00026819907860991843
0.0192065989445	0.014697091568911311	0.00014268720476016088
0.0196334031836	0.011424387407382455	0.00016814231323252846
0.0200602068247	0.010213355179136076	0.00018543993442997177
0.0204870098547	0.007209371888155645	0.00022347900312559826
0.0209138122606	0.004593383741059415	0.00013434887951502375
0.0213406140295	0.003357347482288313	0.0001018465689902567
0.0217674151483	0.001859322459219876	0.00012568708941158266
0.022194215604	0.0011759583626955923	0.00010330159701682274
0.0226210153836	0.0008656122455356566	9.088820772111672e-05
0.0230478144742	0.0010785941753725739	8.700971059013042e-05
0.0234746128627	0.0013771636757007075	7.142930426201723e-05
0.0239014105361	0.0020903691069168386	8.679801517407383e-05
0.0243282074815	0.0027254105215615207	6.430909313473733e-05
0.0247550036857	0.003137899619452206	9.80427774205617e-05
0.0251817991359	0.004624707576774708	0.00013407434531888013
0.025608593819	0.004090651997186498	0.0001390166645056968
0.026035387722	0.004556385869263942	0.0001265958238449221
0.0264621808319	0.005012040021752958	0.00010756439737837873
0.0268889731358	0.0049440765176127135	0.00010985863837638309
0.0273157646205	0.004324270542975233	0.00010009378352071537
0.0277425552732	0.0041466564476306455	0.00016499032907001975
0.0281693450808	0.003282364710703609	0.00010719836218708543
0.0285961340303	0.002915995858135343	9.018173391570769e-05
0.0290229221087	0.0022233202359982253	9.414604763149589e-05
0.0294497093031	0.0016536786521715932	6.637701476453415e-05
0.0298764956003	0.00162446121982775	7.218389070562788e-05
0.0303032809874	0.0009743108644079621	6.0265700863546696e-05
0.0307300654515	0.0008388899308803532	5.227456232707926e-05
0.0311568489795	0.0007196069642591165	7.715109465338308e-05
0.0315836315583	0.0006937313014648768	5.574174658840125e-05
0.0320104131751	0.0008196060749495784	5.696085265242729e-05
0.0324371938168	0.0008787603191812995	5.072474681757729e-05
0.0328639734704	0.0012180754517964302	6.507344139169695e-05
0.0332907521229	0.0014333323505059399	5.164294958187488e-05
0.0337175297613	0.0014334138867959322	7.59664404394047e-05
0.0341443063726	0.001672979342467578	6.30591824836276e-05
0.0345710819438	0.001610153104672407	6.063201857868144e-05
0.0349978564619	0.0018037312343766084	8.621617237218678e-05
0.035424629914	0.0018082195384232268	9.455227289014935e-05
0.0358514022869	0.0016878269573842091	6.750279957058877e-05
0.0362781735677	0.001717808984246979	7.060445619170243e-05
0.0367049437434	0.0014423106720945936	5.815294560595857e-05
0.0371317128011	0.0013269955407500611	4.7021439630712466e-05
0.0375584807276	0.0010371924539355974	3.764498763492373e-05
0.0379852475101	0.0009040133829128215	4.9272125302230104e-05
0.0384120131354	0.0008827245225150084	5.099589643643283e-05
0.0388387775907	0.0006724517597689878	6.506605030863033e-05
0.0392655408628	0.0006036609350481817	3.7548846152568e-05
0.0396923029389	0.0004534285212857368	4.0954886931127684e-05
0.0401190638058	0.00044952916506514563	3.212544723166731e-05
0.0405458234507	0.0003998709835936281	3.6836563743975924e-05
0.0409725818605	0.0005024883121001802	3.598444828237771e-05
0.0413993390222	0.0004986534197454603	3.404005265602413e-05
0.0418260949227	0.0005859715242597413	3.652943629212555e-05
0.0422528495492	0.0007251114736532067	4.293283702497771e-05
0.0426796028886	0.0006929884527766685	5.4468321813156236e-05
0.0431063549279	0.0007559626076521354	4.951707469930804e-05
0.0435331056541	0.0008766269084561142	3.7969479096224134e-05
0.0439598550542	0.0007448329312895707	4.912458718021562e-05
0.0443866031152	0.0009368112027968954	4.7001279751493475e-05
0.0448133498241	0.0007770897180253487	3.562584353904972e-05
0.0452400951679	0.0007663123701705841	4.3800476995135956e-05
0.0456668391337	0.0006622740963937264	2.8846788481086715e-05
0.0460935817083	0.0005602053710479461	3.1708978286350625e-05
0.0465203228788	0.0005784512304917504	4.510804706444248e-05
0.0469470626323	0.00046827542508022285	3.467565634121405e-05
0.0473738009557	0.0005268152197296841	3.8156892234888205e-05
0.0478005378359	0.00037298561347854313	3.4056524963291466e-05
0.0482272732601	0.0003826740754050416	3.0390514267076398e-05
0.0486540072152	0.0003479754218104832	2.6406285653920363e-05
0.0490807396883	0.00035699243859415696	3.472056129662289e-05
0.0495074706662	0.00039596906361785613	2.4459084797548243e-05
0.049934200136	0.00037644862474488304	2.91536521991499e-05
0.0503609280848	0.0003457278282591388	2.5973229131394214e-05
0.0507876544995	0.0002765423237417003	2.5170958171183924e-05
0.0512143793671	0.0004038375157956781	2.2428767146609613e-05
0.0516411026746	0.00032078620367433276	2.0880670448386502e-05
0.0520678244091	0.0003616823939105272	3.0885591310684384e-05
0.0524945445574	0.0004022897174772131	2.7100200057986217e-05
0.0529212631067	0.00033977455880945465	2.6595942240195923e-05
0.053347980044	0.000395655169090111	3.534477707326354e-05
0.0537746953561	0.0004947330025428418	2.593590677180395e-05
0.0542014090302	0.0005088827291839589	2.639701059709569e-05
0.0546281210532	0.0004294023129134571	2.5179383837115142e-05
0.0550548314122	0.00039866422112398074	3.135441309421949e-05
0.055481540094	0.0002770051305387702	2.3104325719873752e-05
0.0559082470858	0.0003314159199651801	2.0348068498502395e-05
0.0563349523746	0.0002727705787411784	2.0627555711307968e-05
0.0567616559473	0.0002786975136005886	2.8515984221749938e-05
0.0571883577909	0.00023837958680701803	1.976038452035549e-05
0.0576150578925	0.00019745344131274524	1.7302347547869466e-05
0.058041756239	0.0003073373496930498	1.6593958662093717e-05
0.0584684528175	0.00018023193350796807	1.8094280297078835e-05
0.0588951476149	0.0002019288310082001	1.9138349197213448e-05
0.0593218406182	0.00018908499351273143	1.4726024928077122e-05
0.0597485318146	0.00016048026007368086	1.834908163930124e-05
0.0601752211908	0.00020238976933646436	1.7890354233179407e-05
0.0606019087341	0.00022823054669665073	1.7649225115188273e-05
0.0610285944313	0.00023258261248488923	1.8812391015872606e-05
0.0614552782694	0.00022963251817452335	1.6647033991223812e-05
0.0618819602355	0.0002891255283998469	2.196467928533033e-05
0.0623086403166	0.00030749502097646186	2.102085266404871e-05
0.0627353184997	0.0002848436655571614	2.5207357267298222e-05
0.0631619947717	0.0002677493138792327	1.7744186506670166e-05
0.0635886691197	0.00023460458514187063	1.5814136173145735e-05
0.0640153415307	0.00022097224990251909	1.6281115409343627e-05
