#Executed at: 2019-01-30 20:06:29.514559
#Loaded File	 = ../rawdata/ES_S14_HYST_30K_ZFC.DAT
#Subtracted Diamagnetic Slope	 = -0.04880897
#Diamagnetic Slope Sigma	 = 2.8241e-05
#Magnetic Moment	 = 13767.9255
#Volume Particle	 = 6.200912818000453e-25
#Ms Raw	 = 0.15822643
#Ms Calculated	 = 205.91142373909463
#Rescale Factor	 = 1301.371861446249
#[[Data]]
#B/T	M/kAm-1	sM/kAm-1	M_raw/memu	sM_raw/memu
0.0000068507	-2.2394643757	0.3441788459	-0.0017211833	0.0002644739
0.0024969883	-0.5366438328	0.4081142646	-0.0005342432	0.0003136031
0.0087792450	6.6583274357	0.3694167503	0.0046878852	0.0002838671
0.0148764549	13.1786244679	0.3894488640	0.0094006125	0.0002992600
0.0217578506	26.1419135026	0.4585591553	0.0190259876	0.0003523654
0.0281249084	41.2638181872	0.4659275891	0.0303351901	0.0003580271
0.0343645874	53.2320604678	0.4935940412	0.0392272730	0.0003792862
0.0399462387	65.6198503742	0.5310510614	0.0484738623	0.0004080686
0.0467109100	82.8518537169	0.4625411531	0.0613850995	0.0003554234
0.0525490173	92.9699600030	0.5194892396	0.0688751014	0.0003991831
0.0591542297	106.3263303225	0.4433032548	0.0788160082	0.0003406389
0.0658886230	117.3296771831	0.4081840711	0.0869424998	0.0003136512
0.0723721100	124.3839913320	0.4245000835	0.0920467226	0.0003261879
0.0784973053	131.9223749292	0.3741521787	0.0975404019	0.0002874974
0.0857220093	138.6290292352	0.4244203761	0.1023412980	0.0003261241
0.0919657196	142.3773163234	0.3873739277	0.1049168072	0.0002976545
0.0982084625	147.2198498720	0.4809217187	0.1083332044	0.0003695394
0.1043167908	150.4855242321	0.4284991716	0.1105444722	0.0003292541
0.1121565308	154.0543240224	0.4607890559	0.1129041593	0.0003540653
0.1192171570	157.7145189654	0.3916941592	0.1153721039	0.0003009667
0.1261726624	159.9910742616	0.4171658926	0.1167819632	0.0003205388
0.1325533569	163.1401859199	0.4644583806	0.1188903681	0.0003568794
0.1405566345	165.5556418042	0.3743709435	0.1203558206	0.0002876467
0.1463829346	166.5511364870	0.3792084374	0.1208364028	0.0002913620
0.1532661560	168.2548074076	0.4348524628	0.1218095745	0.0003341212
0.1590011047	169.7025697845	0.4670873845	0.1226421469	0.0003588911
0.1661171875	171.0534773948	0.3933813494	0.1233328825	0.0003022456
0.1727313599	172.1300998128	0.5201611154	0.1238373496	0.0003996724
0.1791123169	173.7801935719	0.4420351180	0.1247938665	0.0003396309
0.1843330627	174.9323120180	0.4178188189	0.1254243580	0.0003210181
0.1917053894	175.9622537448	0.4516228604	0.1258559500	0.0003469937
0.1983417297	177.1238726892	0.4090590774	0.1264246482	0.0003142792
0.2040641724	177.9198486975	0.3942159327	0.1267569854	0.0003028685
0.2100246582	178.0437441806	0.4465015380	0.1265612640	0.0003430494
0.2165391235	179.1206504784	0.4538679573	0.1270708158	0.0003487075
0.2231399292	180.2318120893	0.4690493334	0.1276024760	0.0003603717
0.2302220947	180.9518770061	0.3880286255	0.1278101150	0.0002980980
0.2356680054	181.1739439474	0.4833210462	0.1277149463	0.0003713339
0.2429958374	182.1484383654	0.4361742191	0.1281061033	0.0003350947
0.2490638794	182.5845288804	0.4183786223	0.1281450290	0.0003214135
0.2552739624	182.7309898269	0.4597918885	0.1279544648	0.0003532397
0.2606703613	183.4441919838	0.4218719948	0.1282391108	0.0003240912
0.2661440552	184.1454852470	0.5063600329	0.1285108331	0.0003890245
0.2713995239	184.3658185891	0.3614427174	0.1284236276	0.0002776340
0.2771400391	184.8515622549	0.3613769551	0.1285166941	0.0002775789
0.2823809204	184.9140214068	0.4526178997	0.1283088869	0.0003477092
0.2885029175	185.5542214297	0.3938748050	0.1285020210	0.0003025515
0.2957599731	186.1257686005	0.4294390748	0.1285869997	0.0003298838
0.3015027954	186.4449850810	0.5649504141	0.1285519908	0.0004340356
0.3076172852	186.5576277138	0.4968608412	0.1283401057	0.0003816989
0.3132378906	187.0575147212	0.4893546963	0.1284498928	0.0003759258
0.3191104126	188.0683565164	0.4677555838	0.1289400120	0.0003593197
0.3239875854	187.5859421356	0.4722836691	0.1283312654	0.0003627968
0.3297266968	188.1026650232	0.3912549150	0.1284482054	0.0003005038
0.3347134155	187.9319635093	0.3962956646	0.1280736384	0.0003043747
0.3409803467	188.9219698693	0.5034850593	0.1285284965	0.0003867681
0.3467092041	188.9213292456	0.4598564964	0.1282483846	0.0003532272
0.3519479736	189.0553733469	0.4668791152	0.1280956878	0.0003586215
0.3574629272	189.1421901245	0.4608062231	0.1278932203	0.0003539487
0.3643257446	189.3149817556	0.4475755136	0.1276910298	0.0003437720
0.3709490845	189.6321244240	0.4646009347	0.1276114502	0.0003568549
0.3769571777	189.8069356814	0.3834272431	0.1274525298	0.0002944407
0.3834490723	190.1669524186	0.4177552847	0.1274123111	0.0003208288
0.3885638916	190.0777428477	0.3949708335	0.1270941116	0.0003033050
0.3938237793	190.8245789494	0.4575844325	0.1274112656	0.0003514410
0.3999342651	190.9014215805	0.4510567875	0.1271720665	0.0003464169
0.4065667358	191.0505200064	0.4315810840	0.1269629126	0.0003314367
0.4125698975	190.8614375144	0.4481092598	0.1265246098	0.0003441389
0.4186738037	191.3023720079	0.4715654678	0.1265655072	0.0003621673
0.4244378418	191.7519675059	0.4879130693	0.1266296486	0.0003747304
0.4301759033	191.6368195812	0.4988620137	0.1262610977	0.0003831429
0.4364277100	191.9780308018	0.3844947943	0.1262181470	0.0002951963
0.4436947998	192.0347677018	0.4586892909	0.1259070456	0.0003522432
0.4503460205	192.3861092090	0.4178875614	0.1258523841	0.0003208611
0.4571996582	192.4341295816	0.4768797562	0.1255547649	0.0003662163
0.4643069580	192.6209358851	0.4880815397	0.1253514106	0.0003748223
0.4706954346	192.5938193363	0.4666278432	0.1250187588	0.0003583196
0.4775771729	192.9230320481	0.5047370621	0.1249358418	0.0003876154
0.4833352783	193.1259268932	0.4742180868	0.1248107030	0.0003641429
0.4899548584	193.3588801863	0.4997869557	0.1246666141	0.0003837969
0.4968159180	193.1642866346	0.5244850128	0.1241822033	0.0004027804
0.5034412354	193.5643090703	0.5369985641	0.1241662136	0.0004123954
0.5085599365	193.6548787760	0.5100213940	0.1239859706	0.0003916473
0.5142969971	193.4577048477	0.4709365757	0.1235544382	0.0003615854
0.5208183350	193.6948716691	0.4860044498	0.1234183821	0.0003731657
0.5276638916	193.7640384351	0.4676292813	0.1231374067	0.0003590265
0.5347964355	194.2104879173	0.4586051681	0.1231323352	0.0003520775
0.5418104004	194.0620720620	0.4412575719	0.1226759451	0.0003387257
0.5484187256	194.2730570359	0.5386980099	0.1225155246	0.0004136564
0.5551607666	194.0505055115	0.5495984893	0.1220154395	0.0004220313
0.5622576172	194.5544986084	0.5067943504	0.1220563279	0.0003891070
0.5685226807	194.3994699902	0.4232133231	0.1216314095	0.0003248089
0.5754149170	194.5317371858	0.3985347813	0.1213966433	0.0003058106
0.5810172363	195.1503702474	0.4471311472	0.1215985698	0.0003431924
0.5867588867	195.0122983377	0.5401985785	0.1212122285	0.0004147684
0.5943845215	195.2774528343	0.5577424252	0.1210437792	0.0004282515
0.6002605713	195.1747965260	0.5509934295	0.1206780921	0.0004230548
0.6087491943	195.3151464287	0.4404772321	0.1203716188	0.0003380346
0.6158900879	195.4735017699	0.4570882572	0.1201447625	0.0003508048
0.6222340576	195.3747530605	0.4151380764	0.1197592394	0.0003185160
0.6288661865	195.4753653232	0.4134759335	0.1195128445	0.0003172264
0.6348814697	195.6128551625	0.5438985313	0.1193248946	0.0004175577
0.6419962646	195.7183465294	0.4958178421	0.1190586905	0.0003805646
0.6472461670	195.9418329198	0.6447267637	0.1189741795	0.0004950835
0.6535037109	195.6708524003	0.5741035054	0.1184605285	0.0004407663
0.6604898437	196.1240024241	0.4807783668	0.1184677520	0.0003689685
0.6658515137	196.2170199253	0.5229850247	0.1182775309	0.0004014319
0.6729597412	196.1284005671	0.4792939225	0.1178624888	0.0003678083
0.6794347656	195.7410724377	0.5677905948	0.1172488189	0.0004358794
0.6857174805	196.3743909529	0.5035289445	0.1174288205	0.0003864367
0.6915755859	196.2662441506	0.4576251197	0.1170597903	0.0003511054
0.6978291016	196.7543233457	0.5140065371	0.1171296124	0.0003944809
0.7043451660	196.2983083539	0.5112678047	0.1164611590	0.0003923645
0.7124402100	196.3963129410	0.4370873859	0.1161413569	0.0003352634
0.7195560059	196.3358636849	0.4412113407	0.1157475919	0.0003384260
0.7267367676	196.6014673703	0.5301241878	0.1156012014	0.0004068406
0.7299350098	196.3402648300	0.4480804283	0.1152443853	0.0003436963
0.7277079834	195.7236575239	0.5376456050	0.1148792709	0.0004126261
0.7228647949	196.0873244996	0.5175433635	0.1153951108	0.0003971663
0.7157207031	196.1804013736	0.5142419003	0.1158153287	0.0003946364
0.7087666748	196.3607820379	0.4541108325	0.1162933558	0.0003483732
0.7024086182	196.4027350997	0.5451125605	0.1166359235	0.0004184054
0.6956886963	196.3177377841	0.5658461743	0.1168986024	0.0004343633
0.6894525146	196.4674205006	0.4677391547	0.1173180031	0.0003588923
0.6824426514	196.0120499288	0.5317491921	0.1173102315	0.0004081519
0.6750876953	196.5323883165	0.4780738822	0.1180690577	0.0003668664
0.6683583008	195.5886285147	0.5481193107	0.1176723088	0.0004207626
0.6625005127	196.0408852627	0.5424867347	0.1183057444	0.0004164375
0.6570447998	195.9078614775	0.4403776602	0.1184698140	0.0003378858
0.6502989014	195.5705470580	0.3836193176	0.1185398753	0.0002942081
0.6433280273	195.6602240874	0.4671427159	0.1189490261	0.0003585017
0.6361882080	195.7254178697	0.4819047736	0.1193476095	0.0003698691
0.6305897949	195.3090529927	0.5405330087	0.1193009192	0.0004149744
0.6239739502	195.4406966179	0.4431421135	0.1197249894	0.0003400629
0.6184778809	195.7830778213	0.4551726933	0.1202563394	0.0003493274
0.6115976807	195.3700428274	0.5296311436	0.1202747706	0.0004066124
0.6055012207	195.3525526403	0.4570387452	0.1205588927	0.0003507811
0.5987478271	195.2824805406	0.5390111403	0.1208346741	0.0004138416
0.5927843506	195.4763118103	0.4529305349	0.1212746890	0.0003476380
0.5861779053	195.4854243967	0.4403739845	0.1216041451	0.0003379870
0.5803216064	194.8606005819	0.4531582839	0.1214098580	0.0003478299
0.5744326660	195.2523196244	0.4600542803	0.1219982958	0.0003531424
0.5680616211	194.8201792538	0.4539624263	0.1219771947	0.0003484647
0.5609755859	195.1605013988	0.5030525497	0.1225845671	0.0003862308
0.5539719482	194.5338344341	0.4830546711	0.1224448641	0.0003708590
0.5490011719	194.5264617111	0.5080508117	0.1226818172	0.0003900883
0.5421363281	194.8929755689	0.5434332689	0.1232985197	0.0004173042
0.5362551025	194.7254317179	0.4359646767	0.1234568322	0.0003346614
0.5295157959	194.2123339604	0.4619259786	0.1233914963	0.0003546380
0.5226785889	194.3075214245	0.4318043783	0.1237983573	0.0003314786
0.5158883301	193.9778630270	0.4988036144	0.1238764668	0.0003830136
0.5092974365	194.1696403095	0.5782633454	0.1243455270	0.0004441162
0.5035483398	193.6134780806	0.4305874541	0.1241987684	0.0003305662
0.4964325684	193.4973559861	0.6271592057	0.1244568513	0.0004817176
0.4899576660	193.4704749096	0.5386278720	0.1247522287	0.0004136610
0.4822224365	193.4183745562	0.5323350523	0.1250897423	0.0004088301
0.4765942383	193.6301207851	0.4793248466	0.1255271589	0.0003680767
0.4715831299	193.1796877268	0.4446268304	0.1254256242	0.0003414004
0.4648613281	193.5690434979	0.5021881813	0.1260528971	0.0003856680
0.4596340820	192.6832058633	0.5072168098	0.1256273384	0.0003895393
0.4526444092	193.2500487478	0.4815939158	0.1264040705	0.0003698455
0.4455218018	193.0654245935	0.4483674452	0.1266098487	0.0003443046
0.4382395020	192.7124880902	0.3947330451	0.1266940868	0.0003030681
0.4307577393	192.3622517874	0.4721043799	0.1267901354	0.0003625704
0.4251092041	192.3533822810	0.4575456432	0.1270590191	0.0003513821
0.4197364014	192.2895194279	0.4078941539	0.1272721866	0.0003132097
0.4130114014	191.8987576695	0.4425364427	0.1273001578	0.0003398537
0.4062939087	191.6998612542	0.4307221134	0.1274751958	0.0003307765
0.3998852783	191.0719403289	0.3670860674	0.1273054875	0.0002818501
0.3942675537	191.8352353875	0.4797575034	0.1281662139	0.0003684870
0.3886743774	191.4266481594	0.5020298546	0.1281252446	0.0003856135
0.3810146484	191.0229930409	0.5130095775	0.1281889314	0.0003940599
0.3749534668	190.5282667228	0.4521294717	0.1281046139	0.0003472639
0.3682978638	190.4504908667	0.4803583342	0.1283697025	0.0003689703
0.3620628296	190.2559923117	0.4103130766	0.1285245716	0.0003151269
0.3556578491	190.1704472952	0.3994367379	0.1287714576	0.0003067707
0.3503175049	190.1883792107	0.4697859340	0.1290458935	0.0003608573
0.3433362061	189.4628933158	0.4724443554	0.1288291658	0.0003629061
0.3368399048	189.0321649639	0.4392183877	0.1288152633	0.0003373701
0.3293451660	189.1802281140	0.3795720657	0.1292948485	0.0002915224
0.3234571045	188.6512392565	0.4406459123	0.1291757531	0.0003384778
0.3182751221	188.2451550251	0.4262843070	0.1291166372	0.0003274420
0.3116052124	188.1722574459	0.4054461277	0.1293861726	0.0003114286
0.3061131958	187.9419837388	0.4500613315	0.1294772854	0.0003457280
0.2997369629	187.6164164208	0.4285802627	0.1295383304	0.0003292208
0.2941238525	187.0029644561	0.4464933864	0.1293409118	0.0003429938
0.2880160522	187.1179137798	0.4602702719	0.1297273566	0.0003535873
0.2812640625	186.3510657405	0.4319783228	0.1294676530	0.0003318457
0.2742736816	186.1065808337	0.4892975175	0.1296209792	0.0003759061
0.2681605957	185.9186119508	0.4738477493	0.1297749136	0.0003640353
0.2618069214	185.1881168212	0.4734695855	0.1295237030	0.0003637483
0.2559087036	184.7817358537	0.4656364901	0.1294993177	0.0003577313
0.2487713867	184.2244062898	0.5250451887	0.1294194197	0.0004033940
0.2419272705	183.4963586628	0.4226695108	0.1291940277	0.0003247158
0.2368963501	183.0432080858	0.3964566502	0.1290913718	0.0003045717
0.2313822876	182.6715498036	0.4535574849	0.1290749179	0.0003484613
0.2245304443	182.3609549498	0.4207047935	0.1291706821	0.0003232157
0.2173090332	180.9996511519	0.4889827166	0.1284770988	0.0003756939
0.2106610229	180.8646736871	0.4142810128	0.1286978620	0.0003182862
0.2040579346	180.1529771257	0.4408602118	0.1284732701	0.0003387167
0.1972122925	179.3030258860	0.4077817033	0.1281542794	0.0003132981
0.1913184998	178.2054623797	0.4649336930	0.1275985598	0.0003572234
0.1838318909	177.5251914039	0.4162687910	0.1274412397	0.0003198271
0.1773269165	176.4423191943	0.4645606724	0.1269266403	0.0003569425
0.1711803528	175.2570326004	0.4195654732	0.1263158500	0.0003223662
0.1644433716	174.3971273996	0.4289756586	0.1259839068	0.0003296007
0.1587422791	174.1092923969	0.4391242066	0.1260409931	0.0003374020
0.1516378113	171.9873318318	0.3733317693	0.1247571982	0.0002868436
0.1451957153	170.7495196178	0.3693425216	0.1241204708	0.0002837805
0.1389733093	169.0150898251	0.3710397267	0.1230914097	0.0002850873
0.1321248779	167.9770213130	0.3968899584	0.1226280021	0.0003049553
0.1256926514	165.9425023228	0.4514043559	0.1213785876	0.0003468499
0.1208381348	164.2410964147	0.4944927143	0.1203081375	0.0003799627
0.1138323242	162.7323575174	0.4484657574	0.1194907389	0.0003445950
0.1068518494	160.9164506525	0.4372712407	0.1184360698	0.0003359944
0.1006346222	157.9942062280	0.4725731255	0.1164940156	0.0003631235
0.0946303741	155.3513124028	0.4704223760	0.1147562246	0.0003614720
0.0879671814	152.3126349803	0.4592058100	0.1127464681	0.0003528541
0.0816194489	148.7568438628	0.4473441783	0.1103239538	0.0003437404
0.0747719574	145.8042256561	0.3993773631	0.1083893223	0.0003068822
0.0668750519	140.8031343197	0.4277799537	0.1049318241	0.0003287092
0.0603816498	135.5164694986	0.3453216592	0.1011863821	0.0002653465
0.0543566742	131.0939562208	0.4440220656	0.0980821079	0.0003411919
0.0476278336	123.6923067504	0.3770509915	0.0927229611	0.0002897304
0.0415424240	114.7976266501	0.5061371064	0.0861851347	0.0003889240
0.0338641571	104.0234586109	0.4674026109	0.0782808182	0.0003591602
0.0274148804	95.8882968751	0.5031465077	0.0723443808	0.0003866270
0.0203908363	81.4070509890	0.4835213175	0.0615595400	0.0003715469
0.0138609917	65.0189412022	0.4610197247	0.0492853058	0.0003542565
0.0089141136	53.3831007832	0.5316052495	0.0405855468	0.0004084960
0.0019470534	40.7087581293	0.5600510569	0.0311863851	0.0004303544
-0.0051946108	22.8822000344	0.4563541782	0.0178366808	0.0003506716
-0.0117228111	4.8877111459	0.4893649679	0.0043279927	0.0003760376
-0.0192341080	-13.3844418354	0.4573770152	-0.0093460741	0.0003514572
-0.0250590919	-26.7420686953	0.5313119970	-0.0193260286	0.0004082701
-0.0313171707	-46.6117580647	0.4808297956	-0.0342888423	0.0003694781
-0.0383337280	-66.6014565257	0.5454310335	-0.0493068530	0.0004191186
-0.0456764633	-78.9419456087	0.4982522188	-0.0584311387	0.0003828647
-0.0534258209	-99.7650098111	0.5614050522	-0.0740537568	0.0004313922
-0.0596256226	-108.0089607090	0.4866124372	-0.0800859666	0.0003739189
-0.0657826294	-115.9660357560	0.4845057159	-0.0858998240	0.0003722992
-0.0711322510	-125.6295615031	0.4330472825	-0.0930643597	0.0003327561
-0.0780213165	-133.1688047300	0.4007240634	-0.0985214159	0.0003079165
-0.0847756714	-137.4967570767	0.4512419896	-0.1015174274	0.0003467350
-0.0918677063	-143.2349760761	0.3445331490	-0.1055806340	0.0002647334
-0.0989594788	-148.0051096803	0.4162571099	-0.1088999573	0.0003198480
-0.1056915710	-151.3317378883	0.4083737169	-0.1111276180	0.0003137883
-0.1115836121	-154.7600975355	0.4136655407	-0.1134744533	0.0003178532
-0.1181865173	-157.7365022493	0.4377767934	-0.1154393008	0.0003363798
-0.1246419189	-159.2362967491	0.4520726699	-0.1162766912	0.0003473638
-0.1310261536	-162.4329285391	0.4254836293	-0.1184214387	0.0003269291
-0.1361424011	-163.9081661237	0.4279058951	-0.1193053218	0.0003287889
-0.1420372253	-165.3176896154	0.3983693299	-0.1201007073	0.0003060886
-0.1481339417	-166.9222432039	0.5501314749	-0.1210361037	0.0004227113
-0.1547510315	-168.6605231756	0.4338612500	-0.1220488593	0.0003333590
-0.1615241760	-170.3871198363	0.4925444037	-0.1230450203	0.0003784534
-0.1684886047	-171.9190309320	0.3935277003	-0.1238822446	0.0003023571
-0.1754609680	-172.9689784861	0.4431924511	-0.1243487313	0.0003405218
-0.1803084351	-173.8723435584	0.4351471146	-0.1248062951	0.0003343369
-0.1864268127	-174.5760170787	0.3735885493	-0.1250483801	0.0002870246
-0.1940680603	-176.0414506267	0.4978484155	-0.1258014869	0.0003825174
-0.2015757324	-177.0803631521	0.3750989913	-0.1262333662	0.0002881773
-0.2081626953	-178.0506758699	0.4766215273	-0.1266574709	0.0003661983
-0.2146326904	-178.7389102093	0.4661318739	-0.1268705301	0.0003581337
-0.2211727905	-179.4345698385	0.4202028382	-0.1270858732	0.0003228318
-0.2267483276	-180.6092556455	0.4089821103	-0.1277163889	0.0003142047
-0.2348484131	-180.8093164952	0.4079681125	-0.1274747628	0.0003134206
-0.2418525635	-181.4346984701	0.4418087809	-0.1276134534	0.0003394259
-0.2483170898	-182.4322831258	0.4283503425	-0.1280644904	0.0003290782
-0.2549312744	-182.8671393913	0.4669438202	-0.1280758110	0.0003587367
-0.2611270264	-183.2787691524	0.3865743702	-0.1280897072	0.0002969599
-0.2673286133	-184.0376839108	0.4737687667	-0.1283701794	0.0003639750
-0.2746872681	-184.4373013556	0.4702372368	-0.1283180850	0.0003612564
-0.2805963867	-184.9728857031	0.4840026964	-0.1284412206	0.0003718329
-0.2875099976	-185.1331260561	0.4489129971	-0.1282269063	0.0003448581
-0.2922604980	-185.4542443017	0.4007538974	-0.1282417929	0.0003078366
-0.2985537354	-186.4645304656	0.4495124419	-0.1287109504	0.0003453114
-0.3056517700	-186.4972225789	0.3788282552	-0.1283896239	0.0002909712
-0.3125691406	-187.0639166159	0.4112792241	-0.1284874532	0.0003159118
-0.3187732666	-187.1099278934	0.4632434820	-0.1282199922	0.0003558516
-0.3251535034	-187.6834650417	0.4409793529	-0.1283492967	0.0003387329
-0.3303228394	-187.8255874694	0.4513434263	-0.1282061964	0.0003466958
-0.3366787720	-188.0685874246	0.4423842515	-0.1280826959	0.0003398039
-0.3432749878	-188.3758397147	0.4762386330	-0.1279968402	0.0003658228
-0.3496443848	-188.9377274463	0.3742398634	-0.1281177222	0.0002874038
-0.3570246826	-188.9792507703	0.5160545708	-0.1277894048	0.0003964184
-0.3639548828	-189.4224104056	0.4377815106	-0.1277916815	0.0003362430
-0.3700295288	-189.5609529390	0.3839508403	-0.1276016431	0.0002948503
-0.3761322632	-189.8944241453	0.4860844472	-0.1275600209	0.0003733659
-0.3829594971	-190.1767757246	0.3648296148	-0.1274437552	0.0002801336
-0.3886849487	-190.2257418067	0.4881203407	-0.1272019283	0.0003749207
-0.3956565796	-190.3396200390	0.4494067094	-0.1269491565	0.0003451522
-0.4026516235	-190.7924775174	0.4112751963	-0.1269557203	0.0003158274
-0.4098015015	-191.3424223829	0.5192841870	-0.1270293306	0.0003988604
-0.4156397461	-190.9281166469	0.5552240639	-0.1264260112	0.0004264837
-0.4234508789	-191.0463098826	0.4616011792	-0.1261355799	0.0003545019
-0.4291597168	-191.8707145824	0.4298866361	-0.1264904263	0.0003301110
-0.4359344971	-191.3951782713	0.4429462818	-0.1257943447	0.0003401460
-0.4429174805	-191.5965886896	0.4299739978	-0.1256082803	0.0003301637
-0.4484155273	-192.1396468526	0.4950882410	-0.1257572229	0.0003802248
-0.4544316406	-192.3987887090	0.3533560674	-0.1256627124	0.0002712224
-0.4605951172	-192.3027686420	0.4446049340	-0.1252880957	0.0003413956
-0.4674335693	-192.1364262807	0.4748057146	-0.1248264971	0.0003646113
-0.4743140137	-192.3505837120	0.4965188949	-0.1246552326	0.0003812998
-0.4805850098	-192.5404047999	0.4991095000	-0.1244950140	0.0003832854
-0.4869494629	-192.7222737122	0.5033465395	-0.1243241233	0.0003865369
-0.4931233154	-192.6290558045	0.5113772845	-0.1239511534	0.0003927056
-0.4995582275	-193.0622147349	0.4666834592	-0.1239699199	0.0003583312
-0.5056850342	-193.3840685645	0.4466776109	-0.1239181957	0.0003429387
-0.5132022949	-193.0693116539	0.4625853127	-0.1233094205	0.0003551642
-0.5199682129	-193.9621679485	0.4352022857	-0.1236652715	0.0003340955
-0.5257119141	-193.9368050941	0.4585554484	-0.1233654380	0.0003520502
-0.5325636230	-194.1075270193	0.5191670972	-0.1231621993	0.0003986547
-0.5391919434	-193.6971719504	0.4827182118	-0.1225233528	0.0003706176
-0.5455632812	-193.9985301813	0.4886754449	-0.1224439440	0.0003751917
-0.5521560547	-194.3772251145	0.4137675588	-0.1224131543	0.0003175646
-0.5585392090	-194.2611525614	0.3782320305	-0.1220124066	0.0002902127
-0.5653570313	-194.0117399848	0.5078247540	-0.1214879821	0.0003898959
-0.5721159912	-194.4462660279	0.4777685212	-0.1214919827	0.0003667711
-0.5786220215	-194.6321039962	0.4874606504	-0.1213172317	0.0003742178
-0.5853667480	-194.4949530925	0.5315063660	-0.1208826390	0.0004080854
-0.5913740967	-194.4393345226	0.4492928275	-0.1205466881	0.0003448414
-0.5976200195	-194.3958583575	0.4664817515	-0.1202084231	0.0003580563
-0.6028864502	-194.6911407401	0.5345549462	-0.1201782749	0.0004104096
-0.6090091309	-195.2051669508	0.4736554479	-0.1202744211	0.0003635597
-0.6161416504	-195.2482412106	0.4676338716	-0.1199593893	0.0003589176
-0.6233879883	-195.1686402716	0.4833115598	-0.1195445361	0.0003709687
-0.6297259766	-195.3892863464	0.5981132678	-0.1194047342	0.0004592579
-0.6346957764	-195.3890080724	0.4411468481	-0.1191619496	0.0003385118
-0.6404990723	-195.3617981199	0.5026388202	-0.1188577880	0.0003858139
-0.6467268066	-195.9124248278	0.4522540407	-0.1189769312	0.0003470407
-0.6527746582	-195.2758411279	0.4797380953	-0.1181925783	0.0003681790
-0.6600009277	-195.7893479426	0.5362145732	-0.1182344603	0.0004116161
-0.6671051270	-196.1088092922	0.5479881934	-0.1181331921	0.0004206634
-0.6737321289	-195.8140792897	0.4864754389	-0.1175832586	0.0003733329
-0.6803378174	-195.6209212022	0.4630242953	-0.1171124152	0.0003552779
-0.6865917969	-195.9846306400	0.4273051256	-0.1170866465	0.0003277767
-0.6931197754	-195.6248843401	0.4140091840	-0.1164915864	0.0003175301
-0.7003776367	-195.8075489629	0.5148156136	-0.1162777008	0.0003950998
-0.7074490234	-196.0819164029	0.5420586844	-0.1161433831	0.0004160492
-0.7136058838	-196.4921140813	0.4693292155	-0.1161580771	0.0003600784
-0.7207177246	-196.2609406748	0.6076984064	-0.1156333172	0.0004665237
-0.7270773193	-196.4783364124	0.4303371155	-0.1154899632	0.0003300415
-0.7299410889	-196.0546860898	0.5876773373	-0.1150246442	0.0004511122
-0.7270228760	-195.8305137350	0.5036386023	-0.1149948207	0.0003864609
-0.7220609619	-196.0778555478	0.4075390476	-0.1154270690	0.0003124965
-0.7158580566	-195.8414409766	0.4449841416	-0.1155481607	0.0003413365
-0.7101551025	-195.9556457552	0.5364085631	-0.1159142733	0.0004116988
-0.7030066162	-196.2303596399	0.5310596228	-0.1164742791	0.0004075935
-0.6957716309	-195.8380588671	0.4759154752	-0.1165259596	0.0003651746
-0.6890302979	-195.6257630056	0.4875179550	-0.1166918648	0.0003741128
-0.6819023682	-195.7910414088	0.4509814007	-0.1171667749	0.0003460076
-0.6752720215	-195.9663585066	0.5177834782	-0.1176251124	0.0003974178
-0.6689690186	-195.8033988092	0.5473636163	-0.1178075340	0.0004201806
-0.6618483887	-195.8151190612	0.4761955841	-0.1181640907	0.0003654405
-0.6561050537	-195.6503881750	0.5023647681	-0.1183178345	0.0003855821
-0.6489959717	-195.4625777751	0.5379940625	-0.1185205042	0.0004129988
-0.6429862061	-195.2807151197	0.6499386228	-0.1186740878	0.0004990955
-0.6366416016	-195.5919907512	0.4269419908	-0.1192229518	0.0003275777
-0.6291608154	-195.2270185232	0.5231710088	-0.1193076293	0.0004016222
-0.6237446289	-195.5229302878	0.4617634923	-0.1197993723	0.0003543907
-0.6169349365	-195.7679227657	0.2948227382	-0.1203200035	0.0002258767
-0.6113014893	-195.0870560251	0.4532893488	-0.1200717747	0.0003478885
-0.6045975586	-194.9959176065	0.4281452571	-0.1203289541	0.0003285520
-0.5987220703	-194.6237927058	0.4854809553	-0.1203297824	0.0003726698
-0.5923083252	-194.5625077301	0.4843965243	-0.1205957381	0.0003718439
-0.5853787842	-194.5158769276	0.5126945578	-0.1208981299	0.0003936177
-0.5777905762	-194.9339019525	0.5969414144	-0.1215897212	0.0004584113
-0.5714897461	-194.7651650137	0.4689673858	-0.1217675974	0.0003600023
-0.5662559326	-194.9831346083	0.5748278095	-0.1221905466	0.0004414195
-0.5599086426	-195.1259305556	0.4376092122	-0.1226100786	0.0003358956
-0.5541976807	-194.5670160472	0.4660566792	-0.1224593437	0.0003577851
-0.5474649902	-194.8743833629	0.4850618229	-0.1230241466	0.0003724103
-0.5399271973	-194.6029624017	0.4621160708	-0.1231834932	0.0003547716
-0.5338283691	-194.3759279106	0.4636935077	-0.1233067129	0.0003559922
-0.5276143066	-194.1886897795	0.4534083937	-0.1234661374	0.0003480893
-0.5210019531	-193.6941050209	0.5165130699	-0.1234088308	0.0003966261
-0.5146232178	-194.1414498546	0.5258469313	-0.1240639190	0.0004038098
-0.5075435791	-193.6189682999	0.3857251884	-0.1240079836	0.0002960521
-0.5015241943	-194.0239129138	0.4248803291	-0.1246129511	0.0003261791
-0.4950124023	-193.3581644817	0.4014909883	-0.1244192106	0.0003081968
-0.4889207031	-193.6480920345	0.5263882434	-0.1249393263	0.0004042514
-0.4826719238	-193.5484192324	0.4449912495	-0.1251677322	0.0003416683
-0.4758028076	-193.0473001879	0.4463290369	-0.1251179369	0.0003427048
-0.4686745605	-193.7231814192	0.4100485491	-0.1259852198	0.0003148113
-0.4618218994	-193.1658367717	0.4240781874	-0.1258914165	0.0003256090
-0.4558187256	-192.8734685450	0.4354935652	-0.1259597636	0.0003343942
-0.4493334473	-192.4361455094	0.3758887138	-0.1259402557	0.0002885615
-0.4429449463	-192.1680329897	0.5361822046	-0.1260460488	0.0004118231
-0.4358544922	-192.2978068975	0.4351431746	-0.1264918474	0.0003341460
-0.4286582764	-192.7338859388	0.5853331232	-0.1271781791	0.0004496187
-0.4211842041	-192.4051226137	0.4725011614	-0.1272903526	0.0003628844
-0.4147443604	-191.6358949354	0.4520382162	-0.1270135849	0.0003471576
-0.4091264893	-192.2170395253	0.3991093609	-0.1277343505	0.0003064658
-0.4027421631	-191.2710556782	0.4530126379	-0.1273190501	0.0003479181
-0.3964732544	-190.8909662343	0.4896615817	-0.1273329608	0.0003760991
-0.3902321045	-191.4608187733	0.4436795972	-0.1280754709	0.0003407541
-0.3829103271	-190.7213681639	0.4177063941	-0.1278646308	0.0003207917
-0.3770228027	-191.1577426106	0.5021052445	-0.1284873136	0.0003856807
-0.3710142944	-190.7688153196	0.5069104022	-0.1284817232	0.0003893791
-0.3651455322	-190.6455366802	0.5160792305	-0.1286734417	0.0003964314
-0.3585411499	-190.0393429860	0.4320849712	-0.1285299835	0.0003318682
-0.3521231567	-190.1118518506	0.4939175175	-0.1288989564	0.0003794057
-0.3446546631	-189.1088015622	0.4217381978	-0.1284927221	0.0003239258
-0.3380069580	-189.4998934811	0.4389894429	-0.1291177125	0.0003371931
-0.3318286865	-188.9162188423	0.4527140334	-0.1289707604	0.0003477482
-0.3245755981	-188.4135900303	0.4248280348	-0.1289385462	0.0003263176
-0.3171065063	-188.0420433536	0.4198886278	-0.1290176010	0.0003225265
-0.3106047607	-187.7456540991	0.4244779388	-0.1291071932	0.0003260593
-0.3037258789	-187.5748138718	0.4565486645	-0.1293116673	0.0003507162
-0.2974529053	-186.9760569588	0.3680324187	-0.1291577479	0.0002826786
-0.2914619019	-187.1153437199	0.4507275116	-0.1295571934	0.0003462502
-0.2852035156	-186.3581506667	0.4409841036	-0.1292808166	0.0003387652
-0.2787210205	-185.9567010985	0.3699523372	-0.1292887386	0.0002841697
-0.2724895264	-186.0482207256	0.4048846031	-0.1296632170	0.0003110262
-0.2656254639	-185.2635516831	0.4387791561	-0.1293952895	0.0003370832
-0.2585871216	-184.9690716244	0.4616694953	-0.1295125394	0.0003546808
-0.2534895508	-184.7695601081	0.4614698887	-0.1296080380	0.0003545304
-0.2476177734	-184.1417404589	0.4216799358	-0.1294122043	0.0003239518
-0.2394704712	-183.2467252039	0.4782662493	-0.1291221182	0.0003674471
-0.2332204224	-182.6002587359	0.4231097888	-0.1289304190	0.0003250592
-0.2271408325	-182.9114845582	0.4211076649	-0.1294663096	0.0003235239
-0.2218140259	-181.6029233662	0.3840988553	-0.1287207811	0.0002950827
-0.2162223633	-181.0283360384	0.3653190022	-0.1285521801	0.0002806520
-0.2080409912	-180.1530936006	0.3641745889	-0.1282789507	0.0002797773
-0.2016403442	-179.3603238406	0.4129702762	-0.1279821797	0.0003172835
-0.1952906738	-178.6574888510	0.4245174857	-0.1277520282	0.0003261610
-0.1892823486	-178.3281957492	0.4203229082	-0.1277922530	0.0003229402
-0.1840193420	-177.5941686438	0.4618965207	-0.1274850939	0.0003548924
-0.1772898071	-176.3033403466	0.4937825689	-0.1268216575	0.0003793993
-0.1714087891	-175.6477649564	0.4718065312	-0.1266049467	0.0003625132
-0.1641604126	-174.4167662943	0.4840521336	-0.1260128087	0.0003719264
-0.1567837463	-173.0899385110	0.4950773081	-0.1253532953	0.0003804015
-0.1512567078	-171.8011502617	0.4195574124	-0.1246327339	0.0003223680
-0.1438964783	-170.4683348628	0.4323300125	-0.1239678173	0.0003321861
-0.1372881653	-168.5086363711	0.4068167264	-0.1227844910	0.0003125820
-0.1320613525	-167.4384302470	0.4648098981	-0.1222172386	0.0003571497
-0.1252765076	-165.7949110463	0.5105158861	-0.1212854871	0.0003922746
-0.1193788574	-164.1860937845	0.4462100277	-0.1203370982	0.0003428601
-0.1122617188	-162.1007524490	0.3767214329	-0.1190820607	0.0002894629
-0.1052621155	-160.2642000747	0.4104641409	-0.1180124608	0.0003153948
-0.0989382080	-157.6969489751	0.4316029229	-0.1163483974	0.0003316405
-0.0925609711	-154.5291528854	0.3349830830	-0.1142254663	0.0002573944
-0.0865972473	-152.3736900394	0.4124305691	-0.1128602490	0.0003169104
-0.0791928009	-148.1450529989	0.4542789928	-0.1099722837	0.0003490698
-0.0734396027	-145.3605567071	0.3468029885	-0.1081134291	0.0002664822
-0.0666235321	-140.5832770829	0.4747331011	-0.1047751579	0.0003647895
-0.0615857208	-136.3418996463	0.4689617415	-0.1017618896	0.0003603553
-0.0538159973	-130.7454512183	0.4703904316	-0.0978406996	0.0003614542
-0.0474054337	-125.9739934695	0.4135234736	-0.0944871096	0.0003177568
-0.0413366486	-117.6691270607	0.4480017993	-0.0884016964	0.0003442515
-0.0349616791	-107.9267415086	0.4528967152	-0.0812266094	0.0003480134
-0.0295716324	-100.0576543083	0.5077855843	-0.0754429291	0.0003901916
-0.0237003708	-91.4372915122	0.4891875869	-0.0691054412	0.0003759009
-0.0172155304	-76.5619158859	0.4405803649	-0.0579914253	0.0003385504
-0.0108215790	-64.8061587088	0.5114316902	-0.0492701501	0.0003929942
-0.0046185968	-47.1138617971	0.4603637739	-0.0359777987	0.0003537526
0.0025600718	-28.6284076112	0.4420693295	-0.0221235918	0.0003396949
0.0079009254	-15.8573002171	0.4673703889	-0.0125707006	0.0003591366
0.0132709023	-3.5658893808	0.4696361750	-0.0033878393	0.0003608776
0.0195160309	9.1766785084	0.4340693500	0.0060989848	0.0003335471
0.0255389641	29.9232353744	0.4855040363	0.0217470782	0.0003730703
0.0306217911	43.2943140020	0.5709877889	0.0317735932	0.0004387575
0.0377555359	64.3004537524	0.4762197219	0.0475669377	0.0003659351
0.0437725479	77.0021791675	0.5255390147	0.0570335117	0.0004038327
0.0505119217	94.3927165682	0.4670276563	0.0700678044	0.0003588705
0.0564976074	103.6313677177	0.4015813531	0.0768748124	0.0003085790
0.0632210876	115.6110306513	0.4609491894	0.0857520573	0.0003541980
0.0707290161	125.5781501950	0.4886555913	0.0930445358	0.0003754874
0.0768402588	133.8209451998	0.3671841486	0.0990801798	0.0002821433
0.0825664337	137.7676987868	0.3738377514	0.1018334550	0.0002872549
0.0889247559	141.9733186202	0.3797037738	0.1047547937	0.0002917611
0.0952996155	147.0776037283	0.3957513876	0.1083658774	0.0003040913
0.1031698242	151.4690015733	0.4227892012	0.1113561780	0.0003248666
0.1093696228	153.9449844895	0.3389334775	0.1129561667	0.0002604249
0.1156188965	157.6866186816	0.4380453422	0.1155262922	0.0003365869
0.1217544312	159.1102351799	0.4342700156	0.1163207583	0.0003336840
0.1282276978	162.4646983218	0.3946697828	0.1185824409	0.0003032505
0.1349430359	164.5340668818	0.4846230172	0.1198448161	0.0003723745
0.1408672424	166.4744900633	0.4885940256	0.1210467214	0.0003754243
0.1472001953	168.0877390391	0.3833361980	0.1219772691	0.0002945338
0.1538077393	170.4347961320	0.4737434728	0.1234582870	0.0003640080
0.1605665771	170.9283773409	0.4311847367	0.1235076727	0.0003312999
0.1671684265	172.4077945682	0.4627098070	0.1243222568	0.0003555241
0.1741528503	173.3876080154	0.3476914089	0.1247342624	0.0002671277
0.1797808777	174.4328901331	0.4229157998	0.1252627798	0.0003249372
0.1862756775	175.9814011093	0.4463906619	0.1261356819	0.0003429751
0.1928698975	177.0185373256	0.4094154073	0.1266107809	0.0003145558
0.1993874146	178.0206579746	0.4395751072	0.1270627170	0.0003377313
0.2059755981	178.9703515884	0.4002017805	0.1274709180	0.0003074680
0.2128577881	179.6239059123	0.4487053760	0.1276372095	0.0003447417
0.2196836426	180.6064134926	0.4613452837	0.1280590249	0.0003544526
0.2254323364	180.9552756058	0.3763165275	0.1280465097	0.0002890990
0.2313119019	181.4616198127	0.4802248203	0.1281486191	0.0003689565
0.2376189697	182.4906945456	0.4380301415	0.1286315391	0.0003365242
0.2440415649	182.9009624568	0.4064866036	0.1286333169	0.0003122763
0.2511392700	183.5841717753	0.4739397079	0.1288118768	0.0003641156
0.2587534912	184.0794724050	0.4317187943	0.1288208333	0.0003316608
0.2649781860	184.6452306061	0.4286744106	0.1289517522	0.0003293169
0.2710119751	185.5090168650	0.4186385147	0.1293209997	0.0003215991
0.2776106201	185.3563007486	0.4227405936	0.1288815766	0.0003247477
0.2838724731	186.2173719872	0.4294554617	0.1292376062	0.0003299047
0.2905771240	186.7214874775	0.4210895403	0.1292977315	0.0003234695
0.2957842651	186.5101468121	0.3978301149	0.1288811779	0.0003055864
0.3025886841	187.1508972868	0.4674702542	0.1290414266	0.0003591118
0.3105473999	187.6986417258	0.4241587174	0.1290738676	0.0003258140
0.3171751099	188.1354663811	0.4343261528	0.1290860407	0.0003336246
0.3226875122	188.1572329684	0.4270102077	0.1288337119	0.0003279966
0.3283401367	188.4834679512	0.4604987840	0.1288084986	0.0003537349
0.3349360352	188.9426953519	0.4159441368	0.1288394390	0.0003194797
0.3404954712	188.7289410764	0.4689215816	0.1284038356	0.0003602003
0.3474132202	188.8876402625	0.4402329796	0.1281881350	0.0003381415
0.3532753784	189.5108132358	0.5370634650	0.1283808676	0.0004125696
0.3595756348	189.8931431068	0.4695725485	0.1283671485	0.0003606860
0.3665768799	189.9333561916	0.5086010270	0.1280563254	0.0003906820
0.3728225708	190.0681565983	0.4550145895	0.1278550630	0.0003494837
0.3794538452	190.3755140717	0.5299149543	0.1277675769	0.0004070561
0.3864715820	190.5205936519	0.4136504443	0.1275365305	0.0003176698
0.3932126465	190.8771334919	0.4703300260	0.1274814783	0.0003612403
0.3997339233	191.4847960686	0.5276209364	0.1276301215	0.0004052772
0.4057350952	191.4866769278	0.5306393859	0.1273386558	0.0004075928
0.4121767822	191.8174631272	0.4331127991	0.1272784264	0.0003326089
0.4199503906	192.1056707371	0.4298284370	0.1271204690	0.0003300757
0.4269516113	192.6215888874	0.4224215252	0.1271751884	0.0003243731
0.4329782959	192.6087301313	0.4900332052	0.1268711512	0.0003763527
0.4397037354	192.2198849339	0.3890840113	0.1262440931	0.0002987219
0.4454651611	192.6882493900	0.4362375185	0.1263227844	0.0003349774
0.4531061279	193.1806792278	0.4448889077	0.1263282295	0.0003416219
0.4595040039	192.6913858696	0.4321852787	0.1256399730	0.0003318461
0.4658607178	192.7532535072	0.5174929826	0.1253772487	0.0003974342
0.4711364502	192.8885010445	0.4413232603	0.1252236725	0.0003388604
0.4781160645	193.7224527920	0.5881598075	0.1255238299	0.0004517519
0.4844758057	193.5168452435	0.4878476602	0.1250554245	0.0003746221
0.4905777344	193.9242462113	0.5535904106	0.1250706507	0.0004251642
0.4976513184	193.8648165594	0.4785315236	0.1246797294	0.0003674445
0.5032330566	194.4348857323	0.5955108693	0.1248453430	0.0004573816
0.5094750244	194.5586734043	0.6019765206	0.1246357999	0.0004623469
0.5147289307	194.1941504668	0.4948197375	0.1240992554	0.0003799513
0.5223143799	194.1850545298	0.3994091904	0.1237220280	0.0003065593
0.5292360596	194.1028299394	0.5232902707	0.1233210049	0.0004018288
0.5365862549	194.5439225464	0.5030669122	0.1233011938	0.0003862695
0.5432209961	194.7862078934	0.4663699644	0.1231635358	0.0003580394
0.5495665527	194.7814490816	0.4963025649	0.1228501589	0.0003810528
0.5563015625	194.7091304733	0.4800190819	0.1224658590	0.0003685215
0.5630676514	194.8040309570	0.4648987148	0.1222085365	0.0003568833
0.5695787598	194.4238006557	0.5424201806	0.1215985595	0.0004164959
0.5764410645	195.2448242165	0.5384312940	0.1218945083	0.0004134209
0.5825462402	195.0392798851	0.5119214899	0.1214385766	0.0003930265
0.5886657227	195.3688932417	0.4951764354	0.1213931725	0.0003801401
0.5949347412	195.3021473727	0.4824618284	0.1210358993	0.0003703523
0.6015143799	195.5870033902	0.4718606737	0.1209336429	0.0003621890
0.6081418457	195.6173750883	0.5081426555	0.1206335013	0.0003900890
0.6148249023	195.4005080973	0.5176123227	0.1201406633	0.0003973644
0.6213233643	195.6796364077	0.5160807357	0.1200379678	0.0003961783
0.6277913330	195.5148898913	0.5058557450	0.1195956784	0.0003883051
0.6329258789	196.0547486265	0.4401901690	0.1197599047	0.0003377783
0.6401510742	196.2847452183	0.6076839134	0.1195839843	0.0004666063
0.6475217529	196.3447033792	0.5333568947	0.1192703021	0.0004094339
0.6536692871	196.0411693307	0.5308345084	0.1187370057	0.0004074858
0.6584105225	196.0798010107	0.5931282642	0.1185352763	0.0004553921
0.6644943115	196.0590002260	0.4240584208	0.1182223491	0.0003253141
0.6701260742	196.2075002409	0.5511064937	0.1180615789	0.0004230581
0.6769866699	196.4068974785	0.4915484841	0.1178799411	0.0003772314
0.6831910400	196.4809859761	0.5086751848	0.1176340432	0.0003903996
0.6904158447	196.4681376102	0.4802121121	0.1172715350	0.0003684890
0.6966071533	196.2752292103	0.4903312990	0.1168211090	0.0003762664
0.7026471680	196.6372971057	0.4908423471	0.1168045223	0.0003766507
0.7094623535	196.4279432400	0.4897832719	0.1163110084	0.0003758255
0.7162647705	196.7375559535	0.4673226265	0.1162169020	0.0003585298
0.7234310791	196.3434112023	0.4560722347	0.1155642532	0.0003498589
0.7299456787	196.4610411114	0.5275021570	0.1153366715	0.0004048186
0.7263461426	196.4752362731	0.5022084554	0.1155232689	0.0003853614
0.7202205811	196.5408884244	0.5524391985	0.1158726997	0.0004240177
0.7141302246	196.5295154111	0.5112156954	0.1161612245	0.0003923103
0.7081531982	196.2485673291	0.4614261080	0.1162370709	0.0003540045
0.7021487061	196.0895929609	0.5554144520	0.1164079849	0.0004263306
0.6960274658	196.1950959085	0.4645482503	0.1167878269	0.0003564265
0.6901444824	196.2286658567	0.4835044178	0.1171007651	0.0003710228
0.6844479004	196.2819219976	0.4913106521	0.1174197325	0.0003770377
0.6765507080	196.2588228131	0.4819675136	0.1177874364	0.0003698602
0.6700576660	196.4019487596	0.6791469390	0.1182143359	0.0005215268
0.6632589355	196.0734348340	0.5101929013	0.1182937383	0.0003915946
0.6566339355	196.1709772644	0.5655923862	0.1186920513	0.0004342166
0.6506550293	196.0064878912	0.5630414424	0.1188574787	0.0004322619
0.6454204346	195.5974920857	0.5459534914	0.1187986933	0.0004191254
0.6391350830	195.7995760709	0.4472784210	0.1192607602	0.0003432233
0.6334232178	195.5868641389	0.5731925183	0.1193760984	0.0004400891
0.6264308838	195.5096041633	0.4974790353	0.1196580189	0.0003818632
0.6198514648	195.7845384637	0.4694220711	0.1201904186	0.0003602882
0.6140702881	195.3965137247	0.5389721883	0.1201744259	0.0004137937
0.6065988525	195.2583015458	0.5483325036	0.1204328940	0.0004210012
0.5996055908	195.1583554788	0.4762475140	0.1206974274	0.0003655661
0.5932691895	195.7620603694	0.5784591400	0.1214705994	0.0004441836
0.5865402832	195.3111248363	0.4738252578	0.1214525226	0.0003637198
0.5800212646	194.9134145632	0.4272764154	0.1214651007	0.0003279188
0.5741767334	194.9574118429	0.5359742870	0.1217841746	0.0004115340
0.5677060547	194.7026071662	0.5157455114	0.1219042048	0.0003959847
0.5611088135	194.9189257081	0.5396023023	0.1223924328	0.0004143382
0.5548877686	194.8085555453	0.4576167956	0.1226112650	0.0003512925
0.5487437988	194.7604063695	0.4735632267	0.1228741470	0.0003635653
0.5428459473	194.6918221088	0.5201677054	0.1231093136	0.0003994131
0.5365969482	194.8253949343	0.4109360299	0.1235169608	0.0003154076
0.5302576660	194.4613656876	0.4936910599	0.1235466473	0.0003790663
0.5236465088	194.3802895174	0.4856841071	0.1238070306	0.0003729162
0.5164788818	194.3690284057	0.5316631239	0.1241482218	0.0004082801
0.5103119141	194.0560148214	0.4839601109	0.1242086993	0.0003716052
0.5040037354	193.8299349022	0.4794769600	0.1243428707	0.0003681646
0.4968909668	193.9620100510	0.4461394895	0.1247915268	0.0003425351
0.4904117188	193.9194796154	0.4480825750	0.1250750910	0.0003440369
0.4840411377	193.8088938784	0.4716360073	0.1253010562	0.0003621566
0.4781060303	193.4545788094	0.4630244614	0.1253184799	0.0003555409
0.4712115234	193.9088953559	0.4480402129	0.1260040996	0.0003440257
0.4652144287	193.3130490667	0.4553947211	0.1258389514	0.0003496876
0.4587530029	193.2314214250	0.4290869623	0.1260916027	0.0003294643
0.4522668701	192.7698355131	0.4648672115	0.1260534924	0.0003569848
0.4460194336	192.8409683788	0.5623673009	0.1264130832	0.0004319506
0.4387117187	192.3508218169	0.5292589410	0.1263931269	0.0004065043
0.4328656494	192.3531332154	0.5120696329	0.1266802436	0.0003932945
0.4268469482	192.3321585396	0.5524830905	0.1269578929	0.0004243678
0.4201251709	191.9482414995	0.5363954652	0.1269909664	0.0004120061
0.4139915039	191.8668068972	0.4173527765	0.1272277684	0.0003204890
0.4081806885	192.0271422828	0.4557879553	0.1276345932	0.0003500468
0.4008864868	191.9985037308	0.4177986709	0.1279686093	0.0003208451
0.3940302246	191.5684942640	0.3889755734	0.1279728285	0.0002986893
0.3882661133	191.3779224341	0.4417694432	0.1281077297	0.0003392873
0.3811966309	191.2748217131	0.4550547290	0.1283735592	0.0003495073
0.3744569946	191.1986956488	0.4560273777	0.1286440171	0.0003502609
0.3681844360	190.5394939604	0.4704313007	0.1284436306	0.0003613392
0.3613078003	190.2663810855	0.3689852323	0.1285694067	0.0002833519
0.3544255493	190.3902516538	0.4650923864	0.1290005069	0.0003572460
0.3484321533	189.7658839619	0.4867656120	0.1288132619	0.0003739109
0.3413461304	189.0446341524	0.4668230048	0.1286049007	0.0003585865
0.3352131348	189.3414936613	0.5800546956	0.1291323586	0.0004456250
0.3277187134	189.2708562343	0.4549360996	0.1294438744	0.0003494594
0.3219784912	189.1303487474	0.4137064645	0.1296160800	0.0003177702
0.3166238892	188.6048549028	0.4054077581	0.1294736327	0.0003113950
0.3109935425	188.0465413976	0.4307388935	0.1293194249	0.0003308718
0.3037351440	187.7934954349	0.4239466388	0.1294792543	0.0003256561
0.2967543823	187.7036376647	0.4405685264	0.1297509296	0.0003384379
0.2912651001	187.0697735249	0.5662721997	0.1295317820	0.0004350571
0.2846749268	186.7182894904	0.4221759316	0.1295833543	0.0003243087
0.2789814697	186.5872058905	0.4131194251	0.1297605188	0.0003173514
0.2739100830	186.0697297291	0.4432946422	0.1296104090	0.0003405486
0.2682638428	186.1342604504	0.4275781695	0.1299355829	0.0003284722
0.2610281982	185.1558698298	0.3797096207	0.1295369324	0.0002916833
0.2544793457	185.2079338489	0.3991133606	0.1298965822	0.0003066024
0.2479111694	184.3516417652	0.4425046274	0.1295591763	0.0003399573
0.2422538818	183.6158754651	0.4255791326	0.1292699252	0.0003269519
0.2362595459	183.4864312677	0.5397007810	0.1294630351	0.0004146631
0.2300089722	182.7607643571	0.3953556645	0.1292105022	0.0003037297
0.2217711060	182.0940412030	0.4474445425	0.1291002607	0.0003437682
0.2146877930	181.1570422167	0.3952344712	0.1287259813	0.0003036455
0.2087967163	180.6986983174	0.4302326677	0.1286613181	0.0003305467
0.2022046570	180.0962274632	0.3957521757	0.1285201191	0.0003040502
0.1963599060	179.0377654156	0.3841603400	0.1279920521	0.0002951443
0.1883137268	178.3200843771	0.4153982838	0.1278332975	0.0003191560
0.1815755310	177.4220941143	0.4472034890	0.1274721483	0.0003436018
0.1763087769	176.7929008963	0.4942008569	0.1272457286	0.0003797211
0.1699435913	175.6016093566	0.4190912692	0.1266409946	0.0003220023
0.1645698242	174.7256880806	0.3948659910	0.1262302074	0.0003033873
0.1586951843	173.2088409301	0.3734863100	0.1253513670	0.0002869593
0.1523704102	172.4419173710	0.4279414681	0.1250707534	0.0003288106
0.1463270447	171.0691909817	0.4118216413	0.1243108936	0.0003164250
0.1385898376	169.4331639907	0.4016921903	0.1234313831	0.0003086434
0.1330820435	168.2724963406	0.4507671778	0.1228083327	0.0003463581
0.1267173096	166.9063688694	0.5278365720	0.1220692293	0.0004055843
0.1210751709	164.6442818079	0.4293294115	0.1206063837	0.0003298875
0.1147423767	163.3251627597	0.5009330638	0.1199018435	0.0003849133
0.1084876770	160.5380038688	0.4559635318	0.1180654207	0.0003503580
0.1014883179	158.5599317227	0.3969370196	0.1168870623	0.0003050008
0.0946191193	155.9781723695	0.4792538481	0.1152384656	0.0003682585
0.0881095917	153.0211502422	0.4805778872	0.1132839544	0.0003692772
0.0818741333	150.4697923709	0.4505483722	0.1116277866	0.0003462026
0.0755023621	145.9854890965	0.4975184063	0.1084929584	0.0003822971
0.0691619293	143.0042431915	0.4601680089	0.1065115798	0.0003535968
0.0619899689	137.2814615359	0.3947568967	0.1024641367	0.0003033340
0.0562747650	131.8509127465	0.4799876080	0.0985701483	0.0003688286
0.0492200287	126.7089030979	0.4152678520	0.0949632603	0.0003190970
0.0426402008	118.2319722566	0.4724466973	0.0887705728	0.0003630354
0.0348701111	108.5636519012	0.4644613641	0.0817204934	0.0003569000
0.0285091553	96.4006852287	0.5004089692	0.0726846998	0.0003845234
0.0213497513	81.4665112800	0.5518696084	0.0615584269	0.0004240671
0.0146627235	70.9142173437	0.4450818080	0.0537762214	0.0003420095
0.0097515896	59.1413343897	0.4578608144	0.0449694116	0.0003518292
0.0033157559	40.5663105708	0.4728309142	0.0310101206	0.0003633327
-0.0000007612	28.6679983434	0.3929730048	0.0220290968	0.0003019683
