#FORMAT      : EMSA/MAS Spectral Data File
#VERSION     : 1.0
#TITLE       : Spectrum 1
#DATE        : 04-DEC-2018
#TIME        : 10:37
#OWNER       : 
#NPOINTS     : 2048.
#NCOLUMNS    : 1.
#XUNITS      : keV
#YUNITS      : counts
#DATATYPE    : XY
#XPERCHAN    : 0.0100000
#OFFSET      : -0.200000
#SIGNALTYPE  : EDS
#CHOFFSET    : 20.0000
#LIVETIME    : 100.00000
#REALTIME    : 116.38533
#BEAMKV      : 20.0000
#PROBECUR    : 0.000000
#MAGCAM      : 1390.00
#XTILTSTGE   : 0.0
#AZIMANGLE   : 0.0
#ELEVANGLE   : 35.0
#XPOSITION mm: 0.0000
#YPOSITION mm: 0.0000
#ZPOSITION mm: 0.0000
##OXINSTPT   : 5
##OXINSTSTROB: 49.09
##OXINSTELEMS: 6,8,11,26,27
##OXINSTLABEL: 26, 6.404, Fe
##OXINSTLABEL: 26, 7.058, Fe
##OXINSTLABEL: 26, 0.705, Fe
##OXINSTLABEL: 26, 0.628, Fe
##OXINSTLABEL: 8, 0.525, O
##OXINSTLABEL: 27, 6.930, Co
##OXINSTLABEL: 27, 7.650, Co
##OXINSTLABEL: 27, 0.776, Co
##OXINSTLABEL: 27, 0.694, Co
##OXINSTLABEL: 27, 0.678, Co
##OXINSTLABEL: 6, 0.277, C
##OXINSTLABEL: 11, 1.041, Na
#SPECTRUM    : Spectral Data Starts Here
-0.20000, 0.
-0.19000, 0.
-0.18000, 0.
-0.17000, 0.
-0.16000, 0.
-0.15000, 0.
-0.14000, 0.
-0.13000, 0.
-0.12000, 0.
-0.11000, 1.
-0.10000, 0.
-0.09000, 2.
-0.08000, 4.
-0.07000, 15.
-0.06000, 30.
-0.05000, 144.
-0.04000, 441.
-0.03000, 1077.
-0.02000, 2137.
-0.01000, 3432.
0.00000, 4811.
0.01000, 5493.
0.02000, 5390.
0.03000, 4255.
0.04000, 2857.
0.05000, 1633.
0.06000, 776.
0.07000, 331.
0.08000, 138.
0.09000, 81.
0.10000, 62.
0.11000, 50.
0.12000, 58.
0.13000, 46.
0.14000, 50.
0.15000, 49.
0.16000, 51.
0.17000, 42.
0.18000, 43.
0.19000, 57.
0.20000, 66.
0.21000, 88.
0.22000, 118.
0.23000, 173.
0.24000, 241.
0.25000, 330.
0.26000, 419.
0.27000, 452.
0.28000, 436.
0.29000, 378.
0.30000, 260.
0.31000, 156.
0.32000, 97.
0.33000, 67.
0.34000, 51.
0.35000, 47.
0.36000, 55.
0.37000, 54.
0.38000, 52.
0.39000, 57.
0.40000, 85.
0.41000, 100.
0.42000, 106.
0.43000, 145.
0.44000, 181.
0.45000, 245.
0.46000, 398.
0.47000, 657.
0.48000, 1159.
0.49000, 1731.
0.50000, 2340.
0.51000, 2985.
0.52000, 3247.
0.53000, 3080.
0.54000, 2661.
0.55000, 2032.
0.56000, 1352.
0.57000, 806.
0.58000, 536.
0.59000, 392.
0.60000, 372.
0.61000, 394.
0.62000, 400.
0.63000, 404.
0.64000, 426.
0.65000, 456.
0.66000, 571.
0.67000, 740.
0.68000, 931.
0.69000, 1096.
0.70000, 1185.
0.71000, 1190.
0.72000, 1114.
0.73000, 951.
0.74000, 796.
0.75000, 721.
0.76000, 641.
0.77000, 549.
0.78000, 532.
0.79000, 529.
0.80000, 430.
0.81000, 321.
0.82000, 243.
0.83000, 175.
0.84000, 126.
0.85000, 108.
0.86000, 89.
0.87000, 69.
0.88000, 64.
0.89000, 57.
0.90000, 57.
0.91000, 51.
0.92000, 58.
0.93000, 63.
0.94000, 56.
0.95000, 52.
0.96000, 62.
0.97000, 63.
0.98000, 62.
0.99000, 60.
1.00000, 76.
1.01000, 100.
1.02000, 125.
1.03000, 121.
1.04000, 128.
1.05000, 129.
1.06000, 116.
1.07000, 108.
1.08000, 105.
1.09000, 97.
1.10000, 84.
1.11000, 84.
1.12000, 85.
1.13000, 79.
1.14000, 69.
1.15000, 80.
1.16000, 84.
1.17000, 77.
1.18000, 77.
1.19000, 82.
1.20000, 78.
1.21000, 79.
1.22000, 81.
1.23000, 94.
1.24000, 98.
1.25000, 103.
1.26000, 95.
1.27000, 88.
1.28000, 89.
1.29000, 85.
1.30000, 85.
1.31000, 93.
1.32000, 91.
1.33000, 91.
1.34000, 101.
1.35000, 102.
1.36000, 104.
1.37000, 95.
1.38000, 94.
1.39000, 104.
1.40000, 109.
1.41000, 114.
1.42000, 104.
1.43000, 111.
1.44000, 108.
1.45000, 112.
1.46000, 110.
1.47000, 100.
1.48000, 118.
1.49000, 113.
1.50000, 95.
1.51000, 117.
1.52000, 124.
1.53000, 100.
1.54000, 99.
1.55000, 109.
1.56000, 117.
1.57000, 116.
1.58000, 110.
1.59000, 112.
1.60000, 109.
1.61000, 107.
1.62000, 109.
1.63000, 119.
1.64000, 123.
1.65000, 112.
1.66000, 116.
1.67000, 116.
1.68000, 117.
1.69000, 109.
1.70000, 113.
1.71000, 127.
1.72000, 132.
1.73000, 127.
1.74000, 135.
1.75000, 133.
1.76000, 121.
1.77000, 118.
1.78000, 116.
1.79000, 133.
1.80000, 126.
1.81000, 117.
1.82000, 115.
1.83000, 120.
1.84000, 120.
1.85000, 113.
1.86000, 103.
1.87000, 118.
1.88000, 124.
1.89000, 112.
1.90000, 113.
1.91000, 103.
1.92000, 106.
1.93000, 115.
1.94000, 118.
1.95000, 118.
1.96000, 122.
1.97000, 126.
1.98000, 123.
1.99000, 116.
2.00000, 118.
2.01000, 112.
2.02000, 104.
2.03000, 117.
2.04000, 121.
2.05000, 131.
2.06000, 119.
2.07000, 116.
2.08000, 120.
2.09000, 109.
2.10000, 112.
2.11000, 120.
2.12000, 116.
2.13000, 114.
2.14000, 112.
2.15000, 114.
2.16000, 120.
2.17000, 110.
2.18000, 99.
2.19000, 105.
2.20000, 119.
2.21000, 123.
2.22000, 115.
2.23000, 115.
2.24000, 128.
2.25000, 127.
2.26000, 122.
2.27000, 122.
2.28000, 120.
2.29000, 125.
2.30000, 131.
2.31000, 123.
2.32000, 110.
2.33000, 116.
2.34000, 111.
2.35000, 110.
2.36000, 117.
2.37000, 107.
2.38000, 109.
2.39000, 120.
2.40000, 107.
2.41000, 100.
2.42000, 115.
2.43000, 121.
2.44000, 116.
2.45000, 110.
2.46000, 107.
2.47000, 108.
2.48000, 114.
2.49000, 111.
2.50000, 106.
2.51000, 103.
2.52000, 112.
2.53000, 119.
2.54000, 113.
2.55000, 110.
2.56000, 104.
2.57000, 99.
2.58000, 105.
2.59000, 119.
2.60000, 125.
2.61000, 121.
2.62000, 116.
2.63000, 114.
2.64000, 116.
2.65000, 111.
2.66000, 94.
2.67000, 89.
2.68000, 100.
2.69000, 110.
2.70000, 123.
2.71000, 118.
2.72000, 109.
2.73000, 117.
2.74000, 122.
2.75000, 121.
2.76000, 110.
2.77000, 105.
2.78000, 97.
2.79000, 99.
2.80000, 103.
2.81000, 104.
2.82000, 105.
2.83000, 107.
2.84000, 109.
2.85000, 103.
2.86000, 93.
2.87000, 94.
2.88000, 109.
2.89000, 97.
2.90000, 95.
2.91000, 103.
2.92000, 109.
2.93000, 107.
2.94000, 95.
2.95000, 97.
2.96000, 98.
2.97000, 99.
2.98000, 104.
2.99000, 100.
3.00000, 101.
3.01000, 104.
3.02000, 104.
3.03000, 96.
3.04000, 102.
3.05000, 108.
3.06000, 103.
3.07000, 97.
3.08000, 96.
3.09000, 91.
3.10000, 88.
3.11000, 102.
3.12000, 92.
3.13000, 84.
3.14000, 80.
3.15000, 88.
3.16000, 99.
3.17000, 93.
3.18000, 91.
3.19000, 86.
3.20000, 85.
3.21000, 91.
3.22000, 84.
3.23000, 75.
3.24000, 78.
3.25000, 88.
3.26000, 97.
3.27000, 88.
3.28000, 83.
3.29000, 94.
3.30000, 94.
3.31000, 93.
3.32000, 99.
3.33000, 101.
3.34000, 94.
3.35000, 86.
3.36000, 88.
3.37000, 89.
3.38000, 89.
3.39000, 97.
3.40000, 86.
3.41000, 80.
3.42000, 84.
3.43000, 81.
3.44000, 86.
3.45000, 88.
3.46000, 87.
3.47000, 84.
3.48000, 81.
3.49000, 85.
3.50000, 87.
3.51000, 78.
3.52000, 76.
3.53000, 86.
3.54000, 79.
3.55000, 81.
3.56000, 86.
3.57000, 98.
3.58000, 90.
3.59000, 83.
3.60000, 88.
3.61000, 81.
3.62000, 77.
3.63000, 85.
3.64000, 93.
3.65000, 96.
3.66000, 79.
3.67000, 78.
3.68000, 82.
3.69000, 77.
3.70000, 86.
3.71000, 87.
3.72000, 92.
3.73000, 85.
3.74000, 73.
3.75000, 73.
3.76000, 75.
3.77000, 74.
3.78000, 85.
3.79000, 86.
3.80000, 85.
3.81000, 76.
3.82000, 86.
3.83000, 84.
3.84000, 81.
3.85000, 78.
3.86000, 81.
3.87000, 80.
3.88000, 72.
3.89000, 74.
3.90000, 67.
3.91000, 72.
3.92000, 72.
3.93000, 74.
3.94000, 70.
3.95000, 63.
3.96000, 64.
3.97000, 73.
3.98000, 69.
3.99000, 62.
4.00000, 69.
4.01000, 68.
4.02000, 68.
4.03000, 67.
4.04000, 64.
4.05000, 72.
4.06000, 78.
4.07000, 68.
4.08000, 64.
4.09000, 74.
4.10000, 69.
4.11000, 77.
4.12000, 82.
4.13000, 76.
4.14000, 71.
4.15000, 65.
4.16000, 67.
4.17000, 62.
4.18000, 75.
4.19000, 71.
4.20000, 67.
4.21000, 70.
4.22000, 62.
4.23000, 63.
4.24000, 70.
4.25000, 64.
4.26000, 61.
4.27000, 56.
4.28000, 63.
4.29000, 77.
4.30000, 74.
4.31000, 61.
4.32000, 55.
4.33000, 70.
4.34000, 68.
4.35000, 60.
4.36000, 68.
4.37000, 75.
4.38000, 74.
4.39000, 60.
4.40000, 70.
4.41000, 76.
4.42000, 70.
4.43000, 61.
4.44000, 63.
4.45000, 67.
4.46000, 55.
4.47000, 57.
4.48000, 56.
4.49000, 58.
4.50000, 62.
4.51000, 55.
4.52000, 63.
4.53000, 55.
4.54000, 64.
4.55000, 75.
4.56000, 67.
4.57000, 66.
4.58000, 61.
4.59000, 66.
4.60000, 66.
4.61000, 74.
4.62000, 69.
4.63000, 84.
4.64000, 80.
4.65000, 69.
4.66000, 74.
4.67000, 69.
4.68000, 58.
4.69000, 69.
4.70000, 60.
4.71000, 50.
4.72000, 62.
4.73000, 60.
4.74000, 59.
4.75000, 56.
4.76000, 48.
4.77000, 53.
4.78000, 56.
4.79000, 55.
4.80000, 61.
4.81000, 48.
4.82000, 53.
4.83000, 56.
4.84000, 60.
4.85000, 66.
4.86000, 65.
4.87000, 52.
4.88000, 47.
4.89000, 56.
4.90000, 64.
4.91000, 62.
4.92000, 65.
4.93000, 57.
4.94000, 60.
4.95000, 62.
4.96000, 60.
4.97000, 69.
4.98000, 61.
4.99000, 56.
5.00000, 45.
5.01000, 52.
5.02000, 62.
5.03000, 64.
5.04000, 56.
5.05000, 45.
5.06000, 53.
5.07000, 63.
5.08000, 59.
5.09000, 53.
5.10000, 50.
5.11000, 52.
5.12000, 51.
5.13000, 49.
5.14000, 53.
5.15000, 59.
5.16000, 49.
5.17000, 60.
5.18000, 55.
5.19000, 66.
5.20000, 54.
5.21000, 61.
5.22000, 56.
5.23000, 61.
5.24000, 54.
5.25000, 48.
5.26000, 53.
5.27000, 65.
5.28000, 69.
5.29000, 59.
5.30000, 52.
5.31000, 50.
5.32000, 55.
5.33000, 60.
5.34000, 49.
5.35000, 43.
5.36000, 47.
5.37000, 47.
5.38000, 48.
5.39000, 49.
5.40000, 58.
5.41000, 58.
5.42000, 57.
5.43000, 55.
5.44000, 48.
5.45000, 45.
5.46000, 40.
5.47000, 52.
5.48000, 46.
5.49000, 46.
5.50000, 38.
5.51000, 47.
5.52000, 46.
5.53000, 48.
5.54000, 30.
5.55000, 50.
5.56000, 47.
5.57000, 42.
5.58000, 33.
5.59000, 50.
5.60000, 44.
5.61000, 43.
5.62000, 49.
5.63000, 41.
5.64000, 50.
5.65000, 56.
5.66000, 50.
5.67000, 47.
5.68000, 44.
5.69000, 41.
5.70000, 44.
5.71000, 44.
5.72000, 45.
5.73000, 35.
5.74000, 40.
5.75000, 44.
5.76000, 49.
5.77000, 38.
5.78000, 45.
5.79000, 43.
5.80000, 39.
5.81000, 45.
5.82000, 33.
5.83000, 40.
5.84000, 32.
5.85000, 49.
5.86000, 48.
5.87000, 57.
5.88000, 57.
5.89000, 47.
5.90000, 49.
5.91000, 39.
5.92000, 41.
5.93000, 36.
5.94000, 49.
5.95000, 40.
5.96000, 44.
5.97000, 45.
5.98000, 52.
5.99000, 41.
6.00000, 38.
6.01000, 48.
6.02000, 41.
6.03000, 42.
6.04000, 46.
6.05000, 41.
6.06000, 35.
6.07000, 42.
6.08000, 34.
6.09000, 52.
6.10000, 46.
6.11000, 45.
6.12000, 47.
6.13000, 48.
6.14000, 46.
6.15000, 43.
6.16000, 51.
6.17000, 53.
6.18000, 56.
6.19000, 54.
6.20000, 56.
6.21000, 59.
6.22000, 57.
6.23000, 77.
6.24000, 107.
6.25000, 121.
6.26000, 170.
6.27000, 191.
6.28000, 305.
6.29000, 396.
6.30000, 500.
6.31000, 633.
6.32000, 823.
6.33000, 1011.
6.34000, 1175.
6.35000, 1374.
6.36000, 1606.
6.37000, 1814.
6.38000, 1946.
6.39000, 2013.
6.40000, 2099.
6.41000, 2133.
6.42000, 1923.
6.43000, 1790.
6.44000, 1729.
6.45000, 1399.
6.46000, 1217.
6.47000, 1020.
6.48000, 899.
6.49000, 685.
6.50000, 501.
6.51000, 367.
6.52000, 298.
6.53000, 205.
6.54000, 156.
6.55000, 107.
6.56000, 89.
6.57000, 69.
6.58000, 58.
6.59000, 55.
6.60000, 44.
6.61000, 39.
6.62000, 43.
6.63000, 47.
6.64000, 50.
6.65000, 38.
6.66000, 37.
6.67000, 42.
6.68000, 48.
6.69000, 31.
6.70000, 40.
6.71000, 47.
6.72000, 47.
6.73000, 43.
6.74000, 53.
6.75000, 47.
6.76000, 61.
6.77000, 69.
6.78000, 80.
6.79000, 94.
6.80000, 100.
6.81000, 160.
6.82000, 208.
6.83000, 229.
6.84000, 288.
6.85000, 364.
6.86000, 397.
6.87000, 503.
6.88000, 586.
6.89000, 651.
6.90000, 742.
6.91000, 770.
6.92000, 757.
6.93000, 753.
6.94000, 767.
6.95000, 766.
6.96000, 772.
6.97000, 689.
6.98000, 664.
6.99000, 603.
7.00000, 537.
7.01000, 476.
7.02000, 485.
7.03000, 425.
7.04000, 430.
7.05000, 368.
7.06000, 370.
7.07000, 324.
7.08000, 307.
7.09000, 239.
7.10000, 265.
7.11000, 221.
7.12000, 168.
7.13000, 143.
7.14000, 115.
7.15000, 102.
7.16000, 98.
7.17000, 81.
7.18000, 65.
7.19000, 59.
7.20000, 49.
7.21000, 38.
7.22000, 34.
7.23000, 28.
7.24000, 26.
7.25000, 32.
7.26000, 25.
7.27000, 39.
7.28000, 20.
7.29000, 31.
7.30000, 28.
7.31000, 33.
7.32000, 30.
7.33000, 40.
7.34000, 25.
7.35000, 36.
7.36000, 29.
7.37000, 30.
7.38000, 31.
7.39000, 34.
7.40000, 28.
7.41000, 33.
7.42000, 34.
7.43000, 26.
7.44000, 24.
7.45000, 23.
7.46000, 25.
7.47000, 39.
7.48000, 37.
7.49000, 41.
7.50000, 45.
7.51000, 30.
7.52000, 34.
7.53000, 51.
7.54000, 49.
7.55000, 54.
7.56000, 60.
7.57000, 76.
7.58000, 65.
7.59000, 87.
7.60000, 93.
7.61000, 92.
7.62000, 112.
7.63000, 108.
7.64000, 111.
7.65000, 118.
7.66000, 101.
7.67000, 116.
7.68000, 115.
7.69000, 100.
7.70000, 88.
7.71000, 78.
7.72000, 69.
7.73000, 52.
7.74000, 51.
7.75000, 37.
7.76000, 44.
7.77000, 30.
7.78000, 27.
7.79000, 31.
7.80000, 28.
7.81000, 32.
7.82000, 27.
7.83000, 31.
7.84000, 20.
7.85000, 23.
7.86000, 31.
7.87000, 26.
7.88000, 31.
7.89000, 23.
7.90000, 26.
7.91000, 19.
7.92000, 25.
7.93000, 29.
7.94000, 22.
7.95000, 17.
7.96000, 21.
7.97000, 24.
7.98000, 21.
7.99000, 22.
8.00000, 28.
8.01000, 24.
8.02000, 23.
8.03000, 18.
8.04000, 26.
8.05000, 26.
8.06000, 25.
8.07000, 26.
8.08000, 27.
8.09000, 23.
8.10000, 19.
8.11000, 16.
8.12000, 20.
8.13000, 30.
8.14000, 23.
8.15000, 20.
8.16000, 24.
8.17000, 26.
8.18000, 25.
8.19000, 35.
8.20000, 19.
8.21000, 18.
8.22000, 18.
8.23000, 22.
8.24000, 24.
8.25000, 20.
8.26000, 25.
8.27000, 21.
8.28000, 20.
8.29000, 24.
8.30000, 20.
8.31000, 27.
8.32000, 30.
8.33000, 34.
8.34000, 25.
8.35000, 23.
8.36000, 25.
8.37000, 21.
8.38000, 21.
8.39000, 28.
8.40000, 19.
8.41000, 21.
8.42000, 19.
8.43000, 27.
8.44000, 21.
8.45000, 23.
8.46000, 21.
8.47000, 22.
8.48000, 20.
8.49000, 22.
8.50000, 27.
8.51000, 20.
8.52000, 22.
8.53000, 13.
8.54000, 28.
8.55000, 24.
8.56000, 25.
8.57000, 16.
8.58000, 20.
8.59000, 21.
8.60000, 18.
8.61000, 24.
8.62000, 28.
8.63000, 20.
8.64000, 14.
8.65000, 18.
8.66000, 29.
8.67000, 23.
8.68000, 27.
8.69000, 25.
8.70000, 17.
8.71000, 19.
8.72000, 22.
8.73000, 20.
8.74000, 28.
8.75000, 26.
8.76000, 13.
8.77000, 25.
8.78000, 23.
8.79000, 19.
8.80000, 22.
8.81000, 22.
8.82000, 23.
8.83000, 21.
8.84000, 21.
8.85000, 27.
8.86000, 26.
8.87000, 22.
8.88000, 21.
8.89000, 20.
8.90000, 15.
8.91000, 13.
8.92000, 18.
8.93000, 15.
8.94000, 14.
8.95000, 16.
8.96000, 18.
8.97000, 28.
8.98000, 16.
8.99000, 17.
9.00000, 20.
9.01000, 22.
9.02000, 20.
9.03000, 15.
9.04000, 16.
9.05000, 22.
9.06000, 18.
9.07000, 17.
9.08000, 13.
9.09000, 15.
9.10000, 19.
9.11000, 20.
9.12000, 21.
9.13000, 15.
9.14000, 20.
9.15000, 18.
9.16000, 16.
9.17000, 22.
9.18000, 22.
9.19000, 17.
9.20000, 18.
9.21000, 18.
9.22000, 18.
9.23000, 20.
9.24000, 23.
9.25000, 19.
9.26000, 20.
9.27000, 14.
9.28000, 18.
9.29000, 22.
9.30000, 21.
9.31000, 16.
9.32000, 16.
9.33000, 18.
9.34000, 16.
9.35000, 12.
9.36000, 13.
9.37000, 18.
9.38000, 18.
9.39000, 13.
9.40000, 18.
9.41000, 16.
9.42000, 15.
9.43000, 14.
9.44000, 24.
9.45000, 22.
9.46000, 19.
9.47000, 24.
9.48000, 22.
9.49000, 21.
9.50000, 19.
9.51000, 15.
9.52000, 19.
9.53000, 16.
9.54000, 19.
9.55000, 14.
9.56000, 17.
9.57000, 17.
9.58000, 19.
9.59000, 16.
9.60000, 16.
9.61000, 14.
9.62000, 23.
9.63000, 15.
9.64000, 18.
9.65000, 19.
9.66000, 18.
9.67000, 18.
9.68000, 19.
9.69000, 17.
9.70000, 20.
9.71000, 20.
9.72000, 19.
9.73000, 16.
9.74000, 17.
9.75000, 20.
9.76000, 21.
9.77000, 17.
9.78000, 14.
9.79000, 19.
9.80000, 16.
9.81000, 16.
9.82000, 14.
9.83000, 17.
9.84000, 15.
9.85000, 13.
9.86000, 21.
9.87000, 18.
9.88000, 16.
9.89000, 18.
9.90000, 18.
9.91000, 21.
9.92000, 18.
9.93000, 17.
9.94000, 22.
9.95000, 20.
9.96000, 11.
9.97000, 15.
9.98000, 24.
9.99000, 19.
10.00000, 14.
10.01000, 18.
10.02000, 23.
10.03000, 19.
10.04000, 20.
10.05000, 20.
10.06000, 12.
10.07000, 12.
10.08000, 15.
10.09000, 15.
10.10000, 14.
10.11000, 17.
10.12000, 21.
10.13000, 20.
10.14000, 16.
10.15000, 12.
10.16000, 13.
10.17000, 12.
10.18000, 12.
10.19000, 14.
10.20000, 12.
10.21000, 14.
10.22000, 19.
10.23000, 16.
10.24000, 15.
10.25000, 14.
10.26000, 15.
10.27000, 18.
10.28000, 18.
10.29000, 17.
10.30000, 13.
10.31000, 16.
10.32000, 15.
10.33000, 15.
10.34000, 18.
10.35000, 13.
10.36000, 21.
10.37000, 25.
10.38000, 19.
10.39000, 16.
10.40000, 17.
10.41000, 15.
10.42000, 14.
10.43000, 15.
10.44000, 18.
10.45000, 13.
10.46000, 17.
10.47000, 16.
10.48000, 15.
10.49000, 11.
10.50000, 14.
10.51000, 16.
10.52000, 15.
10.53000, 16.
10.54000, 12.
10.55000, 12.
10.56000, 11.
10.57000, 15.
10.58000, 13.
10.59000, 12.
10.60000, 14.
10.61000, 14.
10.62000, 9.
10.63000, 11.
10.64000, 10.
10.65000, 10.
10.66000, 11.
10.67000, 8.
10.68000, 15.
10.69000, 14.
10.70000, 13.
10.71000, 19.
10.72000, 17.
10.73000, 13.
10.74000, 11.
10.75000, 9.
10.76000, 17.
10.77000, 16.
10.78000, 16.
10.79000, 18.
10.80000, 17.
10.81000, 9.
10.82000, 11.
10.83000, 13.
10.84000, 13.
10.85000, 10.
10.86000, 13.
10.87000, 15.
10.88000, 14.
10.89000, 16.
10.90000, 11.
10.91000, 14.
10.92000, 17.
10.93000, 13.
10.94000, 11.
10.95000, 13.
10.96000, 14.
10.97000, 13.
10.98000, 18.
10.99000, 17.
11.00000, 17.
11.01000, 14.
11.02000, 15.
11.03000, 16.
11.04000, 14.
11.05000, 13.
11.06000, 15.
11.07000, 19.
11.08000, 16.
11.09000, 10.
11.10000, 10.
11.11000, 11.
11.12000, 10.
11.13000, 17.
11.14000, 15.
11.15000, 13.
11.16000, 14.
11.17000, 14.
11.18000, 17.
11.19000, 11.
11.20000, 9.
11.21000, 14.
11.22000, 13.
11.23000, 13.
11.24000, 12.
11.25000, 10.
11.26000, 9.
11.27000, 12.
11.28000, 12.
11.29000, 11.
11.30000, 13.
11.31000, 11.
11.32000, 9.
11.33000, 13.
11.34000, 12.
11.35000, 13.
11.36000, 16.
11.37000, 17.
11.38000, 15.
11.39000, 11.
11.40000, 11.
11.41000, 15.
11.42000, 15.
11.43000, 13.
11.44000, 13.
11.45000, 11.
11.46000, 9.
11.47000, 10.
11.48000, 12.
11.49000, 16.
11.50000, 13.
11.51000, 10.
11.52000, 10.
11.53000, 11.
11.54000, 13.
11.55000, 12.
11.56000, 11.
11.57000, 10.
11.58000, 12.
11.59000, 13.
11.60000, 11.
11.61000, 8.
11.62000, 11.
11.63000, 15.
11.64000, 13.
11.65000, 15.
11.66000, 14.
11.67000, 9.
11.68000, 6.
11.69000, 9.
11.70000, 12.
11.71000, 12.
11.72000, 12.
11.73000, 10.
11.74000, 9.
11.75000, 9.
11.76000, 12.
11.77000, 13.
11.78000, 9.
11.79000, 9.
11.80000, 9.
11.81000, 11.
11.82000, 11.
11.83000, 8.
11.84000, 12.
11.85000, 12.
11.86000, 12.
11.87000, 10.
11.88000, 7.
11.89000, 10.
11.90000, 11.
11.91000, 11.
11.92000, 12.
11.93000, 10.
11.94000, 11.
11.95000, 13.
11.96000, 13.
11.97000, 15.
11.98000, 13.
11.99000, 12.
12.00000, 16.
12.01000, 13.
12.02000, 11.
12.03000, 14.
12.04000, 14.
12.05000, 11.
12.06000, 9.
12.07000, 10.
12.08000, 7.
12.09000, 5.
12.10000, 12.
12.11000, 15.
12.12000, 12.
12.13000, 12.
12.14000, 14.
12.15000, 14.
12.16000, 9.
12.17000, 9.
12.18000, 11.
12.19000, 10.
12.20000, 12.
12.21000, 11.
12.22000, 8.
12.23000, 10.
12.24000, 11.
12.25000, 11.
12.26000, 9.
12.27000, 11.
12.28000, 13.
12.29000, 14.
12.30000, 15.
12.31000, 12.
12.32000, 9.
12.33000, 13.
12.34000, 16.
12.35000, 13.
12.36000, 12.
12.37000, 13.
12.38000, 13.
12.39000, 13.
12.40000, 13.
12.41000, 10.
12.42000, 10.
12.43000, 12.
12.44000, 8.
12.45000, 7.
12.46000, 10.
12.47000, 10.
12.48000, 10.
12.49000, 9.
12.50000, 8.
12.51000, 10.
12.52000, 10.
12.53000, 7.
12.54000, 11.
12.55000, 11.
12.56000, 9.
12.57000, 7.
12.58000, 7.
12.59000, 10.
12.60000, 12.
12.61000, 11.
12.62000, 11.
12.63000, 13.
12.64000, 8.
12.65000, 6.
12.66000, 9.
12.67000, 9.
12.68000, 6.
12.69000, 10.
12.70000, 12.
12.71000, 11.
12.72000, 13.
12.73000, 12.
12.74000, 8.
12.75000, 11.
12.76000, 12.
12.77000, 11.
12.78000, 10.
12.79000, 8.
12.80000, 10.
12.81000, 13.
12.82000, 12.
12.83000, 10.
12.84000, 7.
12.85000, 6.
12.86000, 7.
12.87000, 7.
12.88000, 10.
12.89000, 9.
12.90000, 9.
12.91000, 8.
12.92000, 8.
12.93000, 11.
12.94000, 11.
12.95000, 12.
12.96000, 9.
12.97000, 7.
12.98000, 9.
12.99000, 9.
13.00000, 5.
13.01000, 8.
13.02000, 11.
13.03000, 5.
13.04000, 4.
13.05000, 7.
13.06000, 8.
13.07000, 9.
13.08000, 8.
13.09000, 6.
13.10000, 7.
13.11000, 7.
13.12000, 8.
13.13000, 6.
13.14000, 6.
13.15000, 5.
13.16000, 8.
13.17000, 10.
13.18000, 10.
13.19000, 13.
13.20000, 14.
13.21000, 14.
13.22000, 13.
13.23000, 10.
13.24000, 10.
13.25000, 11.
13.26000, 12.
13.27000, 8.
13.28000, 7.
13.29000, 10.
13.30000, 10.
13.31000, 6.
13.32000, 8.
13.33000, 11.
13.34000, 9.
13.35000, 8.
13.36000, 8.
13.37000, 6.
13.38000, 7.
13.39000, 5.
13.40000, 4.
13.41000, 8.
13.42000, 9.
13.43000, 6.
13.44000, 9.
13.45000, 9.
13.46000, 9.
13.47000, 8.
13.48000, 11.
13.49000, 9.
13.50000, 8.
13.51000, 6.
13.52000, 9.
13.53000, 7.
13.54000, 5.
13.55000, 9.
13.56000, 13.
13.57000, 10.
13.58000, 10.
13.59000, 9.
13.60000, 9.
13.61000, 8.
13.62000, 8.
13.63000, 8.
13.64000, 9.
13.65000, 6.
13.66000, 6.
13.67000, 8.
13.68000, 8.
13.69000, 7.
13.70000, 8.
13.71000, 13.
13.72000, 15.
13.73000, 6.
13.74000, 10.
13.75000, 9.
13.76000, 8.
13.77000, 7.
13.78000, 11.
13.79000, 5.
13.80000, 5.
13.81000, 10.
13.82000, 10.
13.83000, 8.
13.84000, 9.
13.85000, 9.
13.86000, 11.
13.87000, 11.
13.88000, 11.
13.89000, 9.
13.90000, 5.
13.91000, 8.
13.92000, 8.
13.93000, 4.
13.94000, 6.
13.95000, 10.
13.96000, 10.
13.97000, 10.
13.98000, 9.
13.99000, 7.
14.00000, 5.
14.01000, 6.
14.02000, 10.
14.03000, 10.
14.04000, 11.
14.05000, 6.
14.06000, 5.
14.07000, 8.
14.08000, 10.
14.09000, 7.
14.10000, 7.
14.11000, 4.
14.12000, 4.
14.13000, 3.
14.14000, 7.
14.15000, 7.
14.16000, 5.
14.17000, 6.
14.18000, 6.
14.19000, 7.
14.20000, 7.
14.21000, 10.
14.22000, 6.
14.23000, 7.
14.24000, 9.
14.25000, 6.
14.26000, 7.
14.27000, 7.
14.28000, 10.
14.29000, 7.
14.30000, 7.
14.31000, 8.
14.32000, 10.
14.33000, 5.
14.34000, 6.
14.35000, 4.
14.36000, 8.
14.37000, 8.
14.38000, 11.
14.39000, 10.
14.40000, 8.
14.41000, 5.
14.42000, 7.
14.43000, 6.
14.44000, 6.
14.45000, 4.
14.46000, 5.
14.47000, 3.
14.48000, 6.
14.49000, 3.
14.50000, 6.
14.51000, 7.
14.52000, 5.
14.53000, 8.
14.54000, 3.
14.55000, 5.
14.56000, 5.
14.57000, 6.
14.58000, 4.
14.59000, 4.
14.60000, 6.
14.61000, 5.
14.62000, 5.
14.63000, 3.
14.64000, 2.
14.65000, 7.
14.66000, 9.
14.67000, 8.
14.68000, 10.
14.69000, 4.
14.70000, 5.
14.71000, 5.
14.72000, 5.
14.73000, 6.
14.74000, 7.
14.75000, 5.
14.76000, 5.
14.77000, 7.
14.78000, 6.
14.79000, 6.
14.80000, 7.
14.81000, 4.
14.82000, 4.
14.83000, 8.
14.84000, 5.
14.85000, 6.
14.86000, 8.
14.87000, 6.
14.88000, 8.
14.89000, 7.
14.90000, 5.
14.91000, 4.
14.92000, 4.
14.93000, 6.
14.94000, 3.
14.95000, 2.
14.96000, 3.
14.97000, 7.
14.98000, 5.
14.99000, 4.
15.00000, 6.
15.01000, 7.
15.02000, 6.
15.03000, 6.
15.04000, 4.
15.05000, 6.
15.06000, 6.
15.07000, 11.
15.08000, 5.
15.09000, 4.
15.10000, 2.
15.11000, 2.
15.12000, 4.
15.13000, 6.
15.14000, 8.
15.15000, 6.
15.16000, 5.
15.17000, 6.
15.18000, 7.
15.19000, 4.
15.20000, 5.
15.21000, 3.
15.22000, 5.
15.23000, 3.
15.24000, 7.
15.25000, 6.
15.26000, 3.
15.27000, 5.
15.28000, 7.
15.29000, 5.
15.30000, 3.
15.31000, 0.
15.32000, 3.
15.33000, 5.
15.34000, 7.
15.35000, 7.
15.36000, 4.
15.37000, 6.
15.38000, 6.
15.39000, 3.
15.40000, 5.
15.41000, 6.
15.42000, 9.
15.43000, 6.
15.44000, 7.
15.45000, 4.
15.46000, 2.
15.47000, 2.
15.48000, 7.
15.49000, 4.
15.50000, 1.
15.51000, 2.
15.52000, 4.
15.53000, 3.
15.54000, 7.
15.55000, 8.
15.56000, 5.
15.57000, 5.
15.58000, 5.
15.59000, 8.
15.60000, 6.
15.61000, 3.
15.62000, 4.
15.63000, 5.
15.64000, 8.
15.65000, 5.
15.66000, 8.
15.67000, 5.
15.68000, 8.
15.69000, 6.
15.70000, 5.
15.71000, 9.
15.72000, 3.
15.73000, 2.
15.74000, 4.
15.75000, 2.
15.76000, 2.
15.77000, 1.
15.78000, 2.
15.79000, 6.
15.80000, 7.
15.81000, 4.
15.82000, 3.
15.83000, 5.
15.84000, 8.
15.85000, 3.
15.86000, 5.
15.87000, 4.
15.88000, 2.
15.89000, 2.
15.90000, 9.
15.91000, 10.
15.92000, 5.
15.93000, 5.
15.94000, 9.
15.95000, 2.
15.96000, 3.
15.97000, 3.
15.98000, 3.
15.99000, 4.
16.00000, 6.
16.01000, 6.
16.02000, 2.
16.03000, 4.
16.04000, 3.
16.05000, 5.
16.06000, 5.
16.07000, 8.
16.08000, 4.
16.09000, 3.
16.10000, 4.
16.11000, 3.
16.12000, 3.
16.13000, 5.
16.14000, 7.
16.15000, 4.
16.16000, 4.
16.17000, 1.
16.18000, 5.
16.19000, 7.
16.20000, 5.
16.21000, 2.
16.22000, 4.
16.23000, 1.
16.24000, 3.
16.25000, 4.
16.26000, 5.
16.27000, 3.
16.28000, 1.
16.29000, 6.
16.30000, 1.
16.31000, 2.
16.32000, 5.
16.33000, 6.
16.34000, 5.
16.35000, 1.
16.36000, 2.
16.37000, 4.
16.38000, 3.
16.39000, 6.
16.40000, 2.
16.41000, 1.
16.42000, 3.
16.43000, 4.
16.44000, 6.
16.45000, 5.
16.46000, 6.
16.47000, 2.
16.48000, 4.
16.49000, 3.
16.50000, 8.
16.51000, 5.
16.52000, 3.
16.53000, 4.
16.54000, 3.
16.55000, 5.
16.56000, 2.
16.57000, 4.
16.58000, 1.
16.59000, 1.
16.60000, 1.
16.61000, 2.
16.62000, 4.
16.63000, 3.
16.64000, 5.
16.65000, 3.
16.66000, 4.
16.67000, 0.
16.68000, 4.
16.69000, 2.
16.70000, 3.
16.71000, 1.
16.72000, 2.
16.73000, 3.
16.74000, 3.
16.75000, 1.
16.76000, 4.
16.77000, 1.
16.78000, 2.
16.79000, 1.
16.80000, 2.
16.81000, 1.
16.82000, 5.
16.83000, 1.
16.84000, 4.
16.85000, 0.
16.86000, 4.
16.87000, 2.
16.88000, 7.
16.89000, 4.
16.90000, 3.
16.91000, 1.
16.92000, 4.
16.93000, 0.
16.94000, 6.
16.95000, 3.
16.96000, 4.
16.97000, 3.
16.98000, 3.
16.99000, 6.
17.00000, 2.
17.01000, 6.
17.02000, 3.
17.03000, 6.
17.04000, 2.
17.05000, 2.
17.06000, 2.
17.07000, 6.
17.08000, 2.
17.09000, 3.
17.10000, 2.
17.11000, 4.
17.12000, 6.
17.13000, 1.
17.14000, 2.
17.15000, 0.
17.16000, 1.
17.17000, 0.
17.18000, 1.
17.19000, 4.
17.20000, 1.
17.21000, 1.
17.22000, 2.
17.23000, 7.
17.24000, 4.
17.25000, 3.
17.26000, 2.
17.27000, 1.
17.28000, 3.
17.29000, 4.
17.30000, 1.
17.31000, 3.
17.32000, 0.
17.33000, 1.
17.34000, 2.
17.35000, 0.
17.36000, 1.
17.37000, 3.
17.38000, 0.
17.39000, 4.
17.40000, 3.
17.41000, 5.
17.42000, 1.
17.43000, 5.
17.44000, 3.
17.45000, 3.
17.46000, 1.
17.47000, 2.
17.48000, 4.
17.49000, 4.
17.50000, 2.
17.51000, 0.
17.52000, 4.
17.53000, 0.
17.54000, 5.
17.55000, 6.
17.56000, 4.
17.57000, 2.
17.58000, 3.
17.59000, 3.
17.60000, 6.
17.61000, 1.
17.62000, 3.
17.63000, 1.
17.64000, 0.
17.65000, 2.
17.66000, 5.
17.67000, 1.
17.68000, 2.
17.69000, 2.
17.70000, 1.
17.71000, 3.
17.72000, 1.
17.73000, 3.
17.74000, 5.
17.75000, 1.
17.76000, 1.
17.77000, 4.
17.78000, 0.
17.79000, 4.
17.80000, 2.
17.81000, 1.
17.82000, 0.
17.83000, 2.
17.84000, 2.
17.85000, 2.
17.86000, 2.
17.87000, 2.
17.88000, 2.
17.89000, 1.
17.90000, 0.
17.91000, 1.
17.92000, 4.
17.93000, 4.
17.94000, 3.
17.95000, 1.
17.96000, 0.
17.97000, 0.
17.98000, 3.
17.99000, 0.
18.00000, 0.
18.01000, 1.
18.02000, 1.
18.03000, 1.
18.04000, 1.
18.05000, 0.
18.06000, 2.
18.07000, 2.
18.08000, 0.
18.09000, 2.
18.10000, 2.
18.11000, 2.
18.12000, 2.
18.13000, 3.
18.14000, 0.
18.15000, 2.
18.16000, 1.
18.17000, 4.
18.18000, 2.
18.19000, 2.
18.20000, 2.
18.21000, 1.
18.22000, 1.
18.23000, 1.
18.24000, 2.
18.25000, 0.
18.26000, 3.
18.27000, 0.
18.28000, 1.
18.29000, 0.
18.30000, 0.
18.31000, 1.
18.32000, 3.
18.33000, 1.
18.34000, 2.
18.35000, 0.
18.36000, 3.
18.37000, 2.
18.38000, 1.
18.39000, 1.
18.40000, 1.
18.41000, 0.
18.42000, 1.
18.43000, 3.
18.44000, 1.
18.45000, 0.
18.46000, 0.
18.47000, 0.
18.48000, 1.
18.49000, 2.
18.50000, 0.
18.51000, 0.
18.52000, 1.
18.53000, 2.
18.54000, 0.
18.55000, 0.
18.56000, 0.
18.57000, 1.
18.58000, 2.
18.59000, 1.
18.60000, 0.
18.61000, 2.
18.62000, 0.
18.63000, 2.
18.64000, 1.
18.65000, 0.
18.66000, 0.
18.67000, 0.
18.68000, 2.
18.69000, 2.
18.70000, 2.
18.71000, 2.
18.72000, 0.
18.73000, 0.
18.74000, 1.
18.75000, 0.
18.76000, 1.
18.77000, 0.
18.78000, 0.
18.79000, 2.
18.80000, 1.
18.81000, 1.
18.82000, 1.
18.83000, 1.
18.84000, 0.
18.85000, 0.
18.86000, 1.
18.87000, 1.
18.88000, 1.
18.89000, 1.
18.90000, 1.
18.91000, 0.
18.92000, 0.
18.93000, 0.
18.94000, 1.
18.95000, 1.
18.96000, 0.
18.97000, 1.
18.98000, 0.
18.99000, 1.
19.00000, 1.
19.01000, 0.
19.02000, 0.
19.03000, 2.
19.04000, 0.
19.05000, 0.
19.06000, 2.
19.07000, 0.
19.08000, 0.
19.09000, 0.
19.10000, 0.
19.11000, 2.
19.12000, 0.
19.13000, 0.
19.14000, 0.
19.15000, 0.
19.16000, 1.
19.17000, 0.
19.18000, 1.
19.19000, 1.
19.20000, 2.
19.21000, 1.
19.22000, 1.
19.23000, 1.
19.24000, 1.
19.25000, 0.
19.26000, 1.
19.27000, 0.
19.28000, 0.
19.29000, 0.
19.30000, 0.
19.31000, 0.
19.32000, 0.
19.33000, 1.
19.34000, 1.
19.35000, 1.
19.36000, 0.
19.37000, 0.
19.38000, 0.
19.39000, 0.
19.40000, 0.
19.41000, 0.
19.42000, 1.
19.43000, 0.
19.44000, 0.
19.45000, 0.
19.46000, 0.
19.47000, 0.
19.48000, 0.
19.49000, 0.
19.50000, 0.
19.51000, 0.
19.52000, 0.
19.53000, 0.
19.54000, 0.
19.55000, 0.
19.56000, 0.
19.57000, 0.
19.58000, 0.
19.59000, 0.
19.60000, 0.
19.61000, 0.
19.62000, 0.
19.63000, 0.
19.64000, 0.
19.65000, 0.
19.66000, 0.
19.67000, 0.
19.68000, 0.
19.69000, 0.
19.70000, 0.
19.71000, 0.
19.72000, 0.
19.73000, 0.
19.74000, 0.
19.75000, 0.
19.76000, 0.
19.77000, 0.
19.78000, 0.
19.79000, 0.
19.80000, 0.
19.81000, 0.
19.82000, 0.
19.83000, 0.
19.84000, 0.
19.85000, 0.
19.86000, 0.
19.87000, 0.
19.88000, 0.
19.89000, 0.
19.90000, 0.
19.91000, 0.
19.92000, 0.
19.93000, 0.
19.94000, 0.
19.95000, 0.
19.96000, 0.
19.97000, 0.
19.98000, 0.
19.99000, 0.
20.00000, 0.
20.01000, 0.
20.02000, 0.
20.03000, 0.
20.04000, 0.
20.05000, 0.
20.06000, 0.
20.07000, 0.
20.08000, 0.
20.09000, 0.
20.10000, 0.
20.11000, 0.
20.12000, 0.
20.13000, 0.
20.14000, 0.
20.15000, 0.
20.16000, 0.
20.17000, 0.
20.18000, 0.
20.19000, 0.
20.20000, 0.
20.21000, 0.
20.22000, 0.
20.23000, 0.
20.24000, 0.
20.25000, 0.
20.26000, 0.
20.27000, 0.
#ENDOFDATA   : 
