#File generated by ModelExp v0.6.4
#Read datafile: 
#Started Fit at 2018-12-24 17:56:44.790196
#Finished Fit at 2018-12-24 17:56:44.815856
#[[Fit Statistics]]
#    # fitting method   = leastsq
#    # function evals   = 7
#    # data points      = 690
#    # variables        = 1
#    chi-square         = 1144360.12
#    reduced chi-square = 1660.90002
#    Akaike info crit   = 5117.42857
#    Bayesian info crit = 5121.96526
#[[Variables]]
#    Ms:            0.16400000 +/- 6.3585e-04 (0.39%) (init = 0.1541625)
#    mu:            13740.54 (fixed)
#    chi:          -0.048 (fixed)
#    sigMu:         0 (fixed)
#    orderHermite:  50 (fixed)
#    T:             300 (fixed)

#[[Data]] 0
#B / T	M / kAm-1	sM / kAm-1	Mmodel / kAm-1
-8.37307516485453e-06	0.0848583827756098	0.0006792121841893289	-1.3680426127219107e-05
0.0026278692245483397	0.06677258142781141	0.000364392417069155	0.004291643674738173
0.009303168106079101	0.0745301542913379	0.000335099963337449	0.015115275916722334
0.0147870735168457	0.0803991749266315	0.00032165580623966505	0.023823477184642304
0.0215267417907715	0.08818349655979141	0.000411636184126182	0.03415534706034829
0.0279076766967773	0.0930783269798539	0.000305920911307128	0.04344129305823771
0.0352653411865234	0.0991351006856887	0.00030443624296484697	0.05343098069417722
0.0410145553588867	0.10371316097255501	0.000338403379583237	0.06064778592105078
0.046750923156738296	0.106832704344017	0.00035452219814042	0.06731106648602428
0.053251281738281205	0.110242817432968	0.000343236019370042	0.07421067896358845
0.0601115020751953	0.112560315229831	0.000355323921989877	0.08076154851806794
0.0664799285888672	0.11525778398235	0.000364804071545262	0.08620573636892835
0.0715928863525391	0.11712046524884201	0.000327670422494892	0.09016186504265095
0.0784630676269531	0.119416978272381	0.00038696513477229003	0.09494211184820615
0.08408980712890629	0.120301190185887	0.000361200675757882	0.09843919442636669
0.0911930694580078	0.121779456892529	0.000374310884000907	0.10237237851550217
0.0976792358398438	0.123251072464101	0.000354791479877191	0.10554545296638233
0.105534497070312	0.12420203603730699	0.000314301509557942	0.10892076664410258
0.112505102539062	0.125617698741977	0.000271534210250986	0.11154220203800282
0.119129089355469	0.12669116402312602	0.000304224390787359	0.11375044340802345
0.125249981689453	0.12696364759136	0.000335889032004466	0.11557583088233102
0.13185842895507802	0.128057406264852	0.000387976150163874	0.11734230022388803
0.139473785400391	0.128639313877418	0.00034716584158006	0.11914732184357488
0.146464453125	0.129285341755124	0.000327712342335788	0.12061446222487796
0.153455474853516	0.12988071632224402	0.000270726029229071	0.12192298012933718
0.159822595214844	0.130076218173984	0.000352772527509148	0.12299280932790456
0.16604319458007802	0.130600005801257	0.000308300921798215	0.12393816863298972
0.17328427124023402	0.130854531863249	0.000315156695086886	0.1249278146211563
0.180399993896484	0.13106019892877	0.00034404840555804	0.12579692674050438
0.187620593261719	0.13133757340146301	0.000293278065982506	0.12658575024464241
0.19400928344726598	0.131613126654366	0.000337444770586376	0.12721365023971748
0.200824243164062	0.131897662590692	0.00038174919208515103	0.127818195723105
0.206110766601562	0.13216242246811	0.000391063565021319	0.1282448676024857
0.21295838623046898	0.132018975784914	0.000306065763527516	0.12874744408961364
0.21834959716796898	0.132059847616465	0.000350604278386327	0.1291065163991285
0.22356600341796898	0.13215608491863098	0.000303383503239049	0.1294256235079851
0.229814868164062	0.13238618410945	0.00029235780518838204	0.129773893805582
0.23580711669921897	0.132195865680433	0.000328634635387767	0.1300756219311114
0.24317099609375	0.13245403005326198	0.000326598144170922	0.13040666116054977
0.249540063476562	0.13229386184936198	0.000400081247138502	0.13066041279188345
0.25551097412109397	0.13229414479361698	0.000310428718769461	0.1308729793384155
0.260994946289062	0.132397837119997	0.000407799099118583	0.1310480941722672
0.267246752929687	0.132578447098775	0.00031272511322549595	0.1312257871618777
0.273234326171875	0.132512702423737	0.00037979768607577	0.1313754754763001
0.27984990234375	0.13203811130447898	0.00031102252296052	0.13151911677041786
0.28670859375	0.132303096418066	0.00034052840002915297	0.13164556766678226
0.29358148193359396	0.132222660021088	0.00030175121146465	0.13175092451094705
0.300349377441406	0.13185878851605498	0.000366720198215851	0.13183520685624917
0.306448474121094	0.131932584768682	0.00036011775404105303	0.13189567968210625
0.312940808105469	0.13205560819261	0.000267003861713623	0.13194492293955642
0.318545471191406	0.13206930155184998	0.00042942400974518	0.1319756027874516
0.325409252929687	0.131505623454312	0.00030534896489937903	0.13199911183701674
0.33213057861328105	0.13151218501182502	0.000353355228303423	0.1320079951878249
0.33798775634765604	0.13167684238138902	0.00032931620905743696	0.1320049853479374
0.34486923828125	0.131049988435788	0.000390900250109649	0.13198937889269463
0.35109576416015603	0.131104906062926	0.000346241447697428	0.1319646267368852
0.356705029296875	0.130659635481965	0.00038656020033955195	0.1319341344779744
0.36430399169921895	0.130634887290898	0.000420524909964428	0.13188109940961412
0.371413305664063	0.13024060850993	0.000327649477512242	0.13181993296520564
0.37744306640625	0.13030779895942401	0.000314213282370597	0.13175978538364502
0.38329295654296897	0.13021473946849701	0.00036366891195396405	0.13169453776405923
0.389278674316406	0.12985075849996	0.000312198878922283	0.1316210695261103
0.395516381835937	0.129686660667419	0.00043299329883114397	0.1315376212491582
0.402504333496094	0.1294395168503	0.00037740618389171896	0.13143618652395916
0.409260485839844	0.129597339177729	0.000398563028644909	0.1313305192453344
0.41575673828125	0.129544633815733	0.000298820211326333	0.1312222160724823
0.4223451171875	0.128615419743086	0.000283314491196343	0.13110598244684468
0.42807199707031296	0.128705824714031	0.000332247198482586	0.13099994590864208
0.43458935546875	0.128666940954766	0.000368618830336746	0.1308738592157222
0.44136767578125	0.128602216032111	0.00035237930440134695	0.13073687310936688
0.448725	0.128056178612531	0.00031595158391526203	0.13058174466713549
0.45573596191406296	0.12790669851873301	0.000404263306386843	0.13042796994743386
0.462224755859375	0.127908035514373	0.000397050269446222	0.13028070826291138
0.46882770996093703	0.127340726155742	0.000438199387424628	0.13012618986669136
0.475566137695313	0.12695244836726	0.00041390235080291	0.12996385113482015
0.481938330078125	0.127154424087596	0.00037446054672100903	0.1298061910460097
0.48891005859375	0.126658704210517	0.000369167309846375	0.12962927172816044
0.495959814453125	0.126282186425776	0.00032948814333790997	0.12944586335932945
0.502538525390625	0.125985257122526	0.00035419419495684803	0.12927078771343312
0.50951005859375	0.12579986048175099	0.00039514119211896104	0.12908129273387828
0.51614150390625	0.125349987764561	0.00040481248438848597	0.1288974032200692
0.523772387695313	0.125448839721925	0.000384676016306586	0.128681587448387
0.531108666992188	0.125146638243473	0.00034313139881389797	0.12847002705367494
0.53698095703125	0.12503265986578702	0.00035824835358809297	0.12829791660646395
0.542990966796875	0.124584824617124	0.000377222592721465	0.12811931154136166
0.5491046630859371	0.12454815291269199	0.000410610036289001	0.1279351573301414
0.555685546875	0.12435956865297301	0.0003372912303788	0.12773424285731938
0.562747338867188	0.12384862440745599	0.000382841204070708	0.12751565540759296
0.5683511962890629	0.12380063914440001	0.000403993812036583	0.1273400674055999
0.5751764404296871	0.1236534083608	0.00035818363800103404	0.1271237510622618
0.580063623046875	0.123323780254906	0.000376544494591913	0.12696724968357018
0.586942651367187	0.122725416209485	0.00039928021473863997	0.12674476051252334
0.593351708984375	0.122790156009674	0.000402101203920047	0.1265352244134183
0.6004404296875	0.12248273202543	0.000350961302521298	0.12630102848482472
0.607584619140625	0.122411331691386	0.00038996831899987104	0.12606249598784652
0.6136946044921879	0.122030334878623	0.000369145918681082	0.1258565656810116
0.6196922119140621	0.121867963828732	0.000327979049530786	0.12565274770627816
0.626021923828125	0.12105913168987	0.000332486236701574	0.12543589667881275
0.631169384765625	0.121092756081296	0.000455327468993917	0.12525826249920224
0.637564697265625	0.12036990448938399	0.000411832035968354	0.12503600407220852
0.643502978515625	0.120668333039584	0.000453469154164719	0.12482812133404157
0.649423364257812	0.120224641170252	0.00041341620235847	0.12461946044437983
0.6547509765625	0.120194342003371	0.00042044862643238	0.12443052411579718
0.661114794921875	0.119693173384772	0.00040698590022696205	0.12420342933544636
0.6676310546875	0.119620635600651	0.000356664538460373	0.12396934651925336
0.673373266601562	0.119387521018837	0.00037237233788161303	0.12376180725517599
0.6782677734375	0.119279829591024	0.000404872836810115	0.12358399625167908
0.684390625	0.118698731845094	0.000323305995569451	0.12336041070315865
0.689765405273437	0.118634754389349	0.000448293597541079	0.12316311333387199
0.695349560546875	0.117918371403197	0.00039077385237437	0.12295713644102163
0.701416650390625	0.11793035121981099	0.000361447118459764	0.1227322259663505
0.708341479492188	0.117586079323052	0.00037564548843237	0.12247413045640373
0.7152525390625	0.118042743509868	0.000341850913600938	0.1222151138169183
0.7214779296875	0.117230532139905	0.000431556085406898	0.12198060246586251
0.7271134765625	0.117033302832512	0.00042455639365378804	0.12176736099857868
0.72996318359375	0.11693663568883	0.000396558151037385	0.12165919533977174
0.727708129882813	0.116593127164928	0.000335158366538362	0.12174480838956198
0.7211203369140621	0.11692501153097	0.00038713095685645905	0.12199410309387773
0.715655419921875	0.117563220399522	0.00039949624179206304	0.12219997109683584
0.7090146728515621	0.117427842224396	0.000383877944255004	0.1224489624464227
0.703419458007812	0.118134739765317	0.00034665002188707505	0.12265772962245941
0.696462451171875	0.11796772614222001	0.000428628091283457	0.12291596747380046
0.69127822265625	0.11861890009864601	0.00033947545413873004	0.12310741064651143
0.6862056640625	0.118379210343129	0.00033000328555801803	0.12329389059278353
0.6799363525390629	0.11925561638518099	0.000419509153405706	0.12352319098719364
0.67434287109375	0.11936408098619801	0.000347733407888297	0.1237266486639074
0.6692377685546871	0.119384922144647	0.000391477549888043	0.12391139320541764
0.663026220703125	0.119766055277594	0.00040626870933840295	0.12413492574294663
0.65787314453125	0.11995231212855899	0.00036482737506488504	0.12431929806289473
0.651784936523437	0.120023499657058	0.00031714709121239597	0.12453584530723466
0.645300268554687	0.120117983765815	0.000338593026987687	0.12476492326937838
0.6393116943359379	0.12048629444969701	0.00038907725246465003	0.12497499536433496
0.633451147460937	0.12085276984758299	0.000346023484301842	0.12517915992180595
0.628306103515625	0.12065659309274901	0.000400726077669271	0.12535721215366896
0.623226977539063	0.121236026584002	0.000377848744443551	0.12553186719449097
0.61734052734375	0.121545476536524	0.000336381880015683	0.1257328601806077
0.6113622802734371	0.121634623499318	0.000373843031401378	0.12593538012264005
0.605864428710937	0.122097680719502	0.00044047721369454003	0.12612015527941398
0.599246752929688	0.122408796009323	0.000339566672824666	0.12634064066746326
0.594163330078125	0.12239982315106701	0.000409067594347886	0.1265085385085645
0.5877154296875	0.122735059001486	0.00039064498711184	0.12671960893030745
0.58215908203125	0.123125390808433	0.000369485938297728	0.12689974560729977
0.5764197509765621	0.123307241343131	0.000361149075793651	0.12708406232523892
0.570158520507812	0.123475331742044	0.000382239838704631	0.12728304622351
0.562825146484375	0.12409013481697799	0.000389314840139471	0.12751323016146124
0.55708310546875	0.124308581133211	0.00036462336573102403	0.12769122570229846
0.551368139648438	0.124055576755926	0.000447125328132943	0.12786636299438173
0.544989990234375	0.12444745286080801	0.000387086577799511	0.1280593676228115
0.538268359375	0.12486531948548499	0.000370087391527813	0.12825986417159854
0.5325770751953129	0.124808515370169	0.00035476695965450003	0.1284272165553249
0.5265451904296871	0.125200972294267	0.000415417625052977	0.1286020870833882
0.520268334960937	0.125399135182059	0.000426515836840162	0.12878123671857009
0.514648583984375	0.12594327480137799	0.000419526182331713	0.12893910393272054
0.5089154296875	0.125881380908059	0.000350749697403007	0.12909761060920233
0.502492700195313	0.126279354310822	0.000324691424329555	0.12927201997644835
0.49570048828125	0.126571279280417	0.00039896694206413704	0.12945268815508384
0.489435498046875	0.12642992263658898	0.000329630214251246	0.1296157557319483
0.48323205566406296	0.126717764030338	0.00034835705107212	0.12977370449179904
0.47808220214843794	0.127044536150427	0.000374716097626045	0.12990207094587697
0.472114013671875	0.127301484330387	0.000410826984259263	0.1300475924424675
0.466089697265625	0.127639350010987	0.000318468200103144	0.13019082170267446
0.45936193847656204	0.127640314152592	0.000255770384694052	0.13034625108343834
0.45286071777343795	0.127989835124808	0.00035661049032679104	0.1304917184811487
0.44677585449218793	0.128350907859836	0.000340686118257894	0.13062347724516807
0.440723486328125	0.128307804420222	0.000375749325573406	0.13075014099317422
0.43388623046875	0.128328291959599	0.000403075691258099	0.13088773205352738
0.427869970703125	0.12868251396327102	0.000356618500972934	0.1310037634599871
0.422119580078125	0.129058171779906	0.00039008556340590497	0.1311100646276821
0.41673986816406294	0.129159437916041	0.00033259318441336	0.1312052729103272
0.41050588378906294	0.12956742840031701	0.000376155554286337	0.13131025548500258
0.405506298828125	0.129619429612928	0.000354954542085406	0.13139013467028507
0.399164233398438	0.12958228597430801	0.000385387352924931	0.1314856923631385
0.393665075683594	0.129777135115821	0.00037755412084438696	0.13156310227586826
0.388545239257812	0.130009636047543	0.000354413779266618	0.13163042585534251
0.38168656005859397	0.13066458012729	0.000383811460135031	0.13171311300349908
0.374802783203125	0.130914700462169	0.000281536513204098	0.13178703044411988
0.369438293457031	0.130498405026945	0.00033616421704494	0.13183800673388113
0.364298315429687	0.130422196682472	0.000368499079548178	0.13188114387904348
0.35883157958984396	0.131222023735384	0.000339052257359931	0.13192062310193503
0.35205859375	0.13088557785560398	0.000334290423568055	0.13195993361815195
0.34645810546875	0.131298064623954	0.000328789787776211	0.13198399904296976
0.339929345703125	0.131249038156927	0.000300749463205991	0.13200187237927832
0.333570446777344	0.131583059134158	0.000336083401686947	0.1320081607158861
0.32709434814453103	0.13156534367998599	0.000351272574356488	0.13200261862319915
0.322011047363281	0.132090573127327	0.00033778717962675	0.13198935341351725
0.315871459960937	0.13208202792929902	0.000375183005520198	0.13196229193116324
0.309667663574219	0.131981206564951	0.000365960249352547	0.13192198801070124
0.30423271484375	0.13191171006916103	0.000349158489216318	0.13187534828704614
0.298914880371094	0.132545684158414	0.0003271318727675	0.1318188899525641
0.292645056152344	0.132414478641217	0.000296434149012226	0.13173777266773642
0.286631958007813	0.13238042717218199	0.000371731651147538	0.13164427522674133
0.279629907226562	0.132601304267664	0.000384048078179016	0.1315146908457577
0.27734212646484396	0.132543196512136	0.000352238956118203	0.13146725559990177
0.269531848144531	0.13250461964718802	0.000335209793483403	0.13128520531190155
0.262042443847656	0.132614640129332	0.000338927672693575	0.1310794564569204
0.255759094238281	0.132896108920645	0.000320066102626433	0.13088130825739483
0.249918774414062	0.132720035496152	0.000394517390891865	0.13067460325293423
0.244553002929687	0.13258825885739	0.000345642714912025	0.13046419663146755
0.239042028808594	0.132691284718755	0.00033091123870067	0.1302262367421513
0.23317291259765602	0.132541617406784	0.000320060756747008	0.1299467100146563
0.226055444335938	0.13262944479973499	0.00028901535610767503	0.1295686586472792
0.22016639404296898	0.132648078285342	0.000281029959386341	0.12922071519791067
0.21418519287109397	0.132798390724721	0.000254615472604916	0.1288318822178772
0.20818890380859398	0.132483907945933	0.000353016842789233	0.1284031570054896
0.20319254760742197	0.13234462137652098	0.000357917165864298	0.12801370457227354
0.197332183837891	0.132198524165479	0.000336609817663261	0.12751642688665898
0.191209582519531	0.132015158994105	0.000372127197092348	0.12694613335033186
0.184462487792969	0.131849114986579	0.000317205846692632	0.12625159708548794
0.178337030029297	0.131663242388226	0.00032011907189938597	0.12555480532257893
0.171564556884766	0.13154093883092602	0.00034303405492510904	0.1247028662035364
0.165851525878906	0.13122048507571799	0.00030419639117192803	0.12391040980233496
0.160346655273438	0.131032569880118	0.000364014580646842	0.12307610495230598
0.153952227783203	0.130781461671925	0.000325096000751955	0.12201043826548875
0.14735759887695302	0.130250719726553	0.000344151532464185	0.12079004670660502
0.140721716308594	0.13003034224618	0.00032719727617326605	0.11942180801645569
0.135099310302734	0.129431286997815	0.000333961140145553	0.11813876147318554
0.128974645996094	0.12892859078177601	0.00031225057732880296	0.11659589305010083
0.12252261352539098	0.12851438329551398	0.000315318295535288	0.11478634078298383
0.11563175659179699	0.127495049015984	0.000396517842520362	0.11261663400818321
0.109357202148438	0.127019774366674	0.000332827593783478	0.11039863493383721
0.10259549865722699	0.126115226563839	0.000369009366662024	0.10771358582510042
0.09771227111816409	0.12534262016002298	0.00032240788988157504	0.10556067554676833
0.0917572082519531	0.12415194592202601	0.000378740376599392	0.10266347217911968
0.0873914398193359	0.123703660001349	0.000314062527567423	0.10033074602966553
0.0818683868408203	0.12245406147771401	0.00037250586333524897	0.09710104286238203
0.0760074279785156	0.120783278533263	0.00036810641374626304	0.09330072822116074
0.0691484252929688	0.120039243019036	0.00036888744077372197	0.08831481259830408
0.06279432067871091	0.117903641799756	0.00032087207455075	0.08312739166396302
0.0579102478027344	0.116057008129286	0.000320147261494217	0.0787392356654164
0.052279147338867196	0.114477155890614	0.000259903170947121	0.07322235872642192
0.046269224548339795	0.11115001782974801	0.000337523006356575	0.06677233495112476
0.0398523162841797	0.109063364767176	0.000289398695456729	0.059231991975911905
0.0339456619262695	0.106308818567632	0.00035541341642541505	0.05169997518562576
0.027940756225585898	0.101581366770536	0.00035466085567740303	0.04348799929501014
0.0212889663696289	0.0960510037776182	0.000425993114138559	0.0337992991049072
0.014561993408203099	0.0914884997960419	0.00037065037384705995	0.023470674721419737
0.00938188209533691	0.08641215689193829	0.000393525463844717	0.0152417244102188
0.00278424654006958	0.0764564801757776	0.00041637921381711395	0.004546777909568004
-0.0029680134773254403	0.0683958116482833	0.000351267181915222	-0.004846543663958143
-0.00958990325927734	0.053150408484569894	0.000443389920349997	-0.01557572150247376
-0.0144718864440918	0.0411412625041163	0.000457617356845201	-0.023329312341907663
-0.0205645538330078	0.027291943221418	0.000500463215451744	-0.03271044301439156
-0.026840821838378902	0.00464817576872298	0.000426873442220114	-0.041926698349843194
-0.0330460922241211	-0.010949594324203	0.000458363962087767	-0.05050445897625747
-0.0396775756835937	-0.031654147063760206	0.00038254267196210096	-0.05901722510518219
-0.045707698059082	-0.043786369492687396	0.000412258272125825	-0.06613951149954152
-0.0524245849609375	-0.0601819150009011	0.000409696491123084	-0.07337118260309088
-0.058274868774414096	-0.0684619690078073	0.00032263768116300504	-0.07907934501186738
-0.0636809875488281	-0.0793271209138358	0.000352250340828815	-0.08388588684264853
-0.0694158935546875	-0.0850753661212225	0.000356920818705384	-0.08852081876234218
-0.0754964630126953	-0.0899493599648174	0.000304988676548094	-0.09294997919214948
-0.08143212890625	-0.0966099815919887	0.00032373496416646	-0.09683184451739481
-0.0886189514160156	-0.10129251027550899	0.00037320756989747	-0.10100549561089135
-0.09447622375488281	-0.104122980277779	0.000365728453568591	-0.10402528475022815
-0.100602996826172	-0.106922756682259	0.000277281162726031	-0.10685803517141115
-0.106097210693359	-0.109916273801984	0.000336996548178276	-0.10914471340662438
-0.112224182128906	-0.111884303218402	0.000358098900356807	-0.11144272750156359
-0.118563269042969	-0.114303222227696	0.000299362651333713	-0.11357168577965537
-0.12409021606445302	-0.11538770892788999	0.00028325501476236	-0.1152446519951527
-0.130127880859375	-0.11689456188827	0.000388657526920241	-0.11689878234797871
-0.13539880981445301	-0.118062966502246	0.000392070378864598	-0.11821019339657478
-0.14201572875976598	-0.11963882432244	0.000321536482835581	-0.119700494015132
-0.147970678710938	-0.12067497874376801	0.00037847208830918297	-0.12090909796276932
-0.153985083007813	-0.121558884520695	0.00034126906921593897	-0.12201619808629771
-0.159974890136719	-0.12265926919813701	0.00035250836930004196	-0.12301708728308931
-0.16638092651367198	-0.12361246391850099	0.000311241961186931	-0.12398687741813455
-0.172340502929687	-0.124298769842027	0.000288975968204476	-0.12480511501661842
-0.177830944824219	-0.12451402005833899	0.00029231011941983703	-0.12549421024581395
-0.182961187744141	-0.12498921426124199	0.000323392742660361	-0.12608690805439196
-0.190108306884766	-0.125899273447019	0.000256446658951108	-0.12683767712433977
-0.19534396362304698	-0.12625184071736198	0.00026689225023528103	-0.1273371455344393
-0.20118153686523402	-0.12656017045399098	0.000334428087843468	-0.12784815586223788
-0.207556689453125	-0.127075148801685	0.000304153621137669	-0.1283555474306673
-0.21251766357421897	-0.127051954526029	0.00027771677216706305	-0.12871670698814006
-0.21866175537109397	-0.127747329003521	0.00031085938704714404	-0.12912637556841652
-0.223900341796875	-0.12767561765719	0.00036622574576010197	-0.12944517248445828
-0.230149377441406	-0.128322026291446	0.000375261455047433	-0.12979154550544467
-0.236242211914062	-0.128247769642143	0.00030577605514307	-0.13009636689386705
-0.242338745117187	-0.128586275271102	0.000323751529970451	-0.1303713317557759
-0.24797220458984398	-0.129033524724473	0.000366949809582749	-0.13060061287468325
-0.25335911865234395	-0.128916052628153	0.000372750333137868	-0.13079908342976618
-0.260635949707031	-0.128822391681479	0.000356391289585125	-0.13103719477965461
-0.2669654296875	-0.128797215457827	0.000386645542044107	-0.1312182719507869
-0.272691955566406	-0.12942363435544801	0.000351769407747706	-0.1313627068166705
-0.27917054443359396	-0.128901339268502	0.000323757408170221	-0.13150537311331256
-0.284159497070313	-0.129055273968084	0.000351101139935482	-0.13160113928206713
-0.290149633789063	-0.129082976646687	0.00031668668619360703	-0.1317008939386722
-0.29689329833984396	-0.12934967334016398	0.000319177164650841	-0.13179449794765424
-0.303294494628906	-0.12919548005758302	0.000327359160848522	-0.13186618152240537
-0.309761157226562	-0.12903966132947	0.000352030984092404	-0.1319226959101588
-0.315560815429687	-0.129534959511447	0.000372692226912298	-0.1319605899304138
-0.321432397460937	-0.12919861990443202	0.000349421323761312	-0.1319873275407166
-0.32714365234375	-0.128962858258817	0.000270767409244766	-0.13200270813748607
-0.33277740478515605	-0.129380039634175	0.000338958205023601	-0.13200814371385233
-0.33928564453125	-0.12904406038348298	0.000292910668772701	-0.13200301867762557
-0.345619519042969	-0.128956421034533	0.00031938536261778497	-0.13198691968421275
-0.352300793457031	-0.12898343683559998	0.000334708357577254	-0.1319587173378003
-0.35979285888671897	-0.128858189445705	0.000278580945440012	-0.13191417188175128
-0.364952526855469	-0.12898720742192102	0.000293863732026971	-0.1318759719149354
-0.370306774902344	-0.128751413382733	0.000347409912519082	-0.13183015988854904
-0.376435522460937	-0.128601304825243	0.000275443643238683	-0.13177034689051942
-0.382830895996094	-0.128400809253171	0.00032512019826243303	-0.13169993103240202
-0.38942059326171896	-0.128336926938067	0.00030805151151014603	-0.13161924784289125
-0.395292028808594	-0.127983095646222	0.000324849831784768	-0.1315407408152918
-0.402178491210937	-0.128009124027739	0.00032821848456531904	-0.13144109707445417
-0.40794251708984397	-0.127702852642134	0.00031151415506679197	-0.13135170102958896
-0.41477883300781204	-0.127416774823918	0.000331990579382156	-0.13123892694891628
-0.421064624023438	-0.127141914874509	0.000323456562218429	-0.13112906321515555
-0.428182934570313	-0.12716021713921102	0.000336123223910861	-0.13099784724019684
-0.43505341796875	-0.12705235389452202	0.00033430631848528	-0.13086466794652427
-0.440927124023438	-0.12727588431297399	0.000327094982759587	-0.13074595239699568
-0.446798779296875	-0.12687028064910502	0.000368468117649177	-0.13062298903684075
-0.45414870605468705	-0.126602647289343	0.000398608944222271	-0.13046327809071873
-0.46060222167968706	-0.126271412773402	0.000354462489459145	-0.1303179650864015
-0.46608928222656204	-0.126120873489166	0.000339616600139502	-0.13019083144034407
-0.47230361328125	-0.126021160662154	0.000282369393689266	-0.13004302424743142
-0.478794482421875	-0.126030357811777	0.000352863544333843	-0.12988446880417798
-0.48424104003906293	-0.125846141308624	0.000311716009305178	-0.12974825820995456
-0.49144631347656204	-0.125539546162171	0.00042744832321013203	-0.1295637999030166
-0.4968033203125	-0.12543434129494901	0.00036468717688277203	-0.12942362386164155
-0.5031519287109371	-0.125174348647982	0.00045615559287942803	-0.12925427601814213
-0.509451928710937	-0.12514554084869	0.00033393350625542296	-0.12908288919932798
-0.5155760986328121	-0.12443298490847401	0.00040046994908907196	-0.12891321671143036
-0.5206824462890629	-0.124441029052151	0.000415975258213705	-0.1287695081732505
-0.5271513671875	-0.12400699952965001	0.000347446896719308	-0.12858463199569917
-0.5330218505859371	-0.123818150256088	0.000386940800885836	-0.12841421932846367
-0.5395421875	-0.12370536681061	0.000395194103786446	-0.12822210143702836
-0.545657397460937	-0.123360713650796	0.00035541099950254796	-0.12803929559998578
-0.552055419921875	-0.12318527939408899	0.000351363339004663	-0.1278454096562629
-0.558748828125	-0.12281231164258802	0.000319158757452891	-0.12763979714596288
-0.564777856445313	-0.12281933647624	0.00037316807048339695	-0.12745224646980374
-0.571134594726562	-0.122476457931961	0.000415720695285097	-0.127252172776323
-0.577563525390625	-0.12215462243867799	0.00037658418855104604	-0.12704747495729718
-0.5832509521484379	-0.12222472928723299	0.000379940388080875	-0.12686447741346113
-0.58885341796875	-0.121763356927129	0.000353397257782178	-0.12668251381276185
-0.5951182861328129	-0.12154073139552299	0.000429518967469228	-0.1264770969230312
-0.602139453125	-0.121285980421775	0.000360542326550585	-0.12624452544195816
-0.610036352539063	-0.121089569253044	0.000371732874757587	-0.12598007321043297
-0.615901000976563	-0.12074779019595501	0.000332079189447505	-0.12578177560800186
-0.6232896484375	-0.120781643262728	0.000374947019096484	-0.12552971900741805
-0.629629711914062	-0.12045278222820399	0.00036066893116159295	-0.12531151422581863
-0.6352285400390629	-0.12001163200240701	0.000479986249770301	-0.12511739107200914
-0.642384375	-0.119761783372863	0.000370980175034097	-0.12486738958102994
-0.6503896484375	-0.119418241523487	0.000416159583939491	-0.1245852737568644
-0.65720986328125	-0.11947820798221499	0.00040813122540999503	-0.12434295791730088
-0.6649820556640621	-0.118850356468144	0.000367659550491352	-0.12406469224659004
-0.669947290039063	-0.118386457506925	0.000322165708016193	-0.12388577187692529
-0.67522861328125	-0.118652556972464	0.000371527480302694	-0.12369450241239635
-0.68159541015625	-0.117872433987173	0.000447388503096484	-0.12346263907635899
-0.687705712890625	-0.11777192136715399	0.00037326443569183097	-0.12323883261257218
-0.69408251953125	-0.11734320297077701	0.000334593895666567	-0.12300396004539715
-0.699250927734375	-0.117423422588757	0.00039824680431148904	-0.12281264260213516
-0.704822436523437	-0.116757711614943	0.000430499824840192	-0.12260547125090321
-0.711317578125	-0.116709543436287	0.000329072148009326	-0.1223627637516829
-0.718831127929688	-0.116199917782037	0.000393025602183584	-0.12208044397820053
-0.7265800048828129	-0.116261907976935	0.000334575845602133	-0.12178758491004582
-0.7299532958984379	-0.116281460443851	0.000350828288082525	-0.12165957103102984
-0.7275267578125	-0.115900906630692	0.000423024574966659	-0.12175168807976207
-0.721179248046875	-0.11646226179413001	0.00041175368270608	-0.12199187920134583
-0.71510107421875	-0.116788091540158	0.000396185447398168	-0.12222080556685962
-0.70709970703125	-0.117323434550334	0.00042239211114908397	-0.12252051967275074
-0.69963681640625	-0.11712911157453	0.000344992437546985	-0.12279832462752627
-0.693132568359375	-0.117474575690119	0.00034517200903427797	-0.12303903200945573
-0.686785522460937	-0.11791525520029601	0.00040007349656823003	-0.12327261617348087
-0.6815564697265629	-0.118673689217133	0.000340534651537039	-0.12346406138008147
-0.674538842773437	-0.11862487507887601	0.00036270709046132103	-0.12371953860750165
-0.668084643554687	-0.118838181718963	0.000363785267610833	-0.12395299515072264
-0.661846923828125	-0.119068508398329	0.000369841679224913	-0.12417720643042458
-0.656469360351562	-0.11921232714931	0.000291544550564418	-0.12436935281744778
-0.6498343994140621	-0.119387366944867	0.000405313829177457	-0.12460492264299801
-0.644497143554687	-0.119862520201374	0.000399427410841156	-0.12479317943687215
-0.637012866210937	-0.120312169146632	0.000386075772965392	-0.12505524909656685
-0.630010693359375	-0.120051660840187	0.000459821895320974	-0.12529834685147936
-0.6229302490234371	-0.12103337970348099	0.00039337453396816503	-0.12554203588753363
-0.617410815429688	-0.12116728380478799	0.000333365132469264	-0.1257304693660017
-0.6115702880859379	-0.121386360572378	0.000341276687683446	-0.12592836133979285
-0.60535380859375	-0.12124510505088	0.000362164849409786	-0.12613724357425896
-0.59908232421875	-0.121554588164955	0.000359604929750228	-0.1263460917145382
-0.591964575195313	-0.12219536209658101	0.000285140953080067	-0.12658075513248854
-0.584734228515625	-0.121985382741188	0.000307687687716233	-0.12681646396265064
-0.578364038085938	-0.12259674311564	0.000356020658216761	-0.12702182484993402
-0.571504052734375	-0.12280059691052801	0.000421415235363233	-0.12724047249729462
-0.5664010986328121	-0.12274862686006101	0.000381017925732102	-0.1274013802904253
-0.5588107421875	-0.12301862625786898	0.00034030775776355696	-0.1276378822946631
-0.552182958984375	-0.12376880404679999	0.000389360511283914	-0.12784151803531846
-0.545452880859375	-0.12386300592157401	0.000322638141840216	-0.12804544947144672
-0.539715307617188	-0.12437434012116001	0.00037860226436004597	-0.1282169607585959
-0.532402294921875	-0.12412776162154399	0.000415572287860359	-0.12843232016534545
-0.525724755859375	-0.124325035666455	0.000345385428864944	-0.12862566904936473
-0.5202253173828121	-0.12503755973777098	0.00038369298838119	-0.1287824543273501
-0.51311171875	-0.125006640801657	0.00031645993236959	-0.12898185003014345
-0.5052681640625	-0.124919321867429	0.00034403575594729204	-0.12919706981235074
-0.49963630371093704	-0.12565595985770098	0.000356626773392766	-0.12934847969789737
-0.493498388671875	-0.125835046624449	0.000355964716223475	-0.12951040358605995
-0.48691062011718794	-0.126051239841574	0.000356611106113909	-0.1296804727620608
-0.479795751953125	-0.126570899022545	0.000348041002370806	-0.12985964177441256
-0.472548779296875	-0.126756750002189	0.000306263945205645	-0.13003711184832203
-0.465292797851562	-0.12629663673698902	0.000309408181335669	-0.13020948512830607
-0.459181103515625	-0.12695532523197	0.000318806661162761	-0.13035036111972106
-0.452688427734375	-0.127110401689166	0.000360953666931061	-0.13049550845555852
-0.44681181640625	-0.12775072642430801	0.00036903911968862597	-0.13062271136957987
-0.43943427734375	-0.127673169581288	0.00035446350801124	-0.1307765384179836
-0.43231706542968706	-0.127744288337409	0.00037715677590081703	-0.13091845892610948
-0.42494924316406296	-0.127965528168607	0.000367877724817628	-0.13105832975651385
-0.41957692871093705	-0.128101829038649	0.000347147980458772	-0.13115558457182974
-0.4133302734375	-0.128215810672687	0.00036466777219067604	-0.13126341770770245
-0.4067359375	-0.12823236633749102	0.00037245971837390496	-0.13137085350472955
-0.400098010253906	-0.128506524891833	0.000381123391297224	-0.13147203856799874
-0.39239271240234397	-0.128828098200573	0.00032181906490435	-0.13158026807345155
-0.387084936523438	-0.129090706445794	0.00034197095720677004	-0.1316487630618968
-0.37988466796875	-0.129021818121176	0.000352719764533139	-0.13173335976649705
-0.373129150390625	-0.12885869156357202	0.000331174303798374	-0.13180357153401276
-0.366262451171875	-0.129350129796115	0.00036615190783334696	-0.1318653344677219
-0.35964063720703104	-0.129219780360429	0.00036503620674456	-0.1319152075923416
-0.352658862304687	-0.129863316941008	0.000350427730127839	-0.13195689299073318
-0.346052954101562	-0.12939835124812302	0.00034655518101016505	-0.13198543270063853
-0.339530737304687	-0.129915213958801	0.000333574796181873	-0.13200259551719953
-0.332551000976562	-0.129962762164676	0.000378753354153443	-0.1320081055309515
-0.325705310058594	-0.129919008701155	0.00030807690177766904	-0.13199979118176997
-0.318445727539063	-0.130040827135929	0.00032252513552255297	-0.13197514899367216
-0.311086547851562	-0.130271455461104	0.000323058543672724	-0.13193239534374054
-0.304838439941406	-0.129916218995404	0.000309117237447674	-0.13188108922077474
-0.298969018554687	-0.12984524057834101	0.00029428352955300903	-0.13181952059635405
-0.291326391601562	-0.13023079796820902	0.000279361779460658	-0.13171861909083724
-0.284721496582031	-0.130575353751295	0.000358349475885494	-0.1316111910251062
-0.27809290771484396	-0.130417412918275	0.000319642972386342	-0.13148310761978568
-0.270969873046875	-0.130034844458885	0.00039737266730072304	-0.13132113554291386
-0.264498388671875	-0.130375625854363	0.000317558483473891	-0.1311504529486603
-0.25787452392578103	-0.129899349072245	0.000385361205560059	-0.1309507380541523
-0.252093530273438	-0.129906289790478	0.00033684300694884	-0.13075421012964408
-0.2456294921875	-0.13004473734719801	0.000352984551166489	-0.13050804752177902
-0.23909490966796898	-0.129869616044331	0.000335398632182122	-0.13022863011139763
-0.233349951171875	-0.12985397269074	0.000369046379314307	-0.12995555445973123
-0.22711407470703102	-0.129129168808158	0.00036504095619047897	-0.1296277418666496
-0.220732824707031	-0.129029380356662	0.00035677513836945997	-0.12925564244038804
-0.213841357421875	-0.128824520365377	0.000397127406992846	-0.12880838240891462
-0.207244287109375	-0.12863990150121501	0.000343672071648054	-0.12833184649821874
-0.20089550170898401	-0.128066968533666	0.00034464183254558897	-0.1278241842962619
-0.19439795532226598	-0.127871171617354	0.00037611817842041797	-0.12724987786790662
-0.187766009521484	-0.127731031009399	0.000348936652065263	-0.1266007454822632
-0.181480328369141	-0.12730758040763301	0.000354120898804359	-0.1259206532338077
-0.17515816040039098	-0.126179538391814	0.00029761374405190403	-0.12516613425138973
-0.166902447509766	-0.125990937411945	0.000343492713331289	-0.1240615847148604
-0.160258538818359	-0.12540241869480098	0.000352543792539081	-0.12306214807308388
-0.154518286132813	-0.124853052721025	0.000286899150518852	-0.12210924847969862
-0.148639855957031	-0.124112172510113	0.000351584641384956	-0.1210376904307879
-0.14129609375	-0.12307410122961801	0.00034324884277021103	-0.11954624664390534
-0.13416574096679698	-0.121696793138708	0.00031532263740583795	-0.11791377867581868
-0.126995172119141	-0.12038169040530701	0.000326316892150668	-0.11606189240177328
-0.119773413085938	-0.119047677019629	0.000351088706449888	-0.11395186312827812
-0.112637963867188	-0.117520452002797	0.00034860189682253397	-0.11158907633165585
-0.106793359375	-0.115833556871553	0.000350161943784767	-0.10941865526374234
-0.100425799560547	-0.11461319749707001	0.000308790430278863	-0.10678044740981806
-0.0932874938964844	-0.111449745008758	0.000338538268227929	-0.10343819672037056
-0.0870241119384766	-0.109704173569364	0.00032300594906538	-0.10012587831390372
-0.0801684661865234	-0.106838898748657	0.00031053788670349497	-0.09603995673671777
-0.0736757202148438	-0.104711862445708	0.00042875457779854	-0.09167368617434779
-0.0675228240966797	-0.100437703124278	0.000377042296773529	-0.08704173538692667
-0.059655526733398405	-0.09574785337281749	0.000362277699487587	-0.08034870805157264
-0.052437985229492196	-0.0898441047153776	0.000348327856269669	-0.07338487776715634
-0.0450551544189453	-0.0829304581994141	0.000341284741247601	-0.06539760207237197
-0.038282341003418	-0.0773688255711506	0.000301958829334243	-0.057284610814074696
-0.031397976684570304	-0.067831081739773	0.000345049270981618	-0.0482818980640256
-0.0249312843322754	-0.0551789570851264	0.000356526116325127	-0.03917661963088087
-0.018082234954834	-0.0456927195716168	0.00039404605305223405	-0.028934301981348054
-0.00984399566650391	-0.022615493388092302	0.000398747492632945	-0.015983340896952778
-0.00295382061004639	-0.00297132128750781	0.000398132649755027	-0.004823394081052567
0.00355583467483521	0.0110024156799724	0.000438707790344732	0.0058049672561435745
0.010406011962890599	0.0315164503572218	0.00041962596777382204	0.016883526917845566
0.018048373413085902	0.0499893660818937	0.000394500083865399	0.02888233009058266
0.0250370559692383	0.06514683962885559	0.000350465911193355	0.03933023460391544
0.0317797943115234	0.0734334325305862	0.000349596014043606	0.048800474313261386
0.0374815063476562	0.0846725519878078	0.00038649843882679303	0.0562759089930659
0.0451539093017578	0.09279360894677309	0.000346992254327036	0.06551033111831431
0.051814981079101596	0.0994644499978003	0.000341446189515721	0.07274510852078964
0.0583827392578125	0.10298898533152201	0.000319469985805418	0.07917957149716105
0.0643214660644531	0.106155059230376	0.000307854666001013	0.0844266583110885
0.06999921875	0.110436423518707	0.000318676018009286	0.08896674731281626
0.07823070068359379	0.113454984039921	0.00031281619798117	0.09478988916315356
0.0852004150390625	0.116105650757685	0.00026790530286151796	0.09908821016594493
0.0913310821533203	0.11794822487932	0.00031630661091351696	0.10244386927178518
0.0992940612792969	0.120235288053933	0.000277584873197231	0.10627899201433245
0.106022796630859	0.12198927020365899	0.000283598361523002	0.10911522791871206
0.11365360717773401	0.12332429075394599	0.00024380439896677002	0.11194378212219015
0.11948179321289099	0.124523623477441	0.000349834013024761	0.11386098137603938
0.12485840454101599	0.125444871083623	0.00024035821355013597	0.11546475278265962
0.13219740600585903	0.126395347845302	0.000321434635950562	0.11742766165513668
0.140362707519531	0.127144570712458	0.000322285171733277	0.11934342487253281
0.148565930175781	0.12840028086198402	0.000369693178661396	0.12102355330708023
0.156313488769531	0.128370020426232	0.000339279973725962	0.12241673011666888
0.161564880371094	0.12925997069866502	0.000354151352976829	0.1232670680160068
0.167411212158203	0.12966075873246	0.000309700743331489	0.12413387493126987
0.17455664672851598	0.129681682847943	0.000353983067126448	0.12509039385831766
0.180637384033203	0.130280712622785	0.00039193211168741604	0.1258242926496172
0.1867619140625	0.130655268910683	0.00030507881156121696	0.1264965104747314
0.19290881958007802	0.130633892761427	0.000311762256681719	0.12710988344583374
0.199155212402344	0.131241543334794	0.000339232112378409	0.12767601126246048
0.206741284179687	0.13083423775421602	0.000345347262962529	0.12829344021804012
0.213743237304687	0.131203976423878	0.000329641750271333	0.12880165272175856
0.21960677490234398	0.131549635045629	0.000371604571671427	0.12918589373102263
0.226682299804687	0.13186588569221	0.000364182298042246	0.12960376790228034
0.232671044921875	0.13167919599895	0.00034459862330940203	0.12992149450497847
0.239162329101562	0.131739359541583	0.00040621391528662296	0.13023167833055335
0.245761791992187	0.131926324252115	0.00031038073880929696	0.13051337904873397
0.252902709960938	0.131504907697277	0.000328910758252264	0.1307830226246548
0.260398364257813	0.131685198892857	0.000302432564818508	0.1310299388710268
0.266999255371094	0.131635524054568	0.000330608481174379	0.13121917790544577
0.272751293945313	0.131568065753725	0.000286287467905724	0.1313641112967746
0.27871954345703104	0.131844451228504	0.000325640127072007	0.13149612441254116
0.285610534667969	0.13182497954842498	0.000420323587510318	0.13162679450423131
0.292472497558594	0.131579794952176	0.000327559542112522	0.13173530853532994
0.29969671630859396	0.131363346950853	0.000331293985634804	0.13182788415411958
0.30656429443359395	0.13136352305232402	0.000344569294434743	0.13189669206412102
0.3125931640625	0.13147145609847	0.00037888730003748	0.1319426659617724
0.318684375	0.131273295120662	0.000408398183023618	0.13197622927823197
0.324951208496094	0.131228607235292	0.000334720349541465	0.13199800732850006
0.33116552734375	0.131200032388029	0.000303423648360454	0.13200754704797543
0.33852548828125	0.130871490320259	0.000345542921914316	0.13200422665970063
0.345677526855469	0.130655263310963	0.000372584021181345	0.1319867234849519
0.351568811035156	0.13060659155274099	0.000302602843909756	0.13196234938581933
0.35858876953125	0.13042589792005702	0.000385357165693021	0.13192221895544828
0.364835424804687	0.130183052389985	0.000283035580502735	0.13187690459447293
0.371681188964844	0.13043156673238998	0.000375332715329052	0.1318174187063029
0.378835534667969	0.129536981586651	0.000310638428396627	0.13174485796995283
0.38508433837890604	0.130011971262135	0.000329777001373209	0.13167324755862322
0.391093969726562	0.129423978352222	0.000311296945196521	0.13159749512317687
0.39757900390625	0.129130583808482	0.000312124478848787	0.13150853653479294
0.404217126464844	0.129445868206813	0.000308912630114566	0.13141008971285453
0.41181745605468706	0.128935857885116	0.00030688160434612003	0.1312886566211746
0.41909675292968707	0.129082162934534	0.00032864474875670503	0.1311640767042448
0.424967822265625	0.128371923998674	0.00031669711950152397	0.13105798637346483
0.43208688964843794	0.128211671021936	0.000388050740206024	0.1309229389128034
0.43908505859375	0.128194694776961	0.000396390412878299	0.13078365304096745
0.44598937988281206	0.128315970534114	0.00039712675300132604	0.13064018795111493
0.45211865234375	0.12772105457989502	0.000406041803903263	0.13050801785320656
0.459763037109375	0.127609147581967	0.000376701266458814	0.130337122040875
0.466609033203125	0.12735955582358802	0.000335822111595432	0.13017862281917691
0.47159755859375	0.127128331428576	0.00036468101006964504	0.1300600173777078
0.477731982421875	0.12722059950676398	0.000273991605439547	0.12991070757042003
0.4842482421875	0.12641758104359802	0.000391658743940733	0.1297480762296496
0.48999255371093703	0.12666264375906702	0.00035703107344390504	0.1296013990499452
0.49739560546875	0.12633941831401	0.00039950066575467904	0.12940797094805764
0.50311005859375	0.125749745841211	0.000342024575061669	0.12925540408785027
0.5093701171875	0.125878268022215	0.000371282245710541	0.12908513559021295
0.5165026611328121	0.125523880784332	0.000357456826008379	0.12888728924540227
0.524047192382812	0.125329732871317	0.000341938496000084	0.12867373370947935
0.530461962890625	0.125074107442508	0.000395162878158734	0.12848883270106606
0.53683720703125	0.12475398683202901	0.000388026089458271	0.12830215843399448
0.5433617919921879	0.12475060351412899	0.000396531073445862	0.12810821177039286
0.550123681640625	0.12448187367082202	0.00037159343268821797	0.1279042266639786
0.556830786132812	0.123579747971833	0.000371525945459288	0.12769900108205928
0.563940502929687	0.123256872147997	0.00037896687795383404	0.12747842503254667
0.5705484375	0.12344719192746399	0.000380932219732251	0.12727071961877573
0.5765353515625	0.122840751657285	0.000366295530220663	0.12708036776311288
0.582143212890625	0.122982938925921	0.00031512183188428	0.12690025771794186
0.5887975341796879	0.122456687443657	0.000400905503646596	0.12668433704415533
0.594508642578125	0.121953497126469	0.00047525767652713296	0.12649717455661047
0.60104169921875	0.121984594434838	0.000348728027986271	0.1262810487434627
0.607185009765625	0.12215348637800101	0.000372985249288825	0.1260759031331913
0.613558081054687	0.121592803555619	0.000397983195261758	0.12586118605448768
0.6195646484375	0.121603218970398	0.00034621734930517605	0.1256570996637917
0.6265671142578121	0.121166792527121	0.00038785280821579	0.12541713667951607
0.632249975585938	0.12088777091547301	0.000397428978123923	0.12522082869227197
0.638663842773437	0.120735121794332	0.000339461213701355	0.12499763424622
0.645377294921875	0.120625770787429	0.000380852851677151	0.12476221192149661
0.651373950195313	0.120051165235383	0.000445618898181712	0.1245504124161689
0.657395458984375	0.119815823454532	0.000341419191629812	0.1243363392099627
0.664381005859375	0.119731156715189	0.00038710388830875	0.1240862905983724
0.672249731445313	0.11910094388808301	0.000385032228219475	0.12380250642146029
0.681039013671875	0.11883282695919	0.000389406004114075	0.12348295667161856
0.686892846679688	0.11846130169280099	0.00039464323871472797	0.12326867734177557
0.69373427734375	0.118034534816381	0.000382908916917596	0.12301682040822481
0.70047265625	0.11795920166482199	0.000362368744116008	0.1227672958250774
0.707509033203125	0.11765811429404001	0.000392093096779602	0.12250523349426383
0.7138626953125	0.11725183693272999	0.000360961945530449	0.1222673162746345
0.720735498046875	0.117201759659005	0.000420937381734157	0.12200862831460596
0.72652822265625	0.116641110375508	0.000451663369236063	0.12178954755337831
0.729973828125	0.116677137338456	0.000399252938495458	0.1216587908889035
0.7271468994140621	0.11608398553968201	0.00037580675090073597	0.12176609367535568
0.720978515625	0.117038951871889	0.000382136612606439	0.12199945643623619
0.713742138671875	0.117170859440438	0.000395660956674528	0.12227184171222771
0.707035693359375	0.117842216859689	0.00038571539509481	0.1225229097898962
0.7009049560546871	0.117988699898386	0.000321055838779724	0.12275123909326283
0.694923486328125	0.11805500343528401	0.000367411075068293	0.12297288774357423
0.688800708007812	0.11822456950063699	0.00040801880305158303	0.12319859517483231
0.682197509765625	0.118434985955422	0.000377764212091581	0.12344064082591553
0.6753676025390629	0.118842102809557	0.00040976057212304496	0.12368945560478742
0.66824306640625	0.11909511175516001	0.00039568271528142	0.12394728245108383
0.662909106445313	0.119847976148253	0.000401090145777966	0.12413912685605924
0.657399829101562	0.119852667490382	0.00040453598209312604	0.124336183347419
0.6507737060546871	0.119512143871188	0.00037042959914606905	0.12457167591854591
0.644961352539063	0.12030795657636599	0.000429458474846991	0.12477685040241154
0.6374275390625	0.120497952221779	0.000371674609854212	0.1250407886148639
0.628944482421875	0.120830984180021	0.000341603931894019	0.12533518132593097
0.62285810546875	0.121053244877959	0.000442475789710641	0.12554450761353808
0.616490502929688	0.121536719478122	0.00037997371486540296	0.1257617555954493
0.6092701171875	0.121741511514917	0.00031529694147576997	0.12600586312235945
0.602230883789063	0.121842381005879	0.000338734507755367	0.12624148079884334
0.595782153320312	0.12241988865356601	0.000354513801900016	0.12645521214079875
0.589399365234375	0.122861942998173	0.000405775916744509	0.126664693489963
0.5825608642578121	0.12292210146523501	0.000426492216490502	0.12688677522297076
0.575555981445313	0.12343385173050399	0.00039644733833847797	0.12711164457991828
0.569308642578125	0.123000409425643	0.00040073312065162	0.12730988343251376
0.563590234375	0.12363751319218101	0.00038454684295259	0.12748936328397092
0.556849853515625	0.12400885168273901	0.00037254737180968605	0.12769841364586032
0.55125419921875	0.12409064263807401	0.000367871561166129	0.12786983383325
0.545775756835937	0.12456801316479901	0.000345501491637695	0.12803573293146098
0.539476586914063	0.125017044486044	0.000370614753688378	0.12822404886826153
0.533259204101562	0.12501439527952002	0.00038799874560049803	0.12840727768252927
0.526021704101562	0.125157116268869	0.000322540073687889	0.1286171394788712
0.518515869140625	0.12535679177279802	0.00039427398391723696	0.12883072632079204
0.5122800537109371	0.12573906951597302	0.000323046753150378	0.12900490419416943
0.5063115966796871	0.126154055780693	0.00035717920699363697	0.12916872714196614
0.4993322265625	0.126445033111035	0.00038836317128351	0.12935657833924596
0.49258388671875	0.126622990476919	0.000336163696435034	0.1295342459346222
0.4860732421875	0.12677413299298498	0.00041619396663393596	0.1297018066570827
0.47922922363281206	0.126995795824439	0.000392307928891928	0.1298737010818981
0.47148425292968704	0.12715547241363698	0.00042556373862159597	0.13006273967489412
0.465964306640625	0.127516713049858	0.00041254722082012003	0.1301937627992766
0.460151513671875	0.127164936356785	0.000295750444599825	0.13032826345320042
0.45302770996093705	0.127620753684921	0.000378025539277543	0.13048804179501472
0.444988671875	0.127909680861673	0.000358913452450222	0.13066134308464064
0.43874836425781205	0.12838758767956598	0.000418773086399488	0.13079049796246275
0.43325114746093707	0.12845287549435902	0.000339304832522339	0.13090020695082982
0.4268765625	0.12851360399651302	0.000312742889612516	0.1310224542365009
0.41912263183593707	0.12875800281493702	0.000295140901536805	0.13116361987407577
0.41236208496093707	0.129711266775807	0.000310942052781049	0.13127961041371058
0.405889099121094	0.129195692743019	0.000352918733002331	0.1313841580400749
0.399776220703125	0.130050303740272	0.00034487406811473	0.13147676025475885
0.393554956054687	0.129673415514953	0.00039132162252976903	0.13156459915199373
0.388031030273438	0.130147103055115	0.000377639618056466	0.13163692727886944
0.381912451171875	0.130118837879276	0.000337965098919284	0.13171053070923427
0.375936291503906	0.13049004438619	0.000367457315637058	0.13177550497244284
0.368571228027344	0.130788030840954	0.000401651314441648	0.13184568169649843
0.363064733886719	0.130632355323581	0.00036103268837842995	0.1318906389679587
0.356670617675781	0.13072396159016	0.000320004904739626	0.13193434443486335
0.350068896484375	0.131116640862778	0.000402113544242181	0.1319693802963056
0.34281754150390603	0.131317753973539	0.000329254434456161	0.13199535381630803
0.33607943115234395	0.130860770196788	0.00032058442976591	0.13200703072946693
0.328722265625	0.131223203877683	0.000312436184817442	0.1320051847498323
0.323598669433594	0.131420215366307	0.00031052289063470003	0.13199436438122084
0.316855603027344	0.13192671473635	0.00035958097013341704	0.1319674689190263
0.310368481445313	0.131317775748922	0.000320921190238396	0.1319272181382821
0.303881848144531	0.132167229200641	0.000272332218112093	0.1318719593644514
0.296758520507812	0.13225957497606303	0.00031558116255694	0.13179281292181647
0.28988515625	0.132287261996844	0.00026677307914245804	0.13169682727388085
0.282528869628906	0.13230134963923298	0.000393345366716232	0.1315711406813164
0.275879113769531	0.132445107612328	0.00032418844916235	0.13143555417646668
0.26878641357421895	0.13219644441692	0.00032161557588543605	0.13126613811033605
0.26063623046875	0.13232934791330803	0.000368906402255849	0.13103720333405475
0.253518957519531	0.132714036363536	0.000363999398929735	0.13080467577086838
0.2477638671875	0.13255144711485198	0.00028385848172451	0.13059253803953047
0.24054302978515602	0.132400571230097	0.000306266117031827	0.13029332925712261
0.23531427001953104	0.132370302612919	0.000360215037088635	0.13005193759895167
0.22829007568359397	0.132342872662877	0.000358186393418953	0.129692181835468
0.221307238769531	0.13222041045764898	0.00034856830258300596	0.1292907376698943
0.215056127929687	0.132438576885362	0.000345280669284468	0.12889083588923703
0.20794381103515602	0.132408502192265	0.000318020308110824	0.12838475615724507
0.201453497314453	0.131813988291129	0.000307403359839985	0.12787084892185233
0.19632163696289098	0.132180449673949	0.000385081627834003	0.12742599652216294
0.189326794433594	0.131511941965009	0.000332761381815631	0.12675957977824898
0.182691906738281	0.131614092330224	0.000297732552448447	0.12605696009365802
0.176719470214844	0.131198629357549	0.000279673150658965	0.1253594400853077
0.170941064453125	0.131157912758889	0.000313312436440782	0.12461980049371182
0.16472931518554698	0.13097847915804298	0.000276735899888267	0.1237461851651991
0.157088751220703	0.130420733257178	0.0003477792649663	0.12254680115497905
0.150709979248047	0.12988180345126898	0.000342039521875585	0.12142674172578759
0.14445873413085902	0.129800471056848	0.000348649857771019	0.12021066571277438
0.138605706787109	0.12932041462660798	0.00034481148975824404	0.11895299839111524
0.13197683715820302	0.12883052514266902	0.000362318683009125	0.1173721735574874
0.125209515380859	0.127786160135615	0.000300195789571412	0.11556438653468137
0.118345776367188	0.12761647769424297	0.00032785580431115197	0.11350250226310322
0.11185164184570301	0.126455569064898	0.000318846406267449	0.11131004369430787
0.10510845336914099	0.125265908125587	0.000347749821373313	0.10874970031458973
0.0981090423583984	0.124109740316683	0.000303208480468665	0.10574279586073104
0.0918607818603516	0.12331459362320901	0.000315439198916317	0.10271659150467691
0.0859835906982422	0.12232019445084098	0.000309724879620895	0.09953805625171586
0.0793753753662109	0.121134879376392	0.00034527050775223295	0.09553361829358181
0.0732279754638672	0.11906648758831301	0.000359559397803626	0.09135340946798032
0.0658656341552734	0.11771079221255	0.000299541306012344	0.08570616285798541
0.0587455688476563	0.115572376327927	0.000343389024771359	0.07951537840326366
0.0520037322998047	0.112972734425901	0.000341881021604189	0.07293959886429427
0.0465068817138672	0.110456528018223	0.000370648220005801	0.06703860692235833
0.040514173889160204	0.106677357860823	0.00033267760313492696	0.06004094399020767
0.0333925033569336	0.104332451575878	0.000360424670988184	0.050966318164501076
0.026776336669921897	0.0991907061244699	0.000328060318226284	0.041834640475155775
0.019639501953125	0.0934606178836691	0.000343127099459978	0.0313112101391051
0.013637825012207	0.0882897817438666	0.000306570441693724	0.02201752624403999
0.007892613220214839	0.0793145534152662	0.00038605619079175297	0.012843531445996714
-3.8059432990848997e-06	0.0687295655531112	0.000382527068517348	-6.2183757001766944e-06
