#Data reduced with Dominiques SARed v. 1.0
#wavelength: 5.1386
#q/A-1 	 Icorr/a.u. 	 sIcorr /a.u. 	Ispec/a.u. 	 sIspec/a.u. 	 Ibg/a.u. 	 sIbg/a.u. 	 2th/°
0.0	0.00143188093305	0.00014094684928	0.00175876806567	0.000104905947993	0.000326887132621	9.41315908588e-05	0.0
0.000384135926536	0.00495862490105	0.000362322354107	0.00618549919481	0.000196655565312	0.00122687429376	0.000304309179811	0.018
0.000768271843595	0.00666118794413	0.000539830006355	0.0086548449573	0.000232470797563	0.00199365701317	0.000487210184665	0.036
0.0011524077417	0.00553596719139	0.000505387411398	0.00741020957381	0.000214842381169	0.00187424238241	0.000457448561976	0.054
0.00153654361136	0.0056147405991	0.000358876170161	0.00681749127719	0.000205511150252	0.00120275067809	0.00029420617368	0.072
0.00192067944312	0.00981847520667	0.000299561746704	0.0104759678842	0.000254077046197	0.000657492677499	0.0001586886722	0.09
0.00230481522748	0.0193314437822	0.000358841038781	0.0197062721457	0.000348061560319	0.000374828363524	8.72928481685e-05	0.108
0.00268895095498	0.0322418344009	0.000450530252964	0.03250536882	0.000446649934722	0.000263534419101	5.90029206759e-05	0.126
0.00307308661613	0.0446239656798	0.000527326576225	0.0448753996131	0.000524279803549	0.000251433933254	5.66039361132e-05	0.144
0.00345722220145	0.0542952020939	0.000580716458725	0.0545763533429	0.000577493986758	0.00028115124905	6.10925584045e-05	0.162
0.00384135770147	0.0613699291587	0.000617337507281	0.0617135135018	0.000613240920104	0.000343584343154	7.10012098946e-05	0.18
0.0042254931067	0.0670323943278	0.000644732581586	0.0674272886155	0.000640086410739	0.00039489428761	7.72624653117e-05	0.198
0.00460962840768	0.0726743368482	0.000670713588331	0.0731085041071	0.00066565811917	0.000434167258893	8.21948049131e-05	0.216
0.00499376359492	0.0790309776599	0.000698753324408	0.0794973838778	0.000693284620893	0.000466406217838	8.72504601999e-05	0.234
0.00537789865894	0.085540759071	0.000727978917771	0.0860874641961	0.000720492371632	0.00054670512501	0.00010413475471	0.252
0.00576203359027	0.0917887575318	0.000757526977724	0.0924642988379	0.000745667264994	0.00067554130614	0.000133519481331	0.27
0.00614616837943	0.0976415669064	0.000783045025774	0.0984011033286	0.00076809720801	0.000759536422233	0.000152270126542	0.288
0.00653030301693	0.103263201604	0.00080297731273	0.104014986704	0.000788488931043	0.000751785099579	0.000151847852741	0.306
0.00691443749331	0.108864902581	0.000820107335581	0.109554819751	0.000808071205121	0.000689917169504	0.000139989175755	0.324
0.00729857179908	0.114344830453	0.000836767754724	0.114990951688	0.000826833535086	0.000646121234796	0.000128555749012	0.342
0.00768270592476	0.119601527973	0.000852277129513	0.120188939413	0.000844242333807	0.000587411439297	0.000116752675768	0.36
0.00806683986089	0.124309615684	0.000866305968568	0.124874061717	0.000859366807809	0.000564446032544	0.000109429067494	0.378
0.00845097359797	0.127806375628	0.000876775892827	0.128374162327	0.0008700939004	0.000567786699041	0.000108039672012	0.396
0.00883510712653	0.131056648691	0.000885782833405	0.131607080458	0.00087976114419	0.00055043176659	0.000103109442482	0.414
0.00921924043709	0.132771784356	0.000889803891737	0.133303690574	0.00088430120841	0.000531906217824	9.88045472441e-05	0.432
0.00960337352018	0.129700430084	0.000877711784461	0.130182963451	0.000872921755057	0.000482533366606	9.15728460298e-05	0.45
0.00998750636631	0.117591524058	0.000835216927188	0.118065375624	0.000830474915703	0.000473851566713	8.88747987322e-05	0.468
0.010371638966	0.0944491411305	0.000749512824606	0.0949383189187	0.000744031922335	0.000489177788179	9.0476365946e-05	0.486
0.0107557713098	0.0674792755497	0.000634682413053	0.0679404423422	0.000628827142944	0.000461166792529	8.60127300773e-05	0.504
0.0111399033882	0.0454309637081	0.000521915791252	0.0458552306124	0.000515996591615	0.00042426690438	7.83811877927e-05	0.522
0.0115240351917	0.0308382328105	0.000431930692549	0.0312489937578	0.000425319388864	0.000410760947342	7.52830699623e-05	0.54
0.0119081667109	0.021565242989	0.000364884946454	0.021979229566	0.000356155155918	0.000413986577018	7.93380681748e-05	0.558
0.0122922979363	0.0151474514176	0.000308747698356	0.0155427921125	0.000299065590439	0.000395340694926	7.67131921867e-05	0.576
0.0126764288584	0.0102559203643	0.000257011216216	0.010620062298	0.00024687466397	0.000364141933741	7.14679337201e-05	0.594
0.0130605594677	0.00649259573458	0.000207559593966	0.00681781430233	0.000197562761228	0.000325218567746	6.36391422272e-05	0.612
0.0134446897547	0.00377863966751	0.000162401222552	0.00406636922344	0.000152374158503	0.00028772955593	5.61807165039e-05	0.63
0.01382881971	0.00222300824518	0.000129944281304	0.00249317071186	0.000119136213084	0.000270162466679	5.18852481488e-05	0.648
0.0142129493241	0.00146000458223	0.000108694052864	0.00170046440344	9.82116666164e-05	0.000240459821212	4.65710818894e-05	0.666
0.0145970785875	0.00126950204883	9.98456680261e-05	0.00147687018548	9.13059972588e-05	0.000207368136645	4.0402627243e-05	0.684
0.0149812074907	0.00156671716421	0.000106213404836	0.00175823640173	9.94341844843e-05	0.000191519237514	3.73380546189e-05	0.702
0.0153653360243	0.00208968106201	0.000116554527803	0.00225216938756	0.000112379913832	0.000162488325547	3.09146068806e-05	0.72
0.0157494641788	0.00275134132187	0.000129723517098	0.00288525586087	0.000127044688928	0.000133914539002	2.62266639756e-05	0.738
0.0161335919446	0.00350292891842	0.000144142389483	0.00362155098262	0.000142178249262	0.000118622064196	2.3714423516e-05	0.756
0.0165177193124	0.00425657270562	0.000157061359398	0.00435836841556	0.000155796093866	0.000101795709937	1.98959230008e-05	0.774
0.0169018462726	0.0048481989239	0.000166819717959	0.0049433606095	0.000165699730291	9.51616855961e-05	1.92981263736e-05	0.792
0.0172859728158	0.00525119986756	0.00017282629269	0.00533962503135	0.000171861964598	8.8425163788e-05	1.82316364951e-05	0.81
0.0176700989325	0.00543578965666	0.000175051637605	0.0055193297177	0.000174135036454	8.35400610396e-05	1.78903579411e-05	0.828
0.0180542246132	0.00547105154836	0.000174383008722	0.00554889170937	0.000173594632896	7.78401610029e-05	1.65631265341e-05	0.846
0.0184383498484	0.005273039305	0.00016991564224	0.00535269164287	0.000169091917165	7.96523378749e-05	1.6710745863e-05	0.864
0.0188224746286	0.00478091331517	0.000160900545602	0.00487083884846	0.000159762904505	8.99255332893e-05	1.9099736101e-05	0.882
0.0192065989445	0.00425835423379	0.000150881066688	0.00434176785763	0.000149680162578	8.34136238364e-05	1.89985582474e-05	0.9
0.0195907227864	0.00372598503269	0.000140746544511	0.00381000757781	0.000139457615428	8.40225451182e-05	1.90042966444e-05	0.918
0.0199748461449	0.00312982086698	0.000129206251058	0.00321580370817	0.000127634024083	8.59828411901e-05	2.00950543322e-05	0.936
0.0203589690106	0.00235230287961	0.000112234283544	0.00242972101117	0.000110702833669	7.7418131557e-05	1.84774733211e-05	0.954
0.020743091374	0.00179606588512	9.80898969066e-05	0.00186566793846	9.68357624001e-05	6.96020533409e-05	1.56353124538e-05	0.972
0.0211272132255	0.00140769744355	8.75474756412e-05	0.0014791194945	8.61000774301e-05	7.14220509483e-05	1.58536165484e-05	0.99
0.0215113345557	0.000961145758469	7.38326433973e-05	0.00103709101593	7.20076650065e-05	7.59452574645e-05	1.63142701752e-05	1.008
0.0218954553552	0.000756250856109	6.57514884776e-05	0.000823238365508	6.40667262843e-05	6.69875093992e-05	1.47889424986e-05	1.026
0.0222795756144	0.000685160212929	6.24978921083e-05	0.000746961591533	6.09395065284e-05	6.18013786035e-05	1.38695011464e-05	1.044
0.0226636953239	0.000693538768474	6.25771465645e-05	0.000753672435957	6.11301597417e-05	6.01336674831e-05	1.33791943745e-05	1.062
0.0230478144742	0.000780271774321	6.58653559059e-05	0.00083839287084	6.44019838522e-05	5.81210965195e-05	1.38068672954e-05	1.08
0.0234319330558	0.000974019221536	7.22515233326e-05	0.0010273064977	7.12016459722e-05	5.32872761689e-05	1.22722546715e-05	1.098
0.0238160510593	0.00121900003792	7.98882761346e-05	0.00126668870255	7.8959066514e-05	4.76886646375e-05	1.21491760623e-05	1.116
0.0242001684751	0.00139327741018	8.50198684832e-05	0.00144206436945	8.41350863644e-05	4.87869592717e-05	1.22337761692e-05	1.134
0.0245842852938	0.00160553192147	9.05122455573e-05	0.00164910255482	8.98515810789e-05	4.35706333498e-05	1.09160420232e-05	1.152
0.0249684015059	0.00188687732437	9.74754729745e-05	0.00192618307141	9.69584562128e-05	3.93057470448e-05	1.002624558e-05	1.17
0.0253525171019	0.00206078498619	0.000101777036944	0.00210293743966	0.000101156364679	4.21524534645e-05	1.12229734915e-05	1.188
0.0257366320724	0.00214510714932	0.000103609543619	0.00218645039081	0.000103000862348	4.13432414907e-05	1.12142714671e-05	1.206
0.0261207464079	0.00216454532577	0.000103964543725	0.00220729687018	0.000103352206218	4.27515444018e-05	1.12671124043e-05	1.224
0.0265048600988	0.00207450316421	0.000101877849011	0.00212211148009	0.000101224763902	4.76083158858e-05	1.15170869635e-05	1.242
0.0268889731358	0.00204051022196	0.0001010412897	0.00209151308627	0.000100392811332	5.10028643093e-05	1.14291581981e-05	1.26
0.0272730855093	0.00192962072146	9.86215199186e-05	0.00198482227886	9.77047302163e-05	5.52015574063e-05	1.34160308742e-05	1.278
0.0276571972099	0.00178080269332	9.45795266836e-05	0.00182976459372	9.37303829284e-05	4.89619004052e-05	1.26452435246e-05	1.296
0.028041308228	0.00172373243481	9.23580934122e-05	0.00176079652529	9.18624322116e-05	3.70640904778e-05	9.55567720832e-06	1.314
0.0284254185543	0.00154692278576	8.70618997355e-05	0.0015737001929	8.67600853594e-05	2.67774071427e-05	7.24306385289e-06	1.332
0.0288095281792	0.00128544155815	7.93133994945e-05	0.00130983082968	7.90578506966e-05	2.43892715292e-05	6.36172795779e-06	1.35
0.0291936370933	0.00101398287111	7.12972760594e-05	0.00104977829863	7.06712276821e-05	3.57954275199e-05	9.42757399314e-06	1.368
0.029577745287	0.000824362454148	6.47179337195e-05	0.000863649013338	6.40201394075e-05	3.92865591903e-05	9.4780111398e-06	1.386
0.0299618527509	0.000722184783366	6.06590195561e-05	0.000758657395746	5.99149017074e-05	3.64726123797e-05	9.47212789742e-06	1.404
0.0303459594756	0.000591828047803	5.53589831675e-05	0.000626901174586	5.43892661818e-05	3.50731267829e-05	1.03162367916e-05	1.422
0.0307300654515	0.000506779236777	5.16791655993e-05	0.00054759826802	5.07711504518e-05	4.08190312429e-05	9.64502145387e-06	1.44
0.0311141706692	0.000520089584246	5.26236618426e-05	0.000566773186392	5.15845416405e-05	4.66836021461e-05	1.04060006466e-05	1.458
0.0314982751191	0.000581629880161	5.4678558626e-05	0.000620218583392	5.38797647585e-05	3.85887032317e-05	9.31212773669e-06	1.476
0.0318823787919	0.000659897933964	5.72313465947e-05	0.00068813958562	5.66845162296e-05	2.82416516563e-05	7.89256947074e-06	1.494
0.032266481678	0.000727242443576	5.95170370174e-05	0.000751256004991	5.91541805321e-05	2.40135614154e-05	6.56205919664e-06	1.512
0.0326505837679	0.000798892374104	6.21408506632e-05	0.000822479656467	6.18322090198e-05	2.35872823626e-05	6.1857294535e-06	1.53
0.0330346850522	0.000863896122665	6.49476532329e-05	0.00089406872951	6.44171304674e-05	3.01726068447e-05	8.28438065276e-06	1.548
0.0334187855215	0.000950036330155	6.80738461387e-05	0.000983883322689	6.75318002596e-05	3.38469925341e-05	8.57347547982e-06	1.566
0.0338028851661	0.00110446733719	7.27152165701e-05	0.00113238282186	7.23884035167e-05	2.79154846704e-05	6.88634570257e-06	1.584
0.0341869839767	0.00119755344782	7.572958346e-05	0.00122931259898	7.53508737097e-05	3.17591511646e-05	7.56410220808e-06	1.602
0.0345710819438	0.00120630807114	7.59829652982e-05	0.00123908419764	7.55760169899e-05	3.27761264978e-05	7.85344965253e-06	1.62
0.0349551790579	0.00119466809822	7.5293333256e-05	0.0012219836595	7.49682056349e-05	2.73155612836e-05	6.98957628745e-06	1.638
0.0353392753095	0.00116988774872	7.46073239145e-05	0.00119954007342	7.41969405389e-05	2.96523246981e-05	7.81452470394e-06	1.656
0.0357233706891	0.00110918854365	7.31430279724e-05	0.00114575250427	7.24400923986e-05	3.65639606174e-05	1.01161037093e-05	1.674
0.0361074651873	0.00104451934536	7.10470744585e-05	0.00108064944821	7.02733965219e-05	3.61301028479e-05	1.04564109709e-05	1.692
0.0364915587945	0.00105848005048	7.08465919081e-05	0.00108731056729	7.04184709875e-05	2.88305168169e-05	7.77679424771e-06	1.71
0.0368756515014	0.00102300434218	6.93829505528e-05	0.0010469781566	6.90442408434e-05	2.39738144234e-05	6.84738152629e-06	1.728
0.0372597432984	0.000865014658009	6.39681534841e-05	0.000889069186038	6.3557158751e-05	2.40545280288e-05	7.23962924908e-06	1.746
0.0376438341761	0.000729081438953	5.8910920367e-05	0.000754740966385	5.84706148397e-05	2.56595274314e-05	7.18914033511e-06	1.764
0.0380279241249	0.000632381418957	5.51809758828e-05	0.00066132605044	5.46466488588e-05	2.89446314825e-05	7.66053966038e-06	1.782
0.0384120131354	0.000546794560869	5.18040007082e-05	0.000580982107412	5.11425968168e-05	3.41875465437e-05	8.25162288354e-06	1.8
0.0387961011982	0.000488384334334	4.96424234219e-05	0.000529368208833	4.87555524753e-05	4.09838744984e-05	9.34164364718e-06	1.818
0.0391801883037	0.000432561653105	4.6794058542e-05	0.000471499216239	4.59557196779e-05	3.89375631342e-05	8.81792173465e-06	1.836
0.0395642744424	0.000464376524032	4.8379011801e-05	0.000503315339304	4.74305319753e-05	3.89388152719e-05	9.53275507839e-06	1.854
0.039948359605	0.000516175145913	5.04775711243e-05	0.000550933150242	4.95786475119e-05	3.47580043297e-05	9.4838229374e-06	1.872
0.0403324437819	0.000476132181548	4.74712156724e-05	0.000497127783667	4.70331347203e-05	2.09956021195e-05	6.43432636699e-06	1.89
0.0407165269636	0.000464415144639	4.64197750003e-05	0.000480556682747	4.61778789372e-05	1.61415381085e-05	4.73275901977e-06	1.908
0.0411006091406	0.000499281737946	4.8076949183e-05	0.00051593679198	4.77885752569e-05	1.66550540337e-05	5.25786246144e-06	1.926
0.0414846903036	0.000540371895047	5.02762542274e-05	0.00056097563597	4.97701617025e-05	2.06037409226e-05	7.11566885408e-06	1.944
0.0418687704429	0.000560782682839	5.11814948743e-05	0.000582507747212	5.06731166363e-05	2.17250643728e-05	7.19587853826e-06	1.962
0.0422528495492	0.000560007931234	5.08851363171e-05	0.000581406266054	5.058618111e-05	2.13983348206e-05	5.50775623255e-06	1.98
0.0426369276129	0.000611272795974	5.29765837908e-05	0.000631675033801	5.26648825664e-05	2.04022378262e-05	5.73834247863e-06	1.998
0.0430210046247	0.000693178146361	5.61463252758e-05	0.000712619869317	5.58847108575e-05	1.94417229551e-05	5.41377265387e-06	2.016
0.0434050805749	0.000684395263717	5.57553008356e-05	0.000703729965865	5.5477798699e-05	1.9334702148e-05	5.55584582129e-06	2.034
0.0437891554541	0.000670670264568	5.48376544058e-05	0.000685023149041	5.46694270867e-05	1.4352884473e-05	4.29209537912e-06	2.052
0.0441732292529	0.000664655038434	5.46749320825e-05	0.000682446979674	5.45031572758e-05	1.77919412397e-05	4.33059409181e-06	2.07
0.0445573019617	0.000622816183083	5.33395786984e-05	0.000647010294792	5.29999002312e-05	2.41941117092e-05	6.01009410888e-06	2.088
0.0449413735712	0.000667862332088	5.47637200423e-05	0.000687133159694	5.45445768235e-05	1.92708276057e-05	4.8942999517e-06	2.106
0.0453254440717	0.000677947212536	5.51283768447e-05	0.000696959977337	5.48569942653e-05	1.90127648006e-05	5.46334272278e-06	2.124
0.0457095134539	0.000598867316016	5.1726566377e-05	0.000615287212624	5.14883992579e-05	1.6419896608e-05	4.95806524872e-06	2.142
0.0460935817083	0.000504987372236	4.75600882635e-05	0.000520435569909	4.73109973453e-05	1.5448197672e-05	4.86122678279e-06	2.16
0.0464776488253	0.000464630632593	4.61266430057e-05	0.000486445117325	4.56933619464e-05	2.18144847314e-05	6.30744552201e-06	2.178
0.0468617147956	0.000452764503546	4.56740489468e-05	0.000477742826774	4.52410501284e-05	2.4978323228e-05	6.27424341848e-06	2.196
0.0472457796096	0.000431055582757	4.45724411664e-05	0.000455400414573	4.41300660167e-05	2.43448318156e-05	6.264166736e-06	2.214
0.0476298432578	0.000425308884665	4.39622479338e-05	0.000445739039393	4.36104560088e-05	2.04301547281e-05	5.55043873048e-06	2.232
0.0480139057309	0.000422722170866	4.35889749706e-05	0.000440086576237	4.3272420842e-05	1.73644053715e-05	5.24369463834e-06	2.25
0.0483979670192	0.000414799345953	4.30918024925e-05	0.000430948406265	4.27652245496e-05	1.61490603126e-05	5.29518755822e-06	2.268
0.0487820271134	0.000353271467578	4.01175894362e-05	0.000373351632627	3.97501220014e-05	2.00801650489e-05	5.4174517111e-06	2.286
0.0491660860039	0.000343176614811	3.97476663253e-05	0.000365753887432	3.92932423906e-05	2.25772726204e-05	5.99316950671e-06	2.304
0.0495501436813	0.000402107197465	4.23263309868e-05	0.000419565503615	4.20385110754e-05	1.74583061494e-05	4.92766490038e-06	2.322
0.049934200136	0.000414052201627	4.29200002272e-05	0.000432903930232	4.26607975395e-05	1.88517286049e-05	4.70985910616e-06	2.34
0.0503182553588	0.000396557374557	4.27714700213e-05	0.000423519146345	4.21589130762e-05	2.69617717884e-05	7.21281470808e-06	2.358
0.0507023093399	0.000417363199977	4.38483111257e-05	0.000446699568711	4.32625689496e-05	2.93363687336e-05	7.14314471798e-06	2.376
0.05108636207	0.000441021408997	4.44775980985e-05	0.000463797763947	4.40409080859e-05	2.27763549497e-05	6.21732640078e-06	2.394
0.0514704135397	0.000461067022586	4.50724585611e-05	0.000480604490659	4.47784034279e-05	1.95374680733e-05	5.14014661174e-06	2.412
0.0518544637393	0.000479617347339	4.59098973959e-05	0.000499297160445	4.55933877108e-05	1.96798131051e-05	5.38160533258e-06	2.43
0.0522385126595	0.000478219879375	4.61472242609e-05	0.000502599741629	4.57053019536e-05	2.4379862254e-05	6.37116004422e-06	2.448
0.0526225602907	0.000500393300606	4.77074582718e-05	0.000533781645571	4.7052543248e-05	3.33883449654e-05	7.87780100348e-06	2.466
0.0530066066236	0.000535526994233	4.87228245681e-05	0.000563138318864	4.8274917535e-05	2.76113246319e-05	6.59135576991e-06	2.484
0.0533906516485	0.000507157200221	4.68623471118e-05	0.000525463314791	4.65768308919e-05	1.83061145695e-05	5.165113832e-06	2.502
0.0537746953561	0.000465894456324	4.49809888939e-05	0.000484691323764	4.4690156106e-05	1.87968674404e-05	5.10679048903e-06	2.52
0.0541587377369	0.000494538625554	4.63793072552e-05	0.00051608594155	4.60708915843e-05	2.15473159963e-05	5.33976498547e-06	2.538
0.0545427787813	0.000467859185723	4.50139684239e-05	0.000487809321283	4.47383552373e-05	1.99501355598e-05	4.97362281693e-06	2.556
0.05492681848	0.000416970223602	4.21619156211e-05	0.000431040844458	4.20015782364e-05	1.4070620856e-05	3.67349350008e-06	2.574
0.0553108568234	0.000414277128409	4.18053696094e-05	0.000425100862974	4.166575811e-05	1.08237345643e-05	3.41372659939e-06	2.592
0.055694893802	0.000403729830858	4.14342791981e-05	0.00041772074284	4.12573094732e-05	1.3990911982e-05	3.82542908683e-06	2.61
0.0560789294064	0.000381316940848	4.07610197344e-05	0.000400983339066	4.03917936031e-05	1.96663982177e-05	5.47391444117e-06	2.628
0.0564629636272	0.000347546914529	3.89940251368e-05	0.000367561787805	3.86414185796e-05	2.00148732759e-05	5.23209007192e-06	2.646
0.0568469964547	0.000338625296925	3.86670680219e-05	0.000357135094648	3.80536938644e-05	1.85097977225e-05	6.85992220676e-06	2.664
0.0572310278797	0.000335523426828	3.8189568224e-05	0.000352845323988	3.77898685507e-05	1.732189716e-05	5.51080357629e-06	2.682
0.0576150578925	0.000351356495582	3.92224908739e-05	0.000371717817724	3.87548665542e-05	2.03613221428e-05	6.03855187298e-06	2.7
0.0579990864837	0.000351223877925	3.91659308009e-05	0.000370760695231	3.86683782275e-05	1.95368173054e-05	6.22307486343e-06	2.718
0.0583831136438	0.000316395099417	3.70462504803e-05	0.000334248810201	3.66783522762e-05	1.78537107838e-05	5.20798895482e-06	2.736
0.0587671393634	0.000309822444214	3.66225868833e-05	0.000328104194506	3.62965536082e-05	1.82817502918e-05	4.87586568632e-06	2.754
0.059151163633	0.000302379872061	3.58872089704e-05	0.000317753817634	3.56693977337e-05	1.53739455736e-05	3.94788968931e-06	2.772
0.0595351864431	0.000310436050391	3.6523590599e-05	0.000327857845505	3.61849475723e-05	1.74217951144e-05	4.96208015176e-06	2.79
0.0599192077842	0.000350663081261	3.85474515657e-05	0.000366375082095	3.82185294507e-05	1.57120008343e-05	5.02494067998e-06	2.808
0.0603032276469	0.00037111210009	3.95969948951e-05	0.000388561894948	3.93302314767e-05	1.74497948589e-05	4.58856150754e-06	2.826
0.0606872460216	0.000369370688663	3.9721125712e-05	0.000390186862608	3.93762104324e-05	2.08161739455e-05	5.22320589369e-06	2.844
0.0610712628989	0.000331632246476	3.75417741786e-05	0.000349686865209	3.72409203441e-05	1.8054618733e-05	4.74327528181e-06	2.862
0.0614552782694	0.000310797011242	3.66306891253e-05	0.000330992860322	3.62078421048e-05	2.01958490808e-05	5.54973475994e-06	2.88
0.0618392921235	0.000330567814881	3.75769104264e-05	0.000350475482418	3.72246517379e-05	1.99076675367e-05	5.13317642245e-06	2.898
0.0622233044518	0.000333895272242	3.7630422768e-05	0.000352232059895	3.72705318725e-05	1.83367876536e-05	5.19193332436e-06	2.916
0.0626073152448	0.000334980923287	3.76429652919e-05	0.000353412516329	3.72873603003e-05	1.84315930425e-05	5.16193740756e-06	2.934
0.0629913244931	0.000367023982546	3.91018041883e-05	0.000384259442244	3.88401862033e-05	1.72354596976e-05	4.51564242085e-06	2.952
0.063375332187	0.000398730541443	4.05309057787e-05	0.000414797112799	4.03143098009e-05	1.60665713556e-05	4.1845846296e-06	2.97
0.0637593383173	0.000392275964016	4.04057445599e-05	0.000410564191615	4.00571735325e-05	1.82882275991e-05	5.29594581081e-06	2.988
0.0641433428743	0.00033506265163	3.77264572155e-05	0.000354045588003	3.71490687393e-05	1.89829363733e-05	6.57512477719e-06	3.006
0.0645273458487	0.000275539199761	3.41487181702e-05	0.000291965024644	3.37096637542e-05	1.64258248827e-05	5.45834427716e-06	3.024
0.0649113472309	0.000285718658287	3.48463910564e-05	0.000305051009384	3.44351379077e-05	1.93323510968e-05	5.33781293524e-06	3.042
0.0652953470116	0.000311312612793	3.62059144535e-05	0.00033002668073	3.57857164471e-05	1.87140679369e-05	5.50006725238e-06	3.06
0.0656793451811	0.000288559454789	3.4729891842e-05	0.000305588852358	3.44102458777e-05	1.7029397569e-05	4.70110263631e-06	3.078
0.06606334173	0.000291090837172	3.42296099021e-05	0.00030084713119	3.41120087656e-05	9.75629401822e-06	2.83496949306e-06	3.096
0.0664473366489	0.000312126769204	3.50945694648e-05	0.000317622077808	3.50083262642e-05	5.49530860396e-06	2.45884080404e-06	3.114
0.0668313299283	0.000258940926307	3.27423670776e-05	0.000273292861371	3.24374230618e-05	1.43519350637e-05	4.45827174513e-06	3.132
0.0672153215586	0.000219310240282	3.04997324235e-05	0.000237368433317	3.0189852365e-05	1.80581930342e-05	4.33664525679e-06	3.15
0.0675993115305	0.000244340802085	3.19477003399e-05	0.000261137640067	3.16376837906e-05	1.67968379816e-05	4.43987853169e-06	3.168
0.0679832998345	0.000245830874191	3.24420314136e-05	0.000265412743763	3.18726019113e-05	1.95818695724e-05	6.05166503094e-06	3.186
0.068367286461	0.000223498084968	3.12334301581e-05	0.000244484254136	3.05484415018e-05	2.09861691675e-05	6.50537326019e-06	3.204
0.0687512714007	0.000257711877292	3.29686362076e-05	0.000277282910871	3.24922555165e-05	1.95710335788e-05	5.58429089812e-06	3.222
0.0691352546439	0.000282505039246	3.40054453639e-05	0.000297881277401	3.36509860005e-05	1.53762381554e-05	4.89708643967e-06	3.24
0.0695192361813	0.000261787360476	3.23245967521e-05	0.000272661062281	3.2159289016e-05	1.08737018052e-05	3.26491732978e-06	3.258
0.0699032160034	0.000240062725533	3.09335225082e-05	0.000250413160974	3.07871325935e-05	1.03504354407e-05	3.00587448783e-06	3.276
0.0702871941008	0.000232681866313	3.09633268554e-05	0.000247856007638	3.05984005357e-05	1.51741413252e-05	4.73977790772e-06	3.294
0.0706711704638	0.00025373720299	3.21011589602e-05	0.000268223901606	3.17929401609e-05	1.44866986164e-05	4.4377204188e-06	3.312
0.0710551450831	0.000263861256446	3.24868331409e-05	0.00027711837356	3.22832978702e-05	1.32571171138e-05	3.63084096941e-06	3.33
0.0714391179492	0.00027168426766	3.34681003145e-05	0.000292103096386	3.31195624721e-05	2.04188287258e-05	4.81750145976e-06	3.348
0.0718230890526	0.000275506171533	3.32731667773e-05	0.000291363820487	3.3053600525e-05	1.58576489541e-05	3.81616557856e-06	3.366
0.0722070583838	0.000246862849514	3.10866744493e-05	0.00025594246914	3.09566602753e-05	9.07961962559e-06	2.84016072012e-06	3.384
0.0725910259334	0.000227440575383	3.0182540833e-05	0.000240249186896	2.99648264878e-05	1.28086115129e-05	3.61869378247e-06	3.402
0.0729749916919	0.000235528063985	3.09828537222e-05	0.000252287366113	3.06768927207e-05	1.6759302128e-05	4.34344077585e-06	3.42
0.0733589556498	0.000249340004365	3.14943875726e-05	0.000262990879486	3.12912775499e-05	1.36508751217e-05	3.57104996721e-06	3.438
0.0737429177977	0.000268889873182	3.25732153154e-05	0.000281309198089	3.23238006097e-05	1.24193249074e-05	4.02321639079e-06	3.456
0.074126878126	0.000246626305691	3.14735403952e-05	0.000261284160013	3.11189670623e-05	1.46578543219e-05	4.71101199157e-06	3.474
0.0745108366253	0.000223936861071	2.97858560429e-05	0.000236616503689	2.9582217368e-05	1.26796426178e-05	3.47701535823e-06	3.492
0.0748947932861	0.000219764534274	2.96749655785e-05	0.000234604570407	2.94159000963e-05	1.48400361324e-05	3.91259550827e-06	3.51
0.0752787480989	0.000211893007713	2.94076826212e-05	0.000229247312354	2.90445365805e-05	1.73543046411e-05	4.60724342493e-06	3.528
0.0756627010544	0.000250313663068	3.16196398605e-05	0.000266593500896	3.12909895517e-05	1.62798378282e-05	4.54704275093e-06	3.546
0.0760466521429	0.000251376508104	3.14959431521e-05	0.00026551774866	3.12046408297e-05	1.41412405566e-05	4.27373674109e-06	3.564
0.0764306013551	0.000221819643697	2.96231369327e-05	0.000234759232839	2.93223709151e-05	1.29395891417e-05	4.2105588286e-06	3.582
0.0768145486814	0.000226140799091	2.97405470893e-05	0.00023817058693	2.95115653936e-05	1.20297878387e-05	3.68342899936e-06	3.6
0.0771984941124	0.000207674264084	2.85032317283e-05	0.000219459502361	2.83037155192e-05	1.17852382775e-05	3.36658681187e-06	3.618
0.0775824376385	0.000200463290217	2.82299259961e-05	0.000214738337395	2.79684550494e-05	1.42750471773e-05	3.83330717453e-06	3.636
0.0779663792505	0.000218006125694	2.96180486798e-05	0.00023590766674	2.92861701253e-05	1.79015410455e-05	4.42143042386e-06	3.654
0.0783503189386	0.000210086617332	2.95769653699e-05	0.000231981206887	2.9015878781e-05	2.18945895548e-05	5.73372994281e-06	3.672
0.0787342566936	0.000186106854726	2.7700697666e-05	0.000202714054806	2.70972525962e-05	1.66072000801e-05	5.75043936765e-06	3.69
0.0791181925059	0.000161779147295	2.51512849141e-05	0.000172211545866	2.49566268899e-05	1.04323985708e-05	3.12312457434e-06	3.708
0.079502126366	0.000160945004421	2.50340825319e-05	0.000171042883106	2.48396642746e-05	1.00978786852e-05	3.11389899347e-06	3.726
0.0798860582644	0.000168944885551	2.57118675397e-05	0.000179988724091	2.54507602351e-05	1.10438385391e-05	3.65498780211e-06	3.744
0.0802699881918	0.000182270702792	2.67275500158e-05	0.000194549357378	2.64328809946e-05	1.22786545863e-05	3.95786965101e-06	3.762
0.0806539161386	0.000183657210608	2.7063629264e-05	0.000198769858677	2.66858661606e-05	1.51126480683e-05	4.50605994184e-06	3.78
0.0810378420953	0.000162990565604	2.55307858365e-05	0.000177868174151	2.52168837197e-05	1.48776085465e-05	3.99121546566e-06	3.798
0.0814217660525	0.000168643965709	2.55621202998e-05	0.000180004066856	2.53460602101e-05	1.13601011471e-05	3.3165081109e-06	3.816
0.0818056880007	0.000170111113967	2.53757348325e-05	0.000178457911539	2.52155155494e-05	8.34679757228e-06	2.84705002943e-06	3.834
0.0821896079304	0.000152473266828	2.38874717224e-05	0.000158797547485	2.3758436599e-05	6.3242806568e-06	2.47951520688e-06	3.852
0.0825735258322	0.000146197801902	2.3978184239e-05	0.000157925267376	2.36676357427e-05	1.1727465474e-05	3.84660080456e-06	3.87
0.0829574416965	0.000163505874055	2.57120240687e-05	0.000179293824337	2.52010021036e-05	1.57879502822e-05	5.10075236454e-06	3.888
0.083341355514	0.0001677926347	2.58586312709e-05	0.000183669951832	2.54834478772e-05	1.5877317132e-05	4.38892874102e-06	3.906
0.0837252672751	0.000161254828969	2.51651362477e-05	0.000174729514193	2.48314662891e-05	1.34746852234e-05	4.0844050115e-06	3.924
0.0841091769703	0.000150650528591	2.45178701787e-05	0.000165384415711	2.41404471731e-05	1.47338871205e-05	4.28541344384e-06	3.942
0.0844930845902	0.000125061808469	2.32728074934e-05	0.000145208846263	2.25990281082e-05	2.01470377939e-05	5.55945115907e-06	3.96
0.0848769901254	0.000129357378167	2.3410817777e-05	0.000148331311061	2.28278790483e-05	1.89739328941e-05	5.19175568966e-06	3.978
0.0852608935663	0.000143823820787	2.36851193817e-05	0.000156351750616	2.34164344616e-05	1.25279298288e-05	3.55745375713e-06	3.996
0.0856447949035	0.000121978672815	2.19030879514e-05	0.000133806340297	2.1638146463e-05	1.18276674822e-05	3.39645100802e-06	4.014
0.0860286941275	0.000101019904828	2.01492752682e-05	0.00011314142912	1.9877484288e-05	1.2121524292e-05	3.29831960433e-06	4.032
0.0864125912288	0.000114947845372	2.07670898631e-05	0.000122298325973	2.06415004124e-05	7.35048060135e-06	2.28045655686e-06	4.05
0.0867964861979	0.000123569803182	2.14585946201e-05	0.000130600727654	2.13086637932e-05	7.0309244721e-06	2.53221847733e-06	4.068
0.0871803790254	0.000121081258229	2.19383954871e-05	0.000134502029345	2.16021427065e-05	1.34207711161e-05	3.82630723223e-06	4.086
0.0875642697019	0.000115389522039	2.2000975767e-05	0.000133346632338	2.14841876608e-05	1.79571102994e-05	4.74052900581e-06	4.104
0.0879481582178	9.06088598969e-05	1.92365272642e-05	0.000103528216045	1.89161735344e-05	1.29193561479e-05	3.49604919933e-06	4.122
0.0883320445636	7.99751087774e-05	1.78690679123e-05	8.96294217127e-05	1.75926487859e-05	9.65431293533e-06	3.1308619823e-06	4.14
0.08871592873	9.62635468955e-05	1.93070732056e-05	0.000106029057235	1.91179847341e-05	9.76551033933e-06	2.69550282415e-06	4.158
0.0890998107073	9.76496619188e-05	1.94550523427e-05	0.000107078241687	1.9197585265e-05	9.42857976829e-06	3.1546444569e-06	4.176
0.0894836904863	9.49573774943e-05	1.93912926563e-05	0.000105126779819	1.90116247661e-05	1.01694023251e-05	3.818423056e-06	4.194
0.0898675680573	9.35722473987e-05	1.90062657153e-05	0.000102759917305	1.87808744745e-05	9.18766990667e-06	2.91837119232e-06	4.212
0.0902514434109	8.71547681438e-05	1.81335661259e-05	9.43804042958e-05	1.79795780574e-05	7.22563615202e-06	2.35817584548e-06	4.23
0.0906353165376	8.83694426607e-05	1.80326817941e-05	9.40997714087e-05	1.79287830843e-05	5.73032874808e-06	1.93296399395e-06	4.248
0.091019187428	9.07134264012e-05	1.82237331571e-05	9.60344721274e-05	1.80946536668e-05	5.32104572611e-06	2.165169476e-06	4.266
0.0914030560726	8.00760542893e-05	1.79278726675e-05	9.10837558241e-05	1.75991875028e-05	1.10077015349e-05	3.41719440822e-06	4.284
0.0917869224619	6.885468263e-05	1.73335664757e-05	8.40141710392e-05	1.68830080521e-05	1.51594884093e-05	3.9263934951e-06	4.302
0.0921707865865	7.7093737281e-05	1.76154217734e-05	8.85923741459e-05	1.73233289812e-05	1.14986368649e-05	3.19458248639e-06	4.32
0.0925546484368	8.22702154481e-05	1.85348891035e-05	9.71305000178e-05	1.81307222177e-05	1.48602845697e-05	3.8495487973e-06	4.338
0.0929385080035	7.45383053045e-05	1.82032229734e-05	9.20812772034e-05	1.7637603175e-05	1.75429718989e-05	4.50247497087e-06	4.356
0.0933223652769	6.44539211979e-05	1.67074574354e-05	7.82388091577e-05	1.62420992711e-05	1.37848879598e-05	3.91578156012e-06	4.374
0.0937062202478	5.27883392044e-05	1.54953132746e-05	6.6260902109e-05	1.4940393697e-05	1.34725629046e-05	4.10966782791e-06	4.392
0.0940900729065	6.17162969829e-05	1.613750261e-05	7.36978934158e-05	1.57456669131e-05	1.19815964328e-05	3.53453871834e-06	4.41
0.0944739232437	7.59880648845e-05	1.74729800026e-05	8.75386567882e-05	1.71495780785e-05	1.15505919037e-05	3.34619214946e-06	4.428
0.0948577712498	6.95763326421e-05	1.65227222006e-05	7.92654666119e-05	1.63064018711e-05	9.68913396972e-06	2.66488403838e-06	4.446
0.0952416169154	5.36811871974e-05	1.4763493123e-05	6.31269818142e-05	1.45391646654e-05	9.44579461688e-06	2.56386817647e-06	4.464
0.095625460231	4.7907308124e-05	1.4847755318e-05	6.11780139339e-05	1.43013455281e-05	1.32707058099e-05	3.99090892763e-06	4.482
0.0960093011871	5.77543465968e-05	1.55562376692e-05	6.88426159844e-05	1.51546643471e-05	1.10882693876e-05	3.51179141593e-06	4.5
0.0963931397743	7.88005675211e-05	1.7259477491e-05	8.73428646937e-05	1.70506530086e-05	8.54229717257e-06	2.67671351497e-06	4.518
0.0967769759831	7.54563378015e-05	1.72053090679e-05	8.56288346778e-05	1.6872564561e-05	1.01724968763e-05	3.36737661382e-06	4.536
0.097160809804	5.38693113361e-05	1.52746149859e-05	6.59613508228e-05	1.4803401019e-05	1.20920394867e-05	3.76472857429e-06	4.554
0.0975446412275	4.53714266078e-05	1.40127540033e-05	5.58884143232e-05	1.36207778978e-05	1.05169877154e-05	3.29115241479e-06	4.572
0.0979284702443	4.52283517069e-05	1.40632989393e-05	5.62876465287e-05	1.36517683396e-05	1.10592948219e-05	3.3772175319e-06	4.59
0.0983122968447	5.8254455606e-05	1.57756010404e-05	7.14345816937e-05	1.53628600849e-05	1.31801260876e-05	3.58498510431e-06	4.608
0.0986961210194	6.02622838639e-05	1.58007265213e-05	7.26322684124e-05	1.54815043932e-05	1.23699845485e-05	3.16006017758e-06	4.626
0.0990799427589	5.33108594692e-05	1.49066118203e-05	6.43535592284e-05	1.45633552834e-05	1.10426997591e-05	3.18052807717e-06	4.644
0.0994637620537	4.896330152e-05	1.44386903677e-05	5.9888941888e-05	1.40377770846e-05	1.09256403681e-05	3.37884507784e-06	4.662
0.0998475788943	4.58476054747e-05	1.41287144215e-05	5.73210394061e-05	1.37170707646e-05	1.14734339314e-05	3.38563743515e-06	4.68
0.100231393271	4.95591748313e-05	1.4476968113e-05	6.01266286976e-05	1.40356545757e-05	1.05674538663e-05	3.54725335693e-06	4.698
0.100615205175	4.22558777823e-05	1.32660129188e-05	5.1369762747e-05	1.29618779253e-05	9.11388496475e-06	2.82432636406e-06	4.716
0.100999014596	3.13152428629e-05	1.18727418937e-05	4.06549449632e-05	1.15232310245e-05	9.33970210033e-06	2.85957109216e-06	4.734
0.101382821526	4.4627141857e-05	1.42751007847e-05	5.79387921649e-05	1.37427084129e-05	1.33116503079e-05	3.86218434212e-06	4.752
0.101766625953	5.77295485949e-05	1.60802606973e-05	7.36470770497e-05	1.54786302539e-05	1.59175284547e-05	4.35738333811e-06	4.77
0.10215042787	4.60596254142e-05	1.40878896523e-05	5.77492007856e-05	1.36947413071e-05	1.16895753714e-05	3.30495013377e-06	4.788
0.102534227266	3.82837836618e-05	1.23750456748e-05	4.5594424123e-05	1.21567564113e-05	7.3106404612e-06	2.31409356089e-06	4.806
0.102918024133	4.11352908432e-05	1.29187655864e-05	4.97882767814e-05	1.26886402718e-05	8.65298593816e-06	2.42753214785e-06	4.824
0.103301818459	4.10946156773e-05	1.36240511294e-05	5.30117767617e-05	1.30846453508e-05	1.19171610844e-05	3.79563238737e-06	4.842
0.103685610237	3.77887499118e-05	1.2934770842e-05	4.84321776565e-05	1.25002432679e-05	1.06434277446e-05	3.32448717544e-06	4.86
0.104069399457	3.70701913105e-05	1.23641864315e-05	4.52292162277e-05	1.20704102996e-05	8.15902491711e-06	2.67923521032e-06	4.878
0.104453186109	4.27036789606e-05	1.2892730238e-05	5.00690407785e-05	1.26838336443e-05	7.36536181791e-06	2.31146210745e-06	4.896
0.104836970184	4.80868476574e-05	1.41590742414e-05	5.90783244347e-05	1.37680787802e-05	1.09914767773e-05	3.30445004115e-06	4.914
0.105220751672	4.85368467052e-05	1.46039821665e-05	6.15468234046e-05	1.40421948745e-05	1.30099766993e-05	4.01161541339e-06	4.932
0.105604530563	4.06722015206e-05	1.2777322436e-05	4.88246321672e-05	1.24913758072e-05	8.15243064667e-06	2.68802884637e-06	4.95
0.105988306849	4.10400442237e-05	1.24724856491e-05	4.69365445595e-05	1.22417895404e-05	5.89650033581e-06	2.38777869858e-06	4.968
0.10637208052	4.05094311418e-05	1.29094397111e-05	4.93290127118e-05	1.2543661161e-05	8.81958157005e-06	3.05126176071e-06	4.986
0.106755851566	4.65831755219e-05	1.39750835872e-05	5.74644334545e-05	1.35227284211e-05	1.08812579326e-05	3.52686508387e-06	5.004
0.107139619978	4.74535455656e-05	1.34851878357e-05	5.5487105588e-05	1.3274294381e-05	8.03356002237e-06	2.37558406491e-06	5.022
0.107523385747	3.89615985324e-05	1.21959223076e-05	4.54087454388e-05	1.20084039874e-05	6.44714690645e-06	2.13043530954e-06	5.04
0.107907148862	3.99012811812e-05	1.21689225258e-05	4.5235247419e-05	1.19859983551e-05	5.33396623783e-06	2.10202732372e-06	5.058
0.108290909315	4.39339610129e-05	1.23870329745e-05	4.74115100702e-05	1.22542629904e-05	3.47754905727e-06	1.80876324418e-06	5.076
0.108674667096	4.87597204005e-05	1.29347599135e-05	5.20637911557e-05	1.2836576159e-05	3.30407075516e-06	1.59070001368e-06	5.094
0.109058422196	3.00489419625e-05	1.02764712474e-05	3.2808137916e-05	1.01894651165e-05	2.75919595348e-06	1.33441445495e-06	5.112
0.109442174604	6.30107291396e-06	4.89937833424e-06	7.36729644908e-06	4.83899733054e-06	1.06622353512e-06	7.66819989951e-07	5.13
