#File generated by ModelExp v0.5.9
#Read datafile: ../../experimental_data/AH22.xye
#Started Fit at 2018-12-10 18:50:33.260546
#Finished Fit at 2018-12-10 18:50:33.371176
#[[Fit Statistics]]
#    # fitting method   = leastsq
#    # function evals   = 17
#    # data points      = 210
#    # variables        = 3
#    chi-square         = 3677.90925
#    reduced chi-square = 17.7676775
#    Akaike info crit   = 607.228362
#    Bayesian info crit = 617.269685
#[[Variables]]
#    r:           68.5600000 +/- 0.15494043 (0.23%) (init = 68.96)
#    sldCore:     4.197e-05 (fixed)
#    sldSolvent:  8.01e-06 (fixed)
#    sigR:        0.13400000 +/- 0.00206573 (1.54%) (init = 0.12875)
#    i0:          0.01530000 +/- 9.9213e-05 (0.65%) (init = 0.0152)
#    bg:          0 (fixed)
#[[Correlations]] (unreported correlations are < 0.100)
#    C(r, i0)    = -0.851
#    C(r, sigR)  = -0.812
#    C(sigR, i0) =  0.484

#[[Data]] 0
#q / A-1	I / cm-1	sI / cm-1	Imodel / cm-1
0.0029807209499443325	20.18745	2.7075616792306683	43.94699015143551
0.0036118616971071646	46.946026	1.4739104718851184	43.726282461259466
0.004243002444269998	46.84946	0.9347200874029052	43.4646484743483
0.0048741431914328314	43.939964	0.5509387609758727	43.16277747298479
0.005505283938595664	42.81064	0.3772061445763661	42.8214621125041
0.0061364246857584966	42.270454	0.32951443708701955	42.441595197092106
0.00676756543292133	41.83857	0.301309046376197	42.02416606085629
0.0073987061800841625	41.339203	0.2856917462373294	41.570256573526095
0.008029846927246995	40.689384	0.27232038147827065	41.08103679206334
0.008660987674409827	40.32626	0.2564563089674727	40.557760281250204
0.00929212842157266	39.719017	0.24918884021800203	40.00175912796056
0.009923269168735495	39.403267	0.228115358271073	39.414438675298186
0.010554409915898327	38.662872	0.21363543972451832	38.797272004093045
0.011185550663061159	37.88269	0.20559590666846814	38.15179419037897
0.011816691410223993	37.281326	0.19280926910376409	37.4795963684278
0.012447832157386825	36.616405	0.1890551051562508	36.782319629675804
0.013078972904549659	35.89388	0.1809948225290817	36.06164878845319
0.013710113651712492	35.16688	0.17210100233693626	35.31930604580705
0.014341254398875323	34.44122	0.16545580536682492	34.55704458289676
0.014972395146038157	33.520626	0.15908898389350756	33.7766421154371
0.015603535893200987	32.805927	0.15527112281595895	32.97989444047137
0.01623467664036382	32.07117	0.15048742686843225	32.16860900637792
0.016865817387526655	31.20639	0.14201220734559875	31.344598536453873
0.017496958134689485	30.373037	0.13913931890588535	30.50967473568512
0.017502275226337058	29.960667	0.15695534576392955	30.502599640627523
0.01812809888185232	29.585688	0.1345315256105031	29.665642109409863
0.018759239629015156	28.850695	0.12796372926931604	28.81429192152203
0.019390380376177987	27.894522	0.12559165489617255	27.95739631865024
0.02002152112334082	27.0418	0.12205267823944949	27.096702645398548
0.02003686432220876	27.422832	0.10301788857638178	27.07574615997279
0.020652661870503655	26.234652	0.11847849127417247	26.23392797425762
0.021283802617666485	25.422466	0.11384077774762943	25.37075387220092
0.02191494336482932	24.497046	0.11055074957199817	24.50882142428406
0.02254608411199215	23.688389	0.10937638893283612	23.649726532777887
0.022571453418080464	23.94433	0.08996808769912466	23.615275875600673
0.023177224859154983	22.83121	0.10529261146791859	22.795015508501503
0.023808365606317817	22.007483	0.10322083308640262	21.946180969094605
0.024439506353480647	21.123644	0.10174536030329584	21.10465805699232
0.025070647100643485	20.343422	0.09802711591170558	20.27182098785438
0.025106042513952168	20.607084	0.07988519556400538	20.22539823601769
0.025701787847806315	19.48554	0.09320274830058228	19.448979938168883
0.02633292859496915	18.723942	0.09009132713088668	18.637378278711477
0.026964069342131983	17.901455	0.08731304283212425	17.83819015850858
0.02759521008929481	17.129665	0.08343266301887756	17.052518441940563
0.027640631609823864	17.319117	0.07013773684821291	16.99652500460697
0.028226350836457643	16.356203	0.08124921405565343	16.281392999640815
0.028857491583620477	15.580946	0.07762566335044396	15.52576935191198
0.02948863233078331	14.883673	0.07505842517207616	14.7865276615019
0.030119773077946145	14.10643	0.0723452871645132	14.064472070771467
0.03017522070569556	14.342078	0.06033205931615497	14.001883329771145
0.03075091382510898	13.402854	0.06978791098728958	13.360330376553598
0.03138205457227181	12.743617	0.0676516581544889	12.674754034356868
0.03201319531943464	12.073632	0.06421722210422481	12.008318482017504
0.032644336066597474	11.472391	0.06116235453557173	11.361523771456872
0.03270980980156727	11.590901	0.053494076620499764	11.295568306483476
0.03327547681376031	10.792307	0.05954191645581853	10.734795495865072
0.03390661756092314	10.173402	0.05725342228680064	10.12848599841024
0.034537758308085975	9.606522	0.05481440064421224	9.542875847472747
0.0351688990552488	9.037761	0.05279330686990934	8.978175562427086
0.03524439889743897	9.162619	0.04595917431767924	8.912031331361105
0.035800039802411636	8.473277	0.05105896343686159	8.43452757314416
0.03643118054957447	7.945613	0.049065915921411594	7.91200839566587
0.037062321296737304	7.4254704	0.0471775220776861	7.410631005911203
0.037693462043900144	6.9445357	0.04535314156944594	6.930347392810246
0.03777898799331067	7.0164814	0.03791960622420577	6.866881839983206
0.03832460279106298	6.4737573	0.04327082133013602	6.471051271926916
0.038955743538225805	6.0711064	0.0418917035658002	6.032580940421518
0.03958688428538864	5.5996113	0.04094752661575464	5.6147222541176856
0.04021802503255147	5.2097106	0.03979323893213845	5.2172117074708115
0.04031357708918237	5.282984	0.03175296130211432	5.158785017486746
0.04084916577971431	4.829973	0.03830385715464674	4.8397395973824455
0.04148030652687714	4.4697375	0.03700480228949695	4.481953252062779
0.04211144727403997	4.1289234	0.03548965740756114	4.143460306504847
0.0427425880212028	3.807175	0.03384668086215207	3.823832006593913
0.042848166185054076	3.8451939	0.026317962880951264	3.7721737883743023
0.043373728768365635	3.5114183	0.03174340067454262	3.522606524426543
0.04400486951552847	3.2195735	0.030011918157298097	3.239292268049449
0.0446360102626913	2.941814	0.02841548690730672	2.9733711695403993
0.04526715100985413	2.6896439	0.02708806668234304	2.724301936135254
0.04538275528092577	2.7309768	0.02202536543520782	2.680462700449787
0.045898291757016964	2.4345741	0.02531871936191539	2.491523249947976
0.0465294325041798	2.235805	0.023882088756579548	2.2744569027269086
0.04716057325134263	2.0227387	0.022864043373492474	2.072510853031938
0.047791713998505465	1.825378	0.02160905566930958	1.8850821941961233
0.04791734437679748	1.8677659	0.017742141826345877	1.8494531189888317
0.04842285474566829	1.6493213	0.02046061246065425	1.7115600224430365
0.049053995492831126	1.494497	0.019302242147652443	1.5513281955603548
0.04968513623999396	1.3505259	0.018386649256856794	1.4037679735728972
0.050316276987156794	1.2119368	0.01744282697439537	1.2682605339070527
0.05045193347266918	1.2413168	0.014217395939260422	1.2406489697450755
0.050947417734319635	1.1051812	0.016658314177175556	1.144189354586201
0.05157855848148246	0.99314415	0.015764208748190314	1.0309424600362918
0.052209699228645295	0.88666457	0.014811256657118896	0.9279145251057305
0.05284083997580813	0.7949676	0.014067167709302043	0.8345088339080494
0.052986522568540875	0.806056	0.011404727037735396	0.8142532291824407
0.05347198072297095	0.7102841	0.013335704842053252	0.7501390910736396
0.05410312147013379	0.64198947	0.012774724721092562	0.6742310839430002
0.05473426221729663	0.5783769	0.01238303510645261	0.6062241951436186
0.055365402964459465	0.52101123	0.012118185592164545	0.5455727658613553
0.05552111166441257	0.5241426	0.00875681532936655	0.5316792870129795
0.055996543711622285	0.4734145	0.011629897066117044	0.4917473109414469
0.056627684458785126	0.41702488	0.011111521381053443	0.4442355877303933
0.057258825205947966	0.3914501	0.010800141080981606	0.4025435212954387
0.05788996595311078	0.35597694	0.01052417526453576	0.3661959893306074
0.05805570076028428	0.3619319	0.007312451588276002	0.3574798687710461
0.05852110670027362	0.3288263	0.009913154381599822	0.3347374706756392
0.05915224744743646	0.31016752	0.009698687585623414	0.30773256193523624
0.0597833881945993	0.29006577	0.009372517971794902	0.28476636718988496
0.060414528941762115	0.28373322	0.011070260662718585	0.2654447662358827
0.06059028985615598	0.28725746	0.006464683507943425	0.26066189122999134
0.061045669688924956	0.2656262	0.008934542318573368	0.24939456718090075
0.061676810436087796	0.25875607	0.008708345947575653	0.23626354955302725
0.06230795118325061	0.2525087	0.008505708522262085	0.22572040435645496
0.06293909193041346	0.24462067	0.008495667295523179	0.21745457772708082
0.06312487895202767	0.2546259	0.005938752955538868	0.21541246041510975
0.06357023267757629	0.24391124	0.008614721733633878	0.2111760250076917
0.06420137342473911	0.2507281	0.008420707035935466	0.20661488217696658
0.06483251417190194	0.24831346	0.008373230682379953	0.20352106163132913
0.06546365491906479	0.25471655	0.008421919410898298	0.20166377933603155
0.06565946804789939	0.25803185	0.0058712810075876205	0.20130520313021188
0.06609479566622763	0.25399134	0.008459490022305796	0.20083102033429778
0.06672593641339045	0.25781548	0.008281074014824636	0.2008289495336336
0.06735707716055328	0.26285973	0.008259358525457831	0.20148127457937387
0.06798821790771613	0.27190474	0.008167175787367162	0.20262856748019936
0.06819405714377108	0.27235892	0.00583680549653979	0.20308531497069152
0.06861935865487893	0.2704288	0.008231220385217558	0.20412755147178652
0.06925049940204178	0.27442214	0.00828379947015884	0.20585035939611465
0.06988164014920462	0.27701482	0.008261528687873228	0.20768376963841886
0.07051278089636744	0.2814236	0.00828092196818299	0.20952842540454336
0.0707286462396428	0.28653705	0.005970633774066215	0.21014609422856048
0.07114392164353027	0.28218165	0.008289694646537825	0.21129804284168519
0.07326323533551449	0.29483193	0.005928636310609138	0.2158108543988449
0.07579782443138619	0.29545283	0.005815181893754665	0.21652459434936464
0.0783324135272579	0.28316116	0.005657435891220789	0.21104285413110938
0.0808670026231296	0.26421112	0.005379105200053379	0.19968409416554941
0.0834015917190013	0.24144776	0.005034307745146874	0.18368971606988893
0.08593618081487299	0.21083792	0.004705273003093025	0.16471494596949302
0.0884707699107447	0.18273853	0.004430743094350693	0.14445597300153915
0.0910053590066164	0.15388629	0.004158522275449021	0.12440498934049085
0.0935399481024881	0.12831534	0.00389965232213884	0.10571545311235642
0.0960745371983598	0.10595365	0.0036001523823291593	0.08915478397137169
0.0986091262942315	0.08776264	0.003363710516748909	0.07512020542713368
0.1011437153901032	0.07508077	0.003152880479423184	0.06369474546063156
0.10367830448597491	0.06524497	0.0030379014529576093	0.05472359816757074
0.1062128935818466	0.05708593	0.0028729391238540166	0.047895277372851625
0.1087474826777183	0.05385007	0.002809814169794601	0.04281652734226487
0.11128207177359001	0.050229833	0.0026974798591785113	0.039074236993259334
0.1138166608694617	0.045898877	0.0026394802285772652	0.03628125967385468
0.1163512499653334	0.044157565	0.0027200757281993946	0.03410587290373318
0.11888583906120509	0.041969504	0.0026310964564806357	0.03228657055911811
0.12142042815707679	0.039105967	0.00246020149573449	0.030635022836004663
0.12395501725294851	0.039374575	0.0023555212243818466	0.029030496991852676
0.1264896063488202	0.03777287	0.002287495770048564	0.02740896981789601
0.1290241954446919	0.033406217	0.002174242355549056	0.02574975280209552
0.1315587845405636	0.030598296	0.002076001277848521	0.024061849928253668
0.1340933736364353	0.02900389	0.0020288802626744194	0.022371605028107908
0.136627962732307	0.027015336	0.001959810852817046	0.020712565758002142
0.13916255182817872	0.025567925	0.001895037412751307	0.019117955780904784
0.14169714092405042	0.023560831	0.0018341497425295428	0.017615736496467534
0.14423173001992212	0.020647027	0.0017486744922869193	0.01622596136885459
0.14676631911579383	0.019416256	0.0017196994080957177	0.014959968995331176
0.1493009082116655	0.017879225	0.0016621206492901403	0.013820904478995788
0.1518354973075372	0.016440945	0.0016172033853649264	0.012805076673665221
0.1543700864034089	0.015715735	0.0015897459286666024	0.011903725520865448
0.15690467549928064	0.014319163	0.0015540892213721416	0.011104865921844892
0.15943926459515234	0.012892833	0.001493851988789331	0.010394973886235871
0.16197385369102402	0.012408486	0.001490481056978731	0.009760373778022701
0.16450844278689572	0.011719622	0.0014652205673240579	0.009188264052969339
0.16704303188276742	0.011375032	0.0014421951067512086	0.008667378968535564
0.16957762097863913	0.011004332	0.0014265695782320182	0.008188324709304692
0.17211221007451083	0.009894239	0.0013902585535600538	0.007743651892395802
0.17464679917038253	0.009512881	0.0013700717020081396	0.007327735562448303
0.17718138826625424	0.009855747	0.0013754148226717768	0.006936532212046724
0.17971597736212594	0.008849416	0.0013687288536615258	0.006567274725062382
0.18225056645799764	0.0089461915	0.0013323412880371836	0.006218153683678442
0.18478515555386932	0.008606315	0.0013171243829942856	0.0058880198131822875
0.18731974464974102	0.006693665	0.0012803778302423212	0.005576129346991788
0.18985433374561275	0.0074834097	0.001271925805153669	0.005281942964076215
0.19238892284148446	0.0069608446	0.0012620713109855821	0.005004980267218581
0.19492351193735613	0.007635217	0.0012569946396307527	0.004744725654331453
0.19745810103322783	0.005901603	0.0012176446078820686	0.004500577688579668
0.19999269012909954	0.00601577	0.0012086775065500857	0.0042718323130828155
0.20252727922497124	0.005631907	0.0011894715294926504	0.004057690020536252
0.20506186832084294	0.0054998845	0.0011837393411939271	0.003857277912883552
0.20759645741671467	0.004963413	0.001161571930870136	0.0036696790521232817
0.21013104651258635	0.0050602183	0.0011553485161009463	0.003493963261684276
0.21266563560845808	0.005325496	0.0011638132584094014	0.0033292153197415604
0.21520022470432976	0.0043160897	0.0011350135050982937	0.0031745581025830988
0.21773481380020146	0.0042120647	0.0011220353123751346	0.003029169573231436
0.22026940289607314	0.0038789194	0.0011089189146663288	0.0028922935181901937
0.22280399199194487	0.0038677342	0.0011076734130526912	0.002763244615412506
0.22533858108781654	0.0038655978	0.0010995528790801593	0.0026414088079036754
0.22787317018368825	0.0035975687	0.001084780470167607	0.0025262401187927364
0.23040775927955998	0.0029507056	0.0010746490401394096	0.0024172550400463795
0.23294234837543165	0.0037623625	0.001076679021680053	0.002314025517623505
0.23547693747130338	0.0032004677	0.0010615305219059776	0.0022161713882936375
0.23801152656717506	0.0037537925	0.0010618097052582706	0.0021233529316425324
0.24054611566304676	0.0035430323	0.0010562570685779904	0.002035264007601477
0.24308070475891844	0.0025944859	0.0010331134986697045	0.001951626069950098
0.24561529385479017	0.0027939938	0.0010370331546786392	0.001872183189831176
0.24814988295066187	0.0026082173	0.0010193204000904655	0.0017966980976567143
0.25068447204653355	0.002767602	0.0010233614015499508	0.0017249491613197305
0.2532190611424053	0.0020185132	0.0010053593060270643	0.0016567281641377647
0.25575365023827695	0.0023702737	0.0010009106129557348	0.0015918387239424903
0.2582882393341487	0.002129035	0.001000355722762072	0.0015300951978452532
0.2608228284300204	0.002340179	0.000997203600455738	0.0014713219359108194
0.2633574175258921	0.0020477548	0.000985948505579553	0.0014153527719083646
0.26842659571763544	0.0021203328	0.0009737241358038363	0.001311207414282369
0.27096118481350717	0.0020798612	0.000972290427828478	0.001262743425716224
0.2836341302928657	0.0021717288	0.0009445656278544969	0.001051492750428398
