#Executed at: 2019-01-30 17:12:32.040431
#Loaded File	 = ../rawdata/KWI338_ZFCW_100OE.DAT
#Magnetic Moment	 = 4142.20715
#Volume Particle	 = 1.7805939367088233e-25
#Ms Raw	 = 2.98609399
#Ms Calculated	 = 215.74189215382106
#Rescale Factor	 = 72.24886184973067
#[[Data]]
#B/T	M/kAm-1	sM/kAm-1	M_raw/memu	sM_raw/memu
10.0396547000	16.1678985934	0.0278809000	0.2237806684	0.0003859009
10.1133652000	16.1733282472	0.0221819208	0.2238558205	0.0003070210
10.5581055000	16.2283054456	0.0229707473	0.2246167625	0.0003179392
11.0080414000	16.4621477216	0.0316063943	0.2278533848	0.0004374656
11.5220079000	16.7800769096	0.0278615555	0.2322538581	0.0003856331
12.0500031000	17.2599269271	0.0221688404	0.2388954855	0.0003068400
12.5337791000	17.7753792328	0.0167165127	0.2460298858	0.0002313741
13.0231142000	18.2625100465	0.0226097013	0.2527722870	0.0003129420
13.5283003000	18.7922115546	0.0220135574	0.2601039113	0.0003046907
14.0572824000	19.3288055504	0.0244442334	0.2675309348	0.0003383338
14.5171823500	19.8719517445	0.0221195625	0.2750486476	0.0003061579
15.0389004000	20.4078420336	0.0219409168	0.2824659311	0.0003036853
15.5049963000	20.8885096178	0.0193594244	0.2891188744	0.0002679547
16.0018177000	21.4318751355	0.0222077359	0.2966396229	0.0003073783
16.5129223000	21.9489834596	0.0225925032	0.3037969443	0.0003127039
17.0021935000	22.5236908894	0.0213817221	0.3117514977	0.0002959455
17.5482025000	23.1103312405	0.0284602904	0.3198712153	0.0003939203
18.0403614000	23.6641013800	0.0288779643	0.3275359746	0.0003997013
18.5090618000	24.1832073796	0.0250245403	0.3347209459	0.0003463659
19.0090981000	24.7315251464	0.0185766775	0.3423102387	0.0002571207
19.5749779000	25.3199895499	0.0221095044	0.3504552031	0.0003060187
20.0265579000	25.8242990767	0.0227712479	0.3574353757	0.0003151779
20.9758339000	26.9408407630	0.0181978475	0.3728894833	0.0002518773
21.0282402000	27.0153207600	0.0241928376	0.3739203645	0.0003348542
21.5394020000	27.6014795939	0.0240819008	0.3820334174	0.0003333188
22.0543499000	28.2242530793	0.0255817407	0.3906532554	0.0003540781
22.5099258000	28.7545488623	0.0213597442	0.3979931050	0.0002956413
23.0739231000	29.4066057056	0.0218866525	0.4070182554	0.0003029342
23.5630989000	29.9807659567	0.0184346544	0.4149652353	0.0002551549
24.0583897000	30.5319923592	0.0279124983	0.4225947867	0.0003863382
24.5028725000	31.0103237517	0.0212760666	0.4292153946	0.0002944831
25.0410919000	31.6624734341	0.0212488097	0.4382418300	0.0002941058
25.5424805000	32.2179654889	0.0239360599	0.4459304225	0.0003313002
26.0258608000	32.7791565868	0.0247424931	0.4536978957	0.0003424620
26.5570488000	33.2995611062	0.0242415842	0.4609008399	0.0003355289
27.0181408000	33.8516284558	0.0239526580	0.4685420308	0.0003315299
27.5296803000	34.4020491932	0.0265979341	0.4761604309	0.0003681433
28.0149011500	34.8898789574	0.0257180067	0.4829125064	0.0003559642
28.5884037000	35.4822579869	0.0255993013	0.4911116532	0.0003543212
29.0091667500	35.9405829817	0.0210875340	0.4974553517	0.0002918736
29.5019131000	36.4112928129	0.0296283572	0.5039704693	0.0004100875
30.0434361000	36.9836714839	0.0261997769	0.5118927902	0.0003626324
31.4047031000	38.2757763051	0.0218697065	0.5297768757	0.0003026997
31.5197716000	38.4199176841	0.0233262723	0.5317719435	0.0003228601
32.0303535000	38.8323204191	0.0283747175	0.5374800298	0.0003927358
32.5741348000	39.3195619984	0.0274952419	0.5442239641	0.0003805630
33.0212669000	39.6561227774	0.0247935340	0.5488823182	0.0003431685
33.5657959000	40.1043477532	0.0188747383	0.5550862218	0.0002612462
34.0741196000	40.5159616487	0.0217692842	0.5607833897	0.0003013097
34.5023613000	40.8069709847	0.0245999806	0.5648112640	0.0003404895
35.0253448000	41.1401015645	0.0192255624	0.5694221405	0.0002661019
35.5588417000	41.5386426095	0.0222062499	0.5749383664	0.0003073578
36.0236816000	41.7984070188	0.0208004821	0.5785337782	0.0002879005
36.5687141000	42.1203519083	0.0256366942	0.5829898331	0.0003548387
37.0394516000	42.3920423923	0.0221158272	0.5867503142	0.0003061062
37.5695953000	42.6921795424	0.0227205454	0.5909045271	0.0003144762
38.0641022000	42.9188403338	0.0244687973	0.5940417501	0.0003386738
38.5238838000	43.0725655661	0.0227405384	0.5961694685	0.0003147529
39.0517540000	43.3411901029	0.0202186560	0.5998875137	0.0002798474
39.5343742000	43.5164626556	0.0258953189	0.6023134696	0.0003584184
40.0551376000	43.6968726853	0.0230549897	0.6048105336	0.0003191052
40.5069351000	43.8357032784	0.0226308548	0.6067320945	0.0003132348
41.8433266000	44.2323091872	0.0196743685	0.6122215362	0.0002723139
42.0245972000	44.2466985692	0.0222225454	0.6124207003	0.0003075833
42.5413933000	44.3497855565	0.0267371784	0.6138475323	0.0003700706
43.0546532000	44.4337645215	0.0216315093	0.6150098892	0.0002994028
43.5175056000	44.4633546618	0.0253406019	0.6154194478	0.0003507405
44.0456009000	44.5378027619	0.0250868513	0.6164498875	0.0003472283
44.5140038000	44.5566784834	0.0238576701	0.6167111473	0.0003302152
45.0232201000	44.6149620295	0.0200787989	0.6175178527	0.0002779116
45.5400772000	44.6278260108	0.0261968818	0.6176959037	0.0003625923
46.0314789000	44.6575837780	0.0230457017	0.6181077824	0.0003189767
46.5955448000	44.6540797628	0.0227114083	0.6180592831	0.0003143497
47.0161438000	44.6402995851	0.0268778652	0.6178685510	0.0003720178
47.5196075000	44.6233439442	0.0220934218	0.6176338672	0.0003057961
48.0400772000	44.5655973811	0.0249460654	0.6168345942	0.0003452797
48.5581932000	44.5484901081	0.0234067573	0.6165978116	0.0003239741
49.0602913000	44.5119543302	0.0238632783	0.6160921181	0.0003302928
49.5725594000	44.4506113480	0.0237838689	0.6152430669	0.0003291937
50.0313835000	44.3727263605	0.0230230633	0.6141650571	0.0003186633
50.5211449000	44.3081683612	0.0210897247	0.6132715067	0.0002919039
51.0354042000	44.2243238222	0.0237900328	0.6121110103	0.0003292790
52.3056297000	43.9393792326	0.0234624631	0.6081670785	0.0003247451
52.5022507000	43.8891408973	0.0232055546	0.6074717272	0.0003211892
53.0222282000	43.7663023557	0.0266408463	0.6057715130	0.0003687372
53.5295525000	43.6305213054	0.0273950162	0.6038921609	0.0003791757
54.0167732000	43.4807845086	0.0239678088	0.6018196466	0.0003317396
54.5136032000	43.3490809473	0.0219215866	0.5999967313	0.0003034177
55.0945701500	43.1959630632	0.0260726886	0.5978774192	0.0003608733
55.5521049000	43.0848835454	0.0250081995	0.5963399622	0.0003461397
56.0688248000	42.9193436626	0.0234984389	0.5940487167	0.0003252430
56.5610771000	42.7418294626	0.0271065799	0.5915917340	0.0003751835
57.0452309000	42.5993526359	0.0250461449	0.5896197054	0.0003466649
57.5018081500	42.4218119885	0.0291644465	0.5871623566	0.0004036665
58.0203362000	42.2780226262	0.0233701522	0.5851721611	0.0003234674
58.5209694000	42.0827663536	0.0226919673	0.5824696096	0.0003140806
59.0303993000	41.9062830710	0.0232933689	0.5800268959	0.0003224046
59.5212021000	41.7065196021	0.0213395077	0.5772619600	0.0002953612
60.0925140000	41.5194853596	0.0235790888	0.5746732100	0.0003263593
60.5563602000	41.3220133641	0.0244802435	0.5719399906	0.0003388322
61.0221748000	41.1751996109	0.0222628879	0.5699079343	0.0003081417
61.5354080000	40.9703316116	0.0246882599	0.5670723464	0.0003417114
62.7479477000	40.4365215196	0.0236624345	0.5596838550	0.0003275129
63.0438080000	40.3655495681	0.0222429466	0.5587015288	0.0003078657
63.5667534000	40.1081712578	0.0233014117	0.5551391431	0.0003225160
64.0292587000	39.9165027474	0.0232892397	0.5524862500	0.0003223475
64.5271301000	39.7116986511	0.0261167469	0.5496515465	0.0003614832
65.0390930000	39.5405372407	0.0245916161	0.5472824932	0.0003403738
65.5581512000	39.3189293493	0.0204587098	0.5442152076	0.0002831700
66.0681000000	39.1113605568	0.0223987386	0.5413422379	0.0003100220
66.5760422000	38.8802776745	0.0224647972	0.5381438085	0.0003109363
67.0198746000	38.7227400074	0.0233637149	0.5359633220	0.0003233783
67.5189590000	38.4901369957	0.0234210812	0.5327438524	0.0003241723
68.0442810000	38.2712496417	0.0261322365	0.5297142220	0.0003616976
68.5277710000	38.0746495506	0.0258408747	0.5269930706	0.0003576648
69.0380325000	37.8684002121	0.0247196223	0.5241383635	0.0003421455
69.5304260000	37.6690077427	0.0241514074	0.5213785626	0.0003342808
70.0553513000	37.4113193731	0.0250769724	0.5178118854	0.0003470916
70.5602417000	37.2503750720	0.0201386424	0.5155842475	0.0002787399
71.0577850000	37.0378282053	0.0238206548	0.5126423760	0.0003297028
71.5664978000	36.8372713885	0.0205899784	0.5098664594	0.0002849869
72.0088730000	36.6306915887	0.0229780866	0.5070071784	0.0003180408
73.2417526000	36.1495944794	0.0264262006	0.5003482900	0.0003657663
73.5540848000	36.0229364273	0.0239446655	0.4985952097	0.0003314193
74.0457916000	35.8300649141	0.0209395036	0.4959256658	0.0002898247
74.5106583000	35.6320770123	0.0261474937	0.4931853056	0.0003619087
75.0333405000	35.4367322745	0.0271284256	0.4904815296	0.0003754859
75.5460739000	35.1888442786	0.0255972856	0.4870504999	0.0003542933
76.0691299000	34.9943982205	0.0238449285	0.4843591625	0.0003300388
76.5382385000	34.8165501831	0.0232515793	0.4818975592	0.0003218262
77.0004578000	34.6540847718	0.0242032774	0.4796488676	0.0003349987
77.5056686000	34.4321972862	0.0261151713	0.4765777122	0.0003614614
78.0189133000	34.2479077691	0.0212464265	0.4740269520	0.0002940728
78.5926208000	34.0001036011	0.0230026101	0.4705970825	0.0003183802
79.0966949000	33.8275994253	0.0232624490	0.4682094438	0.0003219767
79.5846100000	33.6430168005	0.0208846706	0.4656546268	0.0002890657
80.0549278500	33.4524818120	0.0223821034	0.4630174228	0.0003097918
80.5383873000	33.2847970542	0.0259614326	0.4606964899	0.0003593334
81.0195198000	33.1015260753	0.0265610970	0.4581598274	0.0003676334
81.6046829000	32.8845238507	0.0251195991	0.4551562891	0.0003476816
82.1537476000	32.7172508158	0.0235329411	0.4528410549	0.0003257206
82.6177902500	32.5066212899	0.0275418496	0.4499257214	0.0003812081
83.8237076000	32.0724509006	0.0242096902	0.4439163480	0.0003350875
84.1147422500	31.9779793164	0.0269421412	0.4426087622	0.0003729075
84.5872917500	31.8222653271	0.0185900071	0.4404535174	0.0002573052
85.0431671000	31.6420261372	0.0249313183	0.4379588180	0.0003450756
85.5305786000	31.4578310604	0.0259431191	0.4354093650	0.0003590800
86.0476074000	31.2904142331	0.0246459392	0.4330921406	0.0003411256
86.5665207000	31.1375316822	0.0232583178	0.4309760858	0.0003219195
87.0790329000	30.9652535545	0.0216580772	0.4285915759	0.0002997705
87.5629349000	30.8086608457	0.0276642853	0.4264241686	0.0003829027
88.0348740000	30.6174217242	0.0208301144	0.4237772186	0.0002883106
88.5419235000	30.4555795097	0.0239213839	0.4215371527	0.0003310970
89.0243225000	30.3017778452	0.0220640411	0.4194083764	0.0003053895
89.5255585000	30.1408871094	0.0250678352	0.4171814799	0.0003469651
90.1462326000	29.9537182090	0.0273130916	0.4145908661	0.0003780418
90.5756912000	29.8164869796	0.0249118410	0.4126914420	0.0003448060
91.0645599000	29.6407236316	0.0256956649	0.4102586930	0.0003556549
91.5709915000	29.5029324034	0.0230809549	0.4083515179	0.0003194646
92.0125427500	29.3449260590	0.0245440280	0.4061645444	0.0003397151
92.5240631000	29.2084089408	0.0204517667	0.4042750044	0.0002830739
93.0042343000	29.0740001663	0.0262505610	0.4024146460	0.0003633353
94.3864594000	28.6439003139	0.0233651733	0.3964616131	0.0003233985
94.5480118000	28.5728047606	0.0257450573	0.3954775761	0.0003563386
95.0210114000	28.4720226533	0.0219135590	0.3940826461	0.0003033066
95.6643448000	28.2909387268	0.0251507733	0.3915762547	0.0003481131
96.0736008000	28.1486701313	0.0237736387	0.3896071081	0.0003290521
96.5737228000	28.0189265422	0.0224494852	0.3878113208	0.0003107244
97.0034561000	27.9171767200	0.0262205987	0.3864029966	0.0003629206
97.5775452000	27.7239624725	0.0248309252	0.3837287088	0.0003436860
98.0377808000	27.6225044812	0.0233745966	0.3823244239	0.0003235289
98.5076447000	27.4802829603	0.0269512010	0.3803559289	0.0003730329
99.0586853000	27.3328887235	0.0231327372	0.3783158381	0.0003201813
99.5686531000	27.1781108626	0.0257633315	0.3761735502	0.0003565915
100.0496750000	27.0632041001	0.0247427549	0.3745831202	0.0003424657
100.5406799000	26.9183951844	0.0172302140	0.3725788129	0.0002384842
101.0370560000	26.7983904296	0.0243918449	0.3709178213	0.0003376087
101.5160675000	26.6680182637	0.0218289464	0.3691133338	0.0003021355
102.0093918000	26.5548263555	0.0251031710	0.3675466392	0.0003474542
102.5627670000	26.3841516131	0.0227699035	0.3651843218	0.0003151593
103.0555801000	26.3124315064	0.0224034209	0.3641916403	0.0003100868
103.5461807000	26.1447874283	0.0233321288	0.3618712705	0.0003229411
104.6579361000	25.8558243808	0.0274888104	0.3578717189	0.0003804740
105.0214462000	25.7756225973	0.0252574187	0.3567616422	0.0003495892
105.5185852000	25.6480847430	0.0203893699	0.3549963845	0.0002822103
106.0100632000	25.5452769176	0.0226262001	0.3535734164	0.0003131703
106.5000458000	25.4163830079	0.0190616670	0.3517893896	0.0002638335
107.0009155000	25.2726672458	0.0244771840	0.3498002127	0.0003387899
107.5510178000	25.1746481836	0.0249038657	0.3484435262	0.0003446956
108.0401611000	25.0622225555	0.0250518498	0.3468874376	0.0003467439
108.5349121000	24.9562852677	0.0228067983	0.3454211544	0.0003156700
109.0290222000	24.8388424172	0.0241145814	0.3437956223	0.0003337711
109.5147095000	24.7229456701	0.0254903253	0.3421914898	0.0003528128
110.0237885000	24.6037224863	0.0249694934	0.3405413159	0.0003456040
110.5333405000	24.4758654865	0.0261051149	0.3387716410	0.0003613222
111.0451355000	24.3802344393	0.0255690897	0.3374480070	0.0003539030
111.5289001000	24.2745689676	0.0278356441	0.3359854861	0.0003852745
112.0095291000	24.1530998109	0.0264258306	0.3343042256	0.0003657612
112.5036697000	24.0859439225	0.0278380188	0.3333747177	0.0003853074
113.0401382000	23.9516959342	0.0253691166	0.3315165848	0.0003511352
113.5326080000	23.8272574181	0.0250589752	0.3297942252	0.0003468425
114.0333099000	23.7381881002	0.0226616456	0.3285614125	0.0003136609
115.0428085000	23.5201711081	0.0253479722	0.3255438287	0.0003508425
115.5112991000	23.4389539450	0.0224435112	0.3244196980	0.0003106417
116.0080719000	23.3549018228	0.0242290059	0.3232563285	0.0003353548
116.5127106000	23.2227720926	0.0267551230	0.3214275145	0.0003703190
117.0050964000	23.1356657684	0.0254334317	0.3202218717	0.0003520254
117.5044098000	23.0384180902	0.0251787202	0.3188758619	0.0003484999
118.0484695000	22.9424472457	0.0260427687	0.3175475247	0.0003604592
118.5474396000	22.8324330836	0.0264622179	0.3160248134	0.0003662648
119.0591431000	22.7538849505	0.0244496930	0.3149376249	0.0003384094
119.5165176500	22.6743626151	0.0233091417	0.3138369524	0.0003226230
120.0419998000	22.5802538016	0.0278914046	0.3125343877	0.0003860463
120.5396881000	22.4860174512	0.0259589434	0.3112300578	0.0003592990
121.0376129000	22.3652883491	0.0238467686	0.3095590405	0.0003300643
121.5269699000	22.2767796538	0.0249376616	0.3083339873	0.0003451634
122.0288696000	22.1796223648	0.0241493006	0.3069892286	0.0003342516
122.5241623000	22.1158833727	0.0256246622	0.3061070141	0.0003546722
123.0225372000	22.0070640778	0.0248952701	0.3046008410	0.0003445766
123.5033188000	21.9217732629	0.0214118408	0.3034203267	0.0002963623
124.0437622000	21.8176444369	0.0232876715	0.3019790745	0.0003223258
124.5013504000	21.7283767044	0.0199700558	0.3007435155	0.0002764065
125.5493546000	21.5220108595	0.0245536735	0.2978871958	0.0003398486
126.0193939000	21.4681919505	0.0257968931	0.2971422857	0.0003570560
126.5092392000	21.3773808911	0.0251360435	0.2958853654	0.0003479092
127.0529633000	21.2599671832	0.0285869956	0.2942602366	0.0003956740
127.5222206500	21.1920133449	0.0228362010	0.2933196842	0.0003160770
128.0251999000	21.1124854762	0.0269102108	0.2922189352	0.0003724655
128.5245895500	21.0353058375	0.0231953273	0.2911506880	0.0003210476
129.0467224000	20.9525646911	0.0258991970	0.2900054638	0.0003584720
129.5244751000	20.8600343924	0.0292688847	0.2887247475	0.0004051121
130.0305634000	20.8113624574	0.0249554823	0.2880510769	0.0003454100
130.5330505000	20.7113716201	0.0271888741	0.2866670988	0.0003763225
131.0258636000	20.6109746017	0.0273696439	0.2852774988	0.0003788246
131.5089569000	20.5165336558	0.0211853430	0.2839703371	0.0002932274
132.0887604000	20.4509134455	0.0204564303	0.2830620846	0.0002831384
132.5532074000	20.3317991516	0.0228159614	0.2814134179	0.0003157968
133.0006256000	20.2129314423	0.0246830306	0.2797681642	0.0003416390
133.5013885000	20.1068419388	0.0224333451	0.2782997742	0.0003105010
134.0158234000	19.9562317917	0.0248098243	0.2762151718	0.0003433940
134.5285797000	19.6230308869	0.0246857432	0.2716033220	0.0003416766
135.0728760000	19.3566730189	0.0247140835	0.2679166498	0.0003420688
135.8101959000	19.7892485561	0.0214693534	0.2739039488	0.0002971584
136.0160522000	19.7773432791	0.0232314958	0.2737391673	0.0003215483
136.5086975000	19.7250380247	0.0251470793	0.2730152077	0.0003480619
137.0249786000	19.6591830353	0.0282724415	0.2721037056	0.0003913202
137.5067291000	19.5467290828	0.0283462697	0.2705472250	0.0003923421
138.0582428000	19.4780520676	0.0263152334	0.2695966631	0.0003642304
138.5662079000	19.3798220400	0.0274758717	0.2682370565	0.0003802949
139.0088501000	19.3054781729	0.0230928603	0.2672080595	0.0003196294
139.5487061000	19.3031238226	0.0243343043	0.2671754728	0.0003368123
140.0419159000	19.2013266537	0.0235061644	0.2657664932	0.0003253500
140.5157166000	19.1038237597	0.0268245836	0.2644169509	0.0003712804
141.0265961000	19.0553216747	0.0299371277	0.2637456312	0.0004143612
141.5103455000	18.9886375356	0.0196085139	0.2628226528	0.0002714024
142.0330658000	18.8924514019	0.0223146794	0.2614913359	0.0003088586
142.5306396000	18.8198343547	0.0238292397	0.2604862398	0.0003298217
143.0298615000	18.7665753168	0.0248918870	0.2597490789	0.0003445298
143.5948029000	18.6970821697	0.0212233335	0.2587872209	0.0002937532
144.0027924000	18.6451552899	0.0252782292	0.2580684984	0.0003498772
144.5637512000	18.5609841493	0.0234969915	0.2569034816	0.0003252230
145.0127869000	18.4695504043	0.0257306296	0.2556379427	0.0003561389
146.3518677000	18.2921212006	0.0264774880	0.2531821365	0.0003664762
146.5658340500	18.2953317528	0.0294690410	0.2532265739	0.0004078824
147.0621948000	18.2498031358	0.0280492921	0.2525964101	0.0003882316
147.5093994000	18.1795499235	0.0254519469	0.2516240320	0.0003522816
148.0710144000	18.0988447290	0.0263210864	0.2505069875	0.0003643114
148.5092468000	18.0285213272	0.0248474264	0.2495336378	0.0003439144
149.0154114000	17.9793720053	0.0223420379	0.2488533597	0.0003092372
149.5914612000	17.9008180245	0.0227428967	0.2477660902	0.0003147855
150.0382080000	17.8779765024	0.0229834474	0.2474499396	0.0003181150
150.5528412000	17.8030761930	0.0204755985	0.2464132408	0.0002834038
151.0310516500	17.7196152605	0.0253851824	0.2452580540	0.0003513575
151.5698547000	17.6667898476	0.0277947576	0.2445268949	0.0003847086
152.0107880000	17.6229383741	0.0286743879	0.2439199445	0.0003968836
152.5493011000	17.5350552284	0.0284309139	0.2427035496	0.0003935137
153.0691986500	17.4861409763	0.0267981291	0.2420265251	0.0003709142
153.5293121000	17.4348475897	0.0245804319	0.2413165709	0.0003402189
154.0170593000	17.3750413521	0.0276588926	0.2404887898	0.0003828281
154.5270844000	17.3109927899	0.0265117531	0.2396022906	0.0003669505
155.0258026000	17.2430693934	0.0269133805	0.2386621595	0.0003725094
155.5180206000	17.1894530520	0.0265867395	0.2379200532	0.0003679884
156.7531281000	17.0223732332	0.0232742943	0.2356074933	0.0003221406
157.0024109000	16.9892724508	0.0287203163	0.2351493438	0.0003975193
157.5421753000	16.9430852229	0.0269705685	0.2345100641	0.0003733009
158.0510712000	16.8882951127	0.0261093096	0.2337517115	0.0003613802
158.5625916000	16.8398808443	0.0250499283	0.2330816073	0.0003467173
159.0538483000	16.7720773817	0.0293882198	0.2321431363	0.0004067638
159.5270080500	16.7172923255	0.0245283013	0.2313848537	0.0003394974
160.0034943000	16.6505664929	0.0223531294	0.2304612982	0.0003093907
160.5583801000	16.5999192870	0.0230238583	0.2297602877	0.0003186743
161.0708771000	16.5441182500	0.0268909947	0.2289879429	0.0003721996
161.5414505000	16.4736795446	0.0267417115	0.2280129973	0.0003701333
162.0152740000	16.4307189383	0.0254144882	0.2274183775	0.0003517632
162.5812225000	16.3869615119	0.0253355162	0.2268127288	0.0003506701
163.0115051000	16.3225728492	0.0243571862	0.2259215222	0.0003371290
163.5236511000	16.2624755574	0.0270577760	0.2250897127	0.0003745080
164.0194244000	16.2095976162	0.0251150732	0.2243578266	0.0003476189
164.5220337000	16.1693315668	0.0227144455	0.2238005022	0.0003143917
165.0172424000	16.1378895796	0.0227653560	0.2233653122	0.0003150964
165.5265045000	16.0627491907	0.0248499260	0.2223252904	0.0003439490
166.0134583000	15.9877176711	0.0234921009	0.2212867755	0.0003251553
167.2053223000	15.8801846931	0.0267119008	0.2197984063	0.0003697207
167.5435181000	15.8412883769	0.0229721889	0.2192600405	0.0003179592
168.0392456000	15.8015252201	0.0249168326	0.2187096767	0.0003448751
168.5382843000	15.7292502756	0.0219602215	0.2177093157	0.0003039525
169.0235901000	15.6624063567	0.0208926768	0.2167841258	0.0002891766
169.5252228000	15.6468804869	0.0271461579	0.2165692315	0.0003757313
170.0126801000	15.6039714071	0.0263908126	0.2159753248	0.0003652765
170.5043335000	15.5513545050	0.0274684319	0.2152470517	0.0003801919
171.0252838000	15.4852560590	0.0230423835	0.2143321799	0.0003189307
171.5547180000	15.4443854662	0.0254607764	0.2137664881	0.0003524038
172.0297394000	15.3826507566	0.0267157022	0.2129120150	0.0003697733
172.5158081000	15.3523292904	0.0315947893	0.2124923341	0.0004373050
173.0171356000	15.2863448720	0.0268801411	0.2115790406	0.0003720493
173.5604858000	15.2463161585	0.0259581351	0.2110250012	0.0003592878
174.0609894000	15.2045916535	0.0251587345	0.2104474903	0.0003482233
174.5516357000	15.1543158613	0.0249427938	0.2097516206	0.0003452344
175.0045776000	15.1047089147	0.0274878279	0.2090650085	0.0003804604
175.5092926000	15.0519809688	0.0231508101	0.2083351984	0.0003204315
176.0130005000	14.9941829946	0.0278974773	0.2075352139	0.0003861303
176.5015259000	14.9909229290	0.0265941408	0.2074900911	0.0003680908
177.6410370000	14.8271078261	0.0267451174	0.2052227183	0.0003701805
178.0028229000	14.8115600158	0.0259027786	0.2050075203	0.0003585216
178.5501404000	14.7631620275	0.0286872573	0.2043376414	0.0003970617
179.0255737000	14.7543847321	0.0264480438	0.2042161545	0.0003660687
179.5189514000	14.7283416900	0.0256617050	0.2038556915	0.0003551849
180.0043640000	14.6676805988	0.0251124594	0.2030160784	0.0003475828
180.5430145000	14.6911255481	0.0247365457	0.2033405810	0.0003423797
181.0152893000	14.7019677267	0.0264382896	0.2034906482	0.0003659336
181.5126953000	14.6886894437	0.0256373900	0.2033068628	0.0003548484
182.0228805500	14.7295330044	0.0271126886	0.2038721805	0.0003752680
182.5189514500	14.8237048440	0.0261228930	0.2051756175	0.0003615682
183.0333252000	14.4708342688	0.0278096848	0.2002915188	0.0003849152
183.5505371000	11.4449760193	0.0535837593	0.1584104680	0.0007416554
184.0268860000	10.0841153286	0.0880640486	0.1395747292	0.0012188988
184.5591125000	9.9079354458	0.0876818959	0.1371362149	0.0012136094
185.0301513500	9.8298304395	0.0971963879	0.1360551597	0.0013452999
185.5475922000	9.7922380997	0.1303986397	0.1355348423	0.0018048539
186.0300446000	9.7602936196	0.1574117837	0.1350926972	0.0021787441
186.5109863000	9.7528063939	0.2114423123	0.1349890662	0.0029265833
187.0047760000	9.7824848968	0.2890103825	0.1353998478	0.0040002067
188.0572510000	9.5716748663	0.2790688748	0.1324820159	0.0038626058
188.5023804000	9.4915208615	0.3307238885	0.1313726005	0.0045775654
189.0474701000	9.1996239989	0.2768657723	0.1273324418	0.0038321126
189.5211639000	9.0475315761	0.2774327986	0.1252273232	0.0038399608
190.0350952000	8.9156016510	0.2579941823	0.1234012747	0.0035709100
190.5284119000	8.7037508576	0.2614249868	0.1204690376	0.0036183959
191.0324554000	8.6410363134	0.2321523917	0.1196010026	0.0032132325
191.5287476000	8.6158581974	0.2126477220	0.1192525111	0.0029432674
192.0296783000	8.5141373758	0.2051722975	0.1178445882	0.0028397997
192.5298920000	8.4532036373	0.1923139874	0.1170012014	0.0026618272
193.0314331000	8.3586241924	0.2069416993	0.1156921227	0.0028642901
193.5084686000	8.1123914446	0.1823533101	0.1122840033	0.0025239610
194.0135193000	8.0394353273	0.1771645656	0.1112742142	0.0024521433
194.5268555000	7.9616551372	0.1800208598	0.1101976548	0.0024916774
195.0248260000	7.8484462639	0.1683391945	0.1086307253	0.0023299910
195.5311127000	7.8788738768	0.1876053603	0.1090518754	0.0025966549
196.0242004000	7.6809133955	0.1816392743	0.1063118947	0.0025140780
196.5094299000	7.7161691736	0.1868644838	0.1067998717	0.0025864004
197.0358429000	7.6444219742	0.1891699956	0.1058068152	0.0026183111
197.5390015000	7.4848750407	0.1690327980	0.1035985184	0.0023395912
198.4671631000	7.5437659076	0.1906430443	0.1044136297	0.0026386996
198.5399628000	7.3917659718	0.1786655390	0.1023097912	0.0024729184
199.0271912000	7.2384249961	0.1494660820	0.1001873913	0.0020687673
199.5124054000	7.3416196617	0.1612446422	0.1016157137	0.0022317949
200.0541840000	7.2839484159	0.1848323126	0.1008174832	0.0025582730
200.5146942000	7.2702587131	0.1817076965	0.1006280034	0.0025150250
201.0172882000	7.0904348911	0.1679661715	0.0981390531	0.0023248279
201.5194244000	7.1604732144	0.1997699862	0.0991084570	0.0027650261
202.0165710000	7.1746583491	0.1855342146	0.0993047941	0.0025679881
202.5297394000	7.0435233748	0.1490916682	0.0974897486	0.0020635850
203.0179749000	7.1377879715	0.2022779181	0.0987944694	0.0027997385
203.5156403000	6.9921683598	0.2031717626	0.0967789413	0.0028121102
204.0577087000	6.9595942033	0.1612222349	0.0963280808	0.0022314848
204.5550995000	6.9634645001	0.1928665803	0.0963816498	0.0026694757
205.0006104000	7.0806182572	0.2357401239	0.0980031806	0.0032628905
205.5489960000	6.9173189671	0.2185772934	0.0957429472	0.0030253389
206.0562744000	7.0071969171	0.1933134761	0.0969869523	0.0026756612
206.5558929000	6.9172610073	0.2426580454	0.0957421450	0.0033586418
207.0400848000	6.9136323784	0.1580118739	0.0956919210	0.0021870500
207.5024719000	6.8460184087	0.1656718632	0.0947560727	0.0022930723
208.0194549500	6.8492087038	0.2281772296	0.0948002298	0.0031582121
208.9068451000	6.7891064579	0.2090046194	0.0939683517	0.0028928431
209.0434875000	6.7661936668	0.1988026245	0.0936512146	0.0027516368
209.5339966000	6.7651719668	0.1654687041	0.0936370732	0.0022902604
210.0316315000	6.9126724149	0.0578209251	0.0956786341	0.0008003022
210.5457001000	6.6687822174	0.1783522444	0.0923029380	0.0024685821
211.0556793000	6.7109448891	0.1533465831	0.0928865136	0.0021224775
211.5429535000	6.7887901797	0.1313673043	0.0939639740	0.0018182612
212.0234298500	7.2446844119	0.0792977745	0.1002740282	0.0010975643
212.5193024000	7.1982677623	0.0920722286	0.0996315731	0.0012743762
213.0741119000	7.1186893169	0.0944204389	0.0985301240	0.0013068779
213.5210571000	7.0954531592	0.0982607034	0.0982085112	0.0013600312
214.0200958000	7.2747601965	0.0986996707	0.1006903086	0.0013661069
214.5031586000	7.3779186475	0.0797570715	0.1021181297	0.0011039215
215.0250854000	7.4186260969	0.0828816203	0.1026815635	0.0011471685
215.5371857000	7.3146703929	0.0987346103	0.1012427076	0.0013665905
216.0390778000	7.4161449924	0.0796078207	0.1026472224	0.0011018557
216.5469360000	7.3930852756	0.1046839024	0.1023280518	0.0014489350
217.0294495000	7.3845321467	0.0587747372	0.1022096675	0.0008135040
217.5197449000	7.3698608493	0.0942356797	0.1020066014	0.0013043206
218.0138702000	7.3639627888	0.0864097844	0.1019249660	0.0011960020
219.3203735000	7.3256796038	0.0840640030	0.1013950866	0.0011635339
219.5023804000	7.2765021642	0.1065193632	0.1007144193	0.0014743397
220.0134735000	7.2716578832	0.0722698800	0.1006473693	0.0010002909
220.5540771000	7.2408436451	0.0743167739	0.1002208680	0.0010286221
221.0436096000	7.2918947436	0.0763540860	0.1009274687	0.0010568206
221.5429993000	7.2177502668	0.0863699810	0.0999012314	0.0011954511
222.0329742000	7.1966394380	0.0850802261	0.0996090354	0.0011775995
222.5248260000	7.2373167531	0.0843516626	0.1001720521	0.0011675155
223.0553741000	7.1722391067	0.0809936503	0.0992713092	0.0011210370
223.5597687000	7.1858060335	0.0818194996	0.0994590897	0.0011324677
224.0335083000	7.1937133652	0.0859589413	0.0995685355	0.0011897619
224.5069885000	7.1175422865	0.0987794241	0.0985142479	0.0013672108
225.0180664000	7.1349832144	0.0996091805	0.0987556486	0.0013786955
225.5561981000	7.1388772750	0.1136698856	0.0988095465	0.0015733104
226.0377350000	7.0717566795	0.0850904665	0.0978805271	0.0011777413
226.5223236000	7.0806345595	0.0899168700	0.0980034063	0.0012445438
227.0184784000	7.0486848428	0.1038109647	0.0975611887	0.0014368526
227.5142517000	7.0775232687	0.0933165439	0.0979603427	0.0012915988
228.0123444000	7.0533022886	0.0713731702	0.0976250990	0.0009878795
228.5038147000	6.9771788569	0.0971625441	0.0965714709	0.0013448315
229.7502136000	6.9721709000	0.1122633147	0.0965021555	0.0015538420
230.0472260000	6.9706890237	0.0953712199	0.0964816448	0.0013200377
230.5175629000	7.0018039592	0.0864917223	0.0969123081	0.0011971361
231.0369263000	6.9202448971	0.1022331748	0.0957834452	0.0014150143
231.5310974000	6.8918786311	0.0920153442	0.0953908263	0.0012735888
232.0310059000	6.9171568575	0.0717051739	0.0957407035	0.0009924748
232.5026855500	6.9064615647	0.0777565794	0.0955926694	0.0010762326
233.0157013000	6.8790560733	0.0898011468	0.0952133487	0.0012429420
233.5049438000	6.8174342753	0.0836548950	0.0943604384	0.0011578715
234.0510101000	6.8248939253	0.0702859673	0.0944636877	0.0009728315
234.5331573000	6.7852273570	0.1040621385	0.0939146608	0.0014403291
235.0172119000	6.8267728207	0.0730106224	0.0944896936	0.0010105436
235.5181427000	6.8051088647	0.0742360448	0.0941898418	0.0010275047
236.0438232500	6.7683066790	0.0717484530	0.0936804609	0.0009930738
236.5043945000	6.7833053849	0.0694086989	0.0938880587	0.0009606892
237.0401917000	6.7182981623	0.0669618365	0.0929882906	0.0009268220
237.5186005000	6.6846969522	0.0740026895	0.0925232146	0.0010242748
238.0258179000	6.7596757003	0.0808917228	0.0935609991	0.0011196263
238.5157928000	6.7220453718	0.0577042863	0.0930401559	0.0007986878
239.0001221000	6.7009165036	0.0619974568	0.0927477102	0.0008581098
240.1973267000	6.6494122021	0.0504635130	0.0920348367	0.0006984679
240.5010834000	6.5830805981	0.0845823972	0.0911167378	0.0011707091
241.0106201000	6.6208542655	0.0737519100	0.0916395649	0.0010208038
241.5385284000	6.5586913189	0.0615516747	0.0907791646	0.0008519397
242.0255585000	6.5368771911	0.1077425816	0.0904772342	0.0014912703
242.5279236000	6.5968700865	0.0651070744	0.0913075987	0.0009011502
243.0381546000	6.5328429627	0.0652771482	0.0904213962	0.0009035042
243.5044556000	6.5358289742	0.0718158657	0.0904627257	0.0009940069
244.0459442000	6.5148945272	0.0750523579	0.0901729710	0.0010388033
244.5477142000	6.4293213191	0.0654457712	0.0889885481	0.0009058381
245.0259552000	6.4779704050	0.0634691822	0.0896619025	0.0008784800
245.5264740000	6.4590150760	0.0606484126	0.0893995408	0.0008394376
246.0301361000	6.4685394882	0.0681264271	0.0895313687	0.0009429412
246.5272369000	6.4050192982	0.0644886394	0.0886521827	0.0008925904
247.0164490000	6.3848113548	0.0644975652	0.0883724835	0.0008927139
247.5273438000	6.3873975160	0.0549120813	0.0884082787	0.0007600408
248.0484161000	6.3671653255	0.0716168642	0.0881282440	0.0009912525
248.5454254000	6.3576938687	0.0503810624	0.0879971491	0.0006973267
249.0386505000	6.3555855489	0.0727664123	0.0879679677	0.0010071634
249.5358429000	6.3269513087	0.0627360445	0.0875716398	0.0008683326
250.6192474000	6.4523603634	0.0807206367	0.0893074326	0.0011172582
251.0561829000	6.3792337237	0.0606056579	0.0882952833	0.0008388458
251.5450439000	6.4177735305	0.0751556679	0.0888287146	0.0010402332
252.0376587000	6.3214373388	0.0863709481	0.0874953207	0.0011954645
252.5020752000	6.3630694952	0.0679549769	0.0880715534	0.0009405681
253.0086975000	6.3513645296	0.0624893997	0.0879095444	0.0008649188
253.5001373000	6.3545805369	0.0765041991	0.0879540573	0.0010588983
254.0527039000	6.3913270029	0.0660236778	0.0884626669	0.0009138369
254.5500488000	6.3262448467	0.0579053520	0.0875618617	0.0008014708
255.0262451000	6.2611539691	0.0728043203	0.0866609357	0.0010076881
255.5462036000	6.2806534324	0.0594553787	0.0869308287	0.0008229248
256.0260925000	6.2693395197	0.0600963969	0.0867742323	0.0008317971
256.5263367000	6.2321451119	0.0690259109	0.0862594227	0.0009553910
257.0294952500	6.2314808970	0.0617351403	0.0862502292	0.0008544791
257.5278625000	6.1974940002	0.0789399061	0.0857798150	0.0010926111
258.0314026000	6.2659401870	0.0589551617	0.0867271819	0.0008160013
258.5315552000	6.2201278238	0.0753628103	0.0860930908	0.0010431003
259.0266418000	6.2453138420	0.0756282187	0.0864416917	0.0010467738
259.5043945000	6.1282726986	0.0981900287	0.0848217196	0.0013590529
260.0437927000	6.1679761580	0.0818003244	0.0853712571	0.0011322023
260.9911194000	6.1323733798	0.0975898744	0.0848784773	0.0013507462
261.0464783000	6.1366732647	0.0979443850	0.0849379922	0.0013556530
261.5307922000	6.1168364294	0.0642287461	0.0846634296	0.0008889932
262.0245056000	6.1075686212	0.0838998460	0.0845351534	0.0011612618
262.5152893000	6.1871391526	0.0876513617	0.0856364930	0.0012131867
263.0148010000	6.1148578379	0.0819838468	0.0846360438	0.0011347424
263.5044556000	6.0750252065	0.0799062635	0.0840847184	0.0011059865
264.0529785000	6.1297096013	0.0773758607	0.0848416078	0.0010709630
264.5391082500	6.0953251050	0.0761798193	0.0843656903	0.0010544086
265.0060120000	6.1327108043	0.0639344377	0.0848831476	0.0008849197
265.5068665000	6.0738954068	0.0732081850	0.0840690808	0.0010132780
266.0833282500	6.0773283156	0.0837350402	0.0841165959	0.0011589808
266.5565796000	5.9987400563	0.0837029866	0.0830288520	0.0011585371
267.0372314000	6.0085969204	0.1083246882	0.0831652813	0.0014993273
267.5278931000	5.9896725047	0.0798722580	0.0829033476	0.0011055158
268.0151520000	5.9849683975	0.0954289770	0.0828382378	0.0013208371
268.5296936000	5.9320377245	0.0955252359	0.0821056218	0.0013221694
269.0219727000	6.0333606702	0.0718482377	0.0835080376	0.0009944549
269.5164795000	5.9588570312	0.0853366279	0.0824768291	0.0011811484
270.0197754000	5.9248549839	0.0961119304	0.0820062051	0.0013302899
270.5133667000	5.9174065087	0.0767649052	0.0819031104	0.0010625068
271.4567261000	6.0112482901	0.0768383344	0.0832019791	0.0010635231
271.5166016000	5.9247410398	0.0936078104	0.0820046280	0.0012956302
272.0077820000	5.9701965648	0.0829276595	0.0826337801	0.0011478058
272.5559387000	5.8509910227	0.0810857997	0.0809838504	0.0011223125
273.0412598000	5.7755917784	0.0767519701	0.0799402458	0.0010623277
273.5462341000	5.8644707662	0.0847322468	0.0811704242	0.0011727831
274.0117035000	5.8512341547	0.0984037069	0.0809872156	0.0013620105
274.5483704000	5.8391243029	0.0842563923	0.0808196026	0.0011661968
275.0555725000	5.8641268438	0.0685640579	0.0811656640	0.0009489984
275.5358582000	5.8066785173	0.0853027442	0.0803705189	0.0011806794
276.0016327000	5.7759455756	0.0855371379	0.0799451428	0.0011839237
276.5389404000	5.8510069018	0.0916139375	0.0809840702	0.0012680330
277.0699157500	5.7557089441	0.0944500784	0.0796650466	0.0013072881
277.5070190000	5.7975350504	0.0881463407	0.0802439637	0.0012200378
278.0081482000	5.8081999014	0.0982944658	0.0803915765	0.0013604985
278.5509338000	5.8110225076	0.0700700543	0.0804306443	0.0009698430
279.0296936000	5.7844352920	0.0764386408	0.0800626493	0.0010579909
279.5603333000	5.6692063420	0.1038334034	0.0784677599	0.0014371632
280.0235748500	5.7283520982	0.0929489927	0.0792863991	0.0012865115
280.5494385000	5.6775553339	0.1099734508	0.0785833187	0.0015221479
281.8487244000	5.6646523879	0.0791013117	0.0784047284	0.0010948451
282.0105591000	5.6810036266	0.0932603237	0.0786310467	0.0012908207
282.5407715000	5.6864435614	0.1018965632	0.0787063411	0.0014103553
283.0283203000	5.6715679239	0.0832603550	0.0785004466	0.0011524106
283.5229187000	5.5741269689	0.0808949879	0.0771517617	0.0011196714
284.0733337000	5.6275214368	0.0750235526	0.0778907971	0.0010384046
284.5498962000	5.6868184627	0.0790869803	0.0787115301	0.0010946467
285.0494995000	5.6091583948	0.1086240550	0.0776366333	0.0015034708
285.5653381000	5.5267899808	0.0790469229	0.0764965681	0.0010940923
286.0417175000	5.5777865363	0.1079147974	0.0772024139	0.0014936539
286.5274048000	5.6098005389	0.0752719626	0.0776455213	0.0010418429
287.0129395000	5.5804092033	0.1068405744	0.0772387144	0.0014787856
287.5118408000	5.5879710587	0.0843927365	0.0773433784	0.0011680840
288.0574341000	5.5565231246	0.0920111022	0.0769081060	0.0012735301
288.5342407000	5.5910033899	0.0829752707	0.0773853490	0.0011484647
289.0398560000	5.5492869889	0.0834652647	0.0768079503	0.0011552468
289.5347595000	5.5507492796	0.1085724724	0.0768281899	0.0015027569
290.0430603000	5.4335748753	0.0927594203	0.0752063733	0.0012838876
290.5413513000	5.4935999026	0.0986571587	0.0760371826	0.0013655185
291.0298157000	5.5962641978	0.0961202319	0.0774581641	0.0013304048
292.2220764000	5.4599551513	0.0920664377	0.0755715040	0.0012742960
292.5215759000	5.5390282494	0.1040364683	0.0766659586	0.0014399738
293.0279541000	5.4958542971	0.1029668684	0.0760683858	0.0014251694
293.5086670000	5.4530818779	0.0985751161	0.0754763707	0.0013643830
294.0087280000	5.4649995042	0.0986384156	0.0756413231	0.0013652591
294.5199890000	5.3876414406	0.0687222658	0.0745706064	0.0009511882
295.0463867000	5.4708935392	0.0968885691	0.0757229027	0.0013410394
295.5008545000	5.3812634071	0.1002228466	0.0744823277	0.0013871893
296.0566101000	5.4056152638	0.0917592637	0.0748193830	0.0012700444
296.5620728000	5.3625079174	0.1047028994	0.0742227321	0.0014491979
297.0092163000	5.3750516319	0.0823561983	0.0743963503	0.0011398961
297.5083313000	5.3043455154	0.1165145856	0.0734177035	0.0016126840
298.0451660000	5.4099074405	0.1121954197	0.0748787912	0.0015529022
298.5373840000	5.3626833670	0.0892417117	0.0742251605	0.0012351989
299.0233459000	5.3800653312	0.1224592437	0.0744657451	0.0016949643
299.5202332000	5.3591419685	0.1060157868	0.0741761438	0.0014673696
300.0513306000	5.2758225453	0.1225603193	0.0730229157	0.0016963633
300.5479126000	5.3453965178	0.0918188260	0.0739858924	0.0012708688
301.0558472000	5.3795583597	0.0869956221	0.0744587281	0.0012041106
301.5578003000	5.3013469085	0.1010952813	0.0733761996	0.0013992647
302.6250000000	5.2887439697	0.0845904202	0.0732017617	0.0011708201
303.0191497500	5.2049233592	0.1145034460	0.0720415966	0.0015848477
303.5307007000	5.3116559045	0.0815038695	0.0735188869	0.0011280990
304.0403137000	5.1777245441	0.1114218994	0.0716651365	0.0015421959
304.5441284000	5.1777091933	0.0922668950	0.0716649240	0.0012770706
305.0260010000	5.2054594284	0.0881540723	0.0720490163	0.0012201448
305.5166626000	5.2289568873	0.0871644789	0.0723742458	0.0012064478
306.0122681000	5.1799654814	0.1018489243	0.0716961534	0.0014096959
306.5527344000	5.1686487572	0.1186154807	0.0715395181	0.0016417626
307.0680237000	5.1525536368	0.1374772324	0.0713167447	0.0019028290
307.5260925000	5.2015597809	0.0876956700	0.0719950411	0.0012138000
308.0309753000	5.1639515609	0.0810521619	0.0714745039	0.0011218469
308.5381165000	5.2595962655	0.0977070664	0.0727983269	0.0013523682
309.0053710500	5.2297140081	0.0806010880	0.0723847252	0.0011156036
309.5576477000	5.1378658987	0.0918366788	0.0711134510	0.0012711159
310.0389099000	5.2284934453	0.0831016315	0.0723678313	0.0011502137
310.5276794000	5.2238698161	0.1017113696	0.0723038354	0.0014077920
311.0280762000	5.2205684521	0.0861174479	0.0722581411	0.0011919558
311.5302734000	5.2284994060	0.1067576004	0.0723679138	0.0014776371
312.0048218000	5.0670260192	0.0762327714	0.0701329528	0.0010551415
313.0495911000	5.1008450304	0.0684223462	0.0706010434	0.0009470370
313.5293884000	5.0483417124	0.1090288463	0.0698743424	0.0015090735
314.0098572000	5.0095862486	0.0900290189	0.0693379262	0.0012460960
314.5034180000	4.9534537793	0.1069312615	0.0685609939	0.0014800408
315.0113220000	4.9604080968	0.0989873163	0.0686572490	0.0013700882
315.5524292000	4.9928245497	0.1296580751	0.0691059267	0.0017946037
316.0397339000	5.0461961991	0.1029980881	0.0698446463	0.0014256015
316.5845337000	5.1177368692	0.0938369643	0.0708348442	0.0012988020
317.0177917000	5.0819560463	0.0843452509	0.0703396000	0.0011674267
317.5019531000	4.9576150715	0.0842345924	0.0686185906	0.0011658951
318.0504150000	5.0471900424	0.0796730412	0.0698584021	0.0011027584
318.5469971000	4.9806485120	0.0948019852	0.0689373976	0.0013121589
319.0408020000	4.9911849600	0.0960351780	0.0690832330	0.0013292276
319.5069275000	5.0278598365	0.0715775072	0.0695908518	0.0009907077
320.0144653000	5.0011862872	0.0914124454	0.0692216619	0.0012652441
320.5031738000	4.9807587940	0.0845595452	0.0689389240	0.0011703928
321.0195313000	5.0018115702	0.1067042680	0.0692303165	0.0014768989
321.5204468000	4.9581368095	0.1119311080	0.0686258120	0.0015492439
322.0459595000	4.9590240775	0.0729933878	0.0686380927	0.0010103050
322.5735321000	4.9334284341	0.0898429484	0.0682838222	0.0012435206
323.4820862000	4.9432756146	0.0835452968	0.0684201175	0.0011563545
323.5349426000	4.8461947155	0.0890972181	0.0670764160	0.0012331989
324.0241699000	4.9261731524	0.0917134058	0.0681834015	0.0012694097
324.5021057000	4.8522234865	0.0876781377	0.0671598605	0.0012135574
325.0462646000	4.9012755438	0.0818649052	0.0678387925	0.0011330961
325.5318909000	4.8505451200	0.0757908174	0.0671366302	0.0010490244
326.0726013000	4.9160969706	0.0802855701	0.0680439365	0.0011112365
326.5243225000	4.9065062491	0.0946130883	0.0679111909	0.0013095443
327.0059204000	4.8556513118	0.0971691177	0.0672073052	0.0013449225
327.5666504000	4.8931167553	0.0738216474	0.0677258663	0.0010217690
328.0481873000	4.8453863547	0.1071701403	0.0670652275	0.0014833471
328.5436096000	4.8477983777	0.0917188906	0.0670986124	0.0012694856
329.0530701000	4.8681848531	0.0782580539	0.0673807826	0.0010831735
329.5520935000	4.8034517078	0.0821332337	0.0664848080	0.0011368101
330.0309448000	4.7556929688	0.0762318848	0.0658237770	0.0010551292
330.5271606000	4.9053028549	0.0924943257	0.0678945347	0.0012802184
331.0193787000	4.8237520749	0.0722247452	0.0667657864	0.0009996662
331.5183411000	4.7433695721	0.0839026248	0.0656532082	0.0011613003
332.0087891000	4.7752509016	0.0990670332	0.0660944793	0.0013711916
332.5000610000	4.8618811505	0.0834110004	0.0672935327	0.0011544957
333.0435791000	4.6783524085	0.0776490966	0.0647533025	0.0010747449
333.8905640000	4.6030126802	0.0912863262	0.0637105217	0.0012634985
334.0209045000	4.6326220575	0.0712726011	0.0641203465	0.0009864875
334.5385742000	4.5416176736	0.0931705071	0.0628607504	0.0012895775
335.0496826000	4.6142661081	0.0923982594	0.0638662809	0.0012788888
335.5447083000	4.5979088051	0.0872802186	0.0636398787	0.0012080497
336.0380249000	4.6016529541	0.0861336203	0.0636917017	0.0011921796
336.5401763500	4.5523459166	0.0916168447	0.0630092406	0.0012680732
337.0090332000	4.6927105707	0.0890590280	0.0649520345	0.0012326703
337.5300293000	4.5604282658	0.0761383628	0.0631211087	0.0010538348
338.0635376000	4.5995460116	0.0723202997	0.0636625394	0.0010009888
338.5003662000	4.5158387025	0.0686293240	0.0625039424	0.0009499018
339.0245361000	4.5474545062	0.0864325687	0.0629415383	0.0011963174
339.5160522000	4.6447154004	0.0924549851	0.0642877311	0.0012796739
340.0235596000	4.5583625906	0.0708774012	0.0630925176	0.0009810175
340.5098572000	4.5143950401	0.1300539519	0.0624839606	0.0018000831
341.0122528000	4.5000366211	0.0790685478	0.0622852251	0.0010943916
341.5384216000	4.5511464576	0.0862901960	0.0629926388	0.0011943468
342.0116577000	4.3867075349	0.1441937020	0.0607166317	0.0019957920
342.5161133000	4.5348709858	0.0839591285	0.0627673692	0.0011620824
343.0109863000	4.5148450663	0.0826796444	0.0624901895	0.0011443730
344.3284607000	4.4937251078	0.0684901841	0.0621978671	0.0009479760
344.5153503000	4.3447924924	0.0934201342	0.0601364836	0.0012930326
345.0165710000	4.3858465308	0.0845085774	0.0607047145	0.0011696873
345.5359802000	4.3929214879	0.0715312055	0.0608026393	0.0009900669
346.0293884000	4.3640724817	0.1013973800	0.0604033388	0.0014034461
346.5413513000	4.3503416150	0.0968364342	0.0602132892	0.0013403178
347.0464478000	4.3744191572	0.0819500631	0.0605465477	0.0011342748
347.5034790000	4.3210484433	0.0817482500	0.0598078410	0.0011314815
348.0106201000	4.3118406928	0.0918547807	0.0596803961	0.0012713665
348.5328674000	4.2393345948	0.1124770281	0.0586768357	0.0015568000
349.0084534000	4.2609523119	0.0852389132	0.0589760476	0.0011797959
349.5010528500	4.2388083493	0.0968954348	0.0586695519	0.0013411344
349.7819671500	4.3069239153	0.0847667638	0.0596123427	0.0011732609
