#File generated by ModelExp v0.4.0
#Read datafile: ../../experimental_data/finalDD67.xy
#Started Fit at 2018-10-29 22:19:12.921229
#Finished Fit at 2018-10-29 22:19:14.477584
#[[Fit Statistics]]
#    # fitting method   = leastsq
#    # function evals   = 19
#    # data points      = 363
#    # variables        = 5
#    chi-square         = 336879.923
#    reduced chi-square = 941.005370
#    Akaike info crit   = 2490.40768
#    Bayesian info crit = 2509.87969
#[[Variables]]
#    a:              100.950751 +/- 0.00000000 (0.00%) (init = 100.92)
#    sldCore:        4.1749e-05 (fixed)
#    sldSolvent:     6.461e-06 (fixed)
#    sigA:           0.06253790 +/- 0.00000000 (0.00%) (init = 0.0625)
#    i0:             0.02844406 +/- 0.00000000 (0.00%) (init = 0.0284)
#    bg:             0.00114 (fixed)
#    orderHermite:   15.0000000 +/- 0.00000000 (0.00%) (init = 15)
#    orderLegendre:  15.0000000 +/- 0.00000000 (0.00%) (init = 15)

#[[Data]] 0
#q / A-1	I / cm-1	sI / cm-1	Imodel / cm-1
0.0051110793	41.5286850924	0.0385130068921	39.291540890124956
0.0057925563	41.1241240279	0.0319418546791	39.02977464017151
0.0064740337	40.6862579044	0.0289236595201	38.73715058668454
0.0071555108	40.3059546747	0.0282250816883	38.414312602474425
0.0078369878	39.5619051401	0.0274288731521	38.06196803867597
0.0085184656	39.240893646	0.0267435427069	37.68088530519271
0.0091999426	38.596943172	0.0259584069606	37.27189318149484
0.0098814197	38.042329603	0.0252093146434	36.83587530127241
0.010562897	37.4111866854	0.0242453716976	36.37376906937852
0.011244375	36.9513647223	0.0222498964776	35.88656188887773
0.011925852	36.15189088	0.0209932922432	35.37528989103391
0.012607329	35.5505890216	0.0200149532845	34.841031052715664
0.013288806	34.807988539	0.0191406451003	34.284904371934836
0.013970283	34.0677504328	0.0183201902181	33.708065614210135
0.01465176	33.4348906798	0.0176449105755	33.11170366473647
0.015333238	32.6236861238	0.0169875897555	32.4970358897175
0.016014715	32.0287194109	0.0164263053175	31.865307986570386
0.016696192	31.1949001354	0.0157970485625	31.21778473884686
0.017377669	30.6124430457	0.0152852578946	30.55574973831948
0.018059146	29.7859209829	0.0147876587889	29.880500619947828
0.018740624	29.0389881571	0.0143142567552	29.193344169226165
0.0194221	28.3290432602	0.0138460426805	28.495597543061596
0.020103578	27.5884517018	0.0133950584013	27.788573230355404
0.020785056	26.8692341044	0.0129974618952	27.07358853846511
0.021466532	26.0948639712	0.0125958197633	26.351955826081486
0.02214801	25.3987398499	0.0122266672855	25.62497238747337
0.022829486	24.6187805899	0.0118162498112	24.893931743579778
0.023510964	23.942122773	0.0114726983435	24.16010311713167
0.024192442	23.2156091119	0.0111419596929	23.424743055406513
0.024873918	22.5322740288	0.0111076480227	22.68908577096281
0.025555396	21.715575523	0.0109720189483	21.95433353296061
0.026236874	21.0726106838	0.0105766341566	21.2216666569916
0.026918352	20.3105512079	0.0100371513231	20.49223204712962
0.027599826	19.6162531536	0.00974327864808	19.7671469369338
0.028281304	18.9247272022	0.00947007387871	19.047479397711896
0.028962782	18.1735224632	0.00912987290316	18.33427156501776
0.02964426	17.5367446455	0.00884901558011	17.62852044216111
0.030325738	16.8301776207	0.00856527281435	16.931180214723355
0.031007212	16.2132067693	0.00830438057964	16.243164492872076
0.03168869	15.5406343275	0.00802264446087	15.565328636199146
0.032154724	14.8331871589	0.0176382786604	15.108071070071855
0.032370168	14.8988073706	0.00775494736932	14.898492609716165
0.033051646	14.2740950496	0.00751604646859	14.243423582421341
0.033733124	13.6282537066	0.00726721128646	13.60083900229101
0.034414601	12.9788652952	0.00701333668441	12.971406713327058
0.035096076	12.4037064359	0.00677937925029	12.355743356490414
0.03521708	12.0773275493	0.0170791724388	12.247907902237992
0.035777554	11.8394611532	0.00655399635088	11.754408720833059
0.036459032	11.2467299957	0.00633226477591	11.1679180715793
0.037140509	10.6776627827	0.00611266855573	10.596732968223886
0.037821987	10.1379376693	0.00596768995159	10.041260818837184
0.038279435	9.60190089457	0.0166248362455	9.677390353005242
0.038503462	9.60256230493	0.00588448232351	9.501862567836131
0.03918494	9.0640047733	0.00574657476822	8.978840381846622
0.039866418	8.5931203178	0.00560427838808	8.472453401389872
0.040547895	8.09743067478	0.00543774639662	7.982909685787619
0.041229373	7.6217645285	0.00526700980279	7.5103667336321625
0.041341791	7.42164316127	0.0161212729567	7.43405712575043
0.041910848	7.17561042152	0.00499065844393	7.054938860865928
0.042592326	6.72236597805	0.00473650077098	6.61668759181164
0.043273804	6.29006218164	0.00452041666004	6.195635777832674
0.043955281	5.87325602261	0.00431127102779	5.791761555639878
0.044404143	5.54645686866	0.0156527013704	5.535099046532565
0.044636759	5.51431453013	0.0041308871676	5.404999624430381
0.045318237	5.12251123967	0.00394134668247	5.035246478200232
0.045999712	4.75867189147	0.00375900872213	4.682361290319017
0.04668119	4.43181904758	0.00359601440479	4.346162220391208
0.047362667	4.09776976412	0.00342671161412	4.026438099713787
0.047466499	3.98072816321	0.0150521340343	3.9791551297474697
0.048044145	3.78775924008	0.00327259763561	3.7229422578572002
0.048725623	3.49248199154	0.00312634538556	3.435398941834958
0.049407098	3.20236634827	0.00297943185681	3.1635046311188244
0.050088578	2.94169525355	0.00283399247786	2.9069251505563165
0.050528854	2.75670121766	0.0138118859621	2.7491384471128217
0.050770056	2.71046812815	0.0027017864703	2.6653079170638727
0.051451528	2.46149808199	0.00256367951261	2.4382766144673917
0.052133006	2.25431043238	0.0024394448999	2.225429725608724
0.052814484	2.04924807261	0.00231228221957	2.0263538492175064
0.053495961	1.86791141507	0.00219649972554	1.8406179311669457
0.05359121	1.81184923858	0.013030888771	1.8156952991872184
0.054177439	1.67935725884	0.00207649929454	1.6677763209584855
0.054858917	1.51586636613	0.00196700969506	1.5073724390922536
0.055540395	1.36296770798	0.00189484531849	1.3589396625093146
0.056221873	1.22979170423	0.00181782111918	1.222003555928618
0.056653565	1.13456101609	0.0124244147261	1.1409894926478372
0.05690335	1.09423316968	0.00173058967286	1.0960839462109089
0.057584828	0.979188082767	0.00165048866619	0.9806960394564714
0.0582663	0.874224525639	0.00156855855924	0.875354190277846
0.058947778	0.770144479551	0.00147928752338	0.7795692358064384
0.059629256	0.687598515672	0.00137387540824	0.6928558838696877
0.059715921	0.675481908317	0.0118828817337	0.6824539285303838
0.060310733	0.601990581779	0.00127832491208	0.6147305891220495
0.060992211	0.528597671399	0.0012020246548	0.5447135595817919
0.061673689	0.467046798343	0.00112921653409	0.48233084240789403
0.062355167	0.411370781891	0.00106194435624	0.4271151677162582
0.06277827	0.381462636802	0.0113740109013	0.39623787988699355
0.063036644	0.359937450454	0.00100032709606	0.37860736328269023
0.063718122	0.314856165292	0.000945724979779	0.336357218953651
0.0643996	0.278575407219	0.000901054989017	0.29992496273211766
0.065081078	0.248741169632	0.00085878483354	0.26888192726376436
0.06576255	0.219924588436	0.000817906388844	0.24281170512069206
0.065840626	0.21927326714	0.0109530461129	0.24012403051051776
0.066444027	0.194779890093	0.000782353688933	0.22131008431685817
0.067125505	0.178688721245	0.000757379015431	0.20398699296833092
0.067806983	0.160953169761	0.000731574633089	0.19046633461721757
0.068488461	0.152825076069	0.000707022504558	0.18038662522850282
0.068902981	0.148851999663	0.0105453198558	0.17579059032234737
0.069169939	0.141853418798	0.000690752301047	0.1734014620474214
0.069851416	0.137221582641	0.000679273452972	0.16917987975136514
0.070532894	0.13321180841	0.00067302370263	0.16740660181504077
0.071214372	0.130906032465	0.000662835691024	0.16778227189810474
0.07189585	0.134060948723	0.000663109332653	0.17002354629362618
0.071965337	0.134181977871	0.0101963335064	0.17034622684582404
0.072577327	0.138470657659	0.000665550840599	0.17386314507517825
0.073258799	0.140262858709	0.000667386169541	0.17904980810896573
0.073940277	0.147644372136	0.000668412325213	0.18534837324005227
0.074621755	0.153869358779	0.000673737981785	0.19253937702603524
0.075027692	0.153234575099	0.00980674654834	0.19716254021015533
0.075303233	0.156107378035	0.000677395478293	0.20041902390198194
0.07598471	0.164374073464	0.000681845448108	0.2087988809088467
0.076666188	0.173414323478	0.0006882585675	0.2175056259671189
0.077347666	0.17987093523	0.000695494172333	0.22638062691771635
0.078029144	0.188868822714	0.000697159243064	0.23527960233275869
0.078090048	0.185348996511	0.00948885693759	0.23607154981145265
0.078710622	0.195980346157	0.000705241414403	0.24407218440111908
0.079392099	0.206143620282	0.000712140018799	0.25264144818699785
0.080073571	0.213554803968	0.000715760591939	0.2608834030434228
0.080755049	0.218232760416	0.000719128697628	0.26870669116564616
0.081152403	0.215492194021	0.00917968752579	0.27304291023532734
0.081436527	0.224401643661	0.000723233400209	0.2760316668609073
0.082118005	0.231106857958	0.000726819645573	0.28279012494021966
0.082799482	0.23410285801	0.000726511243076	0.2889246505607667
0.08348096	0.239145071427	0.000728397051625	0.2943880757899526
0.084162438	0.242394372618	0.000729079989999	0.29914283923388807
0.084214759	0.23665924693	0.00888617742737	0.2994777241506953
0.084843916	0.244656345703	0.000727064578286	0.3031604322361305
0.085525393	0.249270363798	0.000729192433501	0.30642079283021173
0.086206871	0.250297244903	0.000733567509202	0.3089117327274697
0.086888349	0.252048224913	0.000752113089796	0.3106283215627836
0.087277108	0.245849561364	0.00859595042372	0.31126112561039043
0.087569821	0.250322366866	0.000760353292671	0.311572321749999
0.088251299	0.251026620167	0.00077158292722	0.3117516379185818
0.088932776	0.249887765439	0.000775157253405	0.3111797079555581
0.089614254	0.246036793045	0.00077703071051	0.3098749909811319
0.090295732	0.241555353401	0.000776978851991	0.3078604279870926
0.090339464	0.239204478326	0.00831570794027	0.30770752305380183
0.09097721	0.23932935836	0.000776530059178	0.30516292326839833
0.091658688	0.238984333615	0.000779193054011	0.30181284631687905
0.092340165	0.234411498451	0.000776378558429	0.2978435588388663
0.093021643	0.229476603718	0.000773201613304	0.29329093154006747
0.093401819	0.222647107343	0.0080685831721	0.2905116688620041
0.093703121	0.224932493091	0.000772920910661	0.2881929413242914
0.094384599	0.218832920706	0.000765827962298	0.2825892329447756
0.095066071	0.212340192073	0.00076234893624	0.2765207863635844
0.095747548	0.203955026856	0.000750439523214	0.27002933829312775
0.096429026	0.199145916351	0.000744783190634	0.2631573174708875
0.096464175	0.196871272062	0.00781958727293	0.2627933451191295
0.097110504	0.190533376032	0.000738212494742	0.25594736816933655
0.097791982	0.186060945452	0.000732769414595	0.24844206386736933
0.098473459	0.175945088704	0.000721283434803	0.24068365118123664
0.099154937	0.171301557832	0.000715071694968	0.2327137502662968
0.099526531	0.166926983676	0.00759072734966	0.22829348471318472
0.099836415	0.163385235167	0.000708682358097	0.2245731923890119
0.10051789	0.157871063641	0.000702064674029	0.2163018029390717
0.10119936	0.149382642343	0.000691503612294	0.20793817850623586
0.10188085	0.144810182334	0.000686887394298	0.19951919809857538
0.10256232	0.13406232378	0.000673542222605	0.19108101627001192
0.10258888	0.134546949643	0.00733626408329	0.19075222166998948
0.1032438	0.12871137548	0.000666469951558	0.18265727103573487
0.10392528	0.121310191904	0.000668897566965	0.17428033838683088
0.10460676	0.116460511053	0.000667925344355	0.16598062652477852
0.10528823	0.111770457851	0.000668183907326	0.15778674950196792
0.10565124	0.105702832873	0.00712314526352	0.15347435672436452
0.1059697	0.102684961902	0.000661223446257	0.1497251121009459
0.10665119	0.0984001117413	0.000660821416688	0.14182000859150087
0.10733266	0.0919510984949	0.000654154141782	0.13409440121911295
0.10801414	0.0849547730552	0.000629400375243	0.12656840957242127
0.10869561	0.0790955292125	0.000614892560943	0.11926068678405158
0.10871359	0.0797871137044	0.00691774813271	0.11907098727630883
0.1093771	0.0742485381413	0.000604421799595	0.11218733387552166
0.11005857	0.0686654087382	0.000591641253335	0.10536319486588577
0.11074005	0.0646127565454	0.000585359295643	0.0988004408460797
0.11142153	0.0599269076715	0.000577348125204	0.09250974428759375
0.11177595	0.0608382294717	0.00689673473297	0.08934862115684285
0.11210301	0.0575762571361	0.000566719062915	0.08649982252708523
0.11278448	0.052778816677	0.000558238461441	0.08077768220417199
0.11346595	0.0488963292923	0.000552440500771	0.07534843199227402
0.11414744	0.0474339227573	0.000549031879345	0.07021547130974486
0.11482891	0.0441614919639	0.000541246525109	0.06538107079855826
0.1148383	0.0434758243422	0.00681274362348	0.06531654550511724
0.11551039	0.0410890887259	0.000535595402568	0.06084548479081602
0.11619186	0.0384177216233	0.000530735942871	0.05660790834023196
0.11687335	0.0357087471901	0.000524832694549	0.052665897794942323
0.11755482	0.0333497129606	0.00052166619459	0.049016183444361816
0.11790066	0.0338787288932	0.00656705357086	0.04727430492099528
0.1182363	0.0317486325212	0.000522227985137	0.04565394868042621
0.11891778	0.0318773369737	0.000514687255054	0.042573540950749174
0.11959926	0.0288316840001	0.000511016779541	0.03976828299839295
0.12028073	0.0272810760938	0.000508495335205	0.03723065306336769
0.1209622	0.0269686439121	0.000510543469372	0.0349522597060816
0.12096301	0.0274055238635	0.00623231579095	0.03494970231170094
0.12164369	0.0245993649559	0.000503114776767	0.03292399404714571
0.12232516	0.0236038351461	0.000504631172762	0.031136302415989556
0.12300664	0.0242973781093	0.000499027456673	0.029578891442661515
0.12368811	0.024312007413	0.000498826102809	0.028241141813799765
0.12402537	0.0249929793702	0.00604997000515	0.027656950718758202
0.1243696	0.024917186601	0.000497214221816	0.027111956019518144
0.12505107	0.0244461046608	0.000496237977913	0.026180054415370514
0.12573255	0.0234170314365	0.000493512154707	0.02543381470935544
0.12641402	0.0225688056863	0.000496614239752	0.024861520022545644
0.12708772	0.0247737659479	0.00588027461608	0.02445513040285237
0.12709551	0.0234833398553	0.000497737279781	0.024451312847954168
0.12777698	0.0241817125569	0.000494848225874	0.024191346531704634
0.12845845	0.0223147347245	0.000491257948863	0.024069759510386732
0.12913994	0.0256056804732	0.00048961257043	0.024074784292618022
0.12982141	0.0238244292075	0.000492567220034	0.024194779649642728
0.13015008	0.025940142184	0.00566956162322	0.024290349992251655
0.13050289	0.0251920315691	0.000493929894551	0.024418283219806974
0.13118436	0.0241782021642	0.000491463947993	0.024734043115295184
0.13186585	0.0240718425616	0.000492846829161	0.02513108882969777
0.13254732	0.0244963270591	0.000491527422909	0.025598706692666427
0.13321244	0.0284777448825	0.00549516528071	0.026113254305533056
0.1332288	0.0270589710664	0.000490982308849	0.026126553684986623
0.13391027	0.0266857307708	0.000492995498768	0.026704610226884657
0.13459175	0.0279696674651	0.000492312114761	0.027323272598765234
0.13527323	0.0273335153027	0.000489043484385	0.027973318057506913
0.1359547	0.0265273714485	0.000490081960684	0.028645947609017022
0.13627479	0.0293257345755	0.00531887759304	0.028967294902361607
0.13663619	0.0285397697061	0.000488359264048	0.029332844174359076
0.13731766	0.0280293587657	0.000493257601112	0.030026075836149226
0.13799914	0.0297932979818	0.000502138720643	0.03071824712711858
0.13868061	0.0304011157582	0.000507512694971	0.031402385752820255
0.13933715	0.0299520647885	0.00515743924649	0.032047857586306176
0.1393621	0.0297693442172	0.000509066904951	0.032072048329477555
0.14004357	0.029032558392	0.000521314500924	0.032721204250760944
0.14072505	0.0298415731732	0.000523823792972	0.033344373521752055
0.14140652	0.0301385428028	0.000534938228577	0.033936509685361854
0.142088	0.0317204945021	0.000534737821914	0.03449307893888735
0.1423995	0.0300749024999	0.00498245002706	0.0347345058076566
0.14276948	0.0292073670011	0.00054304202074	0.035009992680046426
0.14345095	0.0297488908671	0.000543123452894	0.035483628903756725
0.14413244	0.0287547635894	0.000551034458781	0.035910847458530244
0.14481391	0.0308888046721	0.000558503282531	0.03628890831817757
0.14546186	0.0293083361905	0.00481660885715	0.03660070913586069
0.14549539	0.0284630525635	0.000563980068942	0.036615547476835146
0.14617686	0.029623540317	0.000574002191289	0.036888893940863504
0.14685835	0.0288376439394	0.000579173031842	0.037107503278750384
0.14753982	0.0262115989503	0.000580248654311	0.037270298530509616
0.1482213	0.0272539288816	0.000578474267966	0.03737659911794728
0.1485242	0.0279332576316	0.00466837681873	0.03740561134289242
0.14890277	0.0256837147503	0.000571752975565	0.03742607141193638
0.14958425	0.0242581320377	0.000571999233194	0.03741872743301203
0.15026573	0.0275396816955	0.000575262013352	0.03735489977507283
0.1509472	0.026939260621	0.000568927466598	0.037235229134900905
0.15158656	0.0263063879431	0.00451366898129	0.037072998849640076
0.15162868	0.0256997503884	0.00058183438485	0.037060636590030636
0.15231016	0.0275106253021	0.000613417142701	0.036832315159369
0.15299164	0.0247490279843	0.000621901364499	0.03655170440962817
0.15367311	0.0227753794311	0.000626000005045	0.036220477754152915
0.1543546	0.0238100298475	0.000635315099094	0.035840497047676285
0.15464891	0.0232066518222	0.00435647369364	0.03566183836015341
0.15503607	0.0241426968842	0.000653877878556	0.03541385217367465
0.15571755	0.022097966188	0.000663175725928	0.03494276397252491
0.15639902	0.0219830779791	0.000667853608484	0.03442963688046948
0.1570805	0.0209353499787	0.000680103599681	0.033876979909015566
0.15771127	0.0214797991669	0.00421145841412	0.03333251828757116
0.15776198	0.0220864938974	0.000686292919453	0.033287439455884936
0.15844345	0.0184799149038	0.000703619274891	0.032663761171618066
0.15912493	0.0195871034013	0.000718311559084	0.032008742511003455
0.15980641	0.018738455256	0.000716390341587	0.03132527061386031
0.16048789	0.0172927947582	0.000738654540704	0.030616269567522357
0.16077362	0.0192590001539	0.00407143645479	0.03031211282262852
0.16116936	0.0181155299279	0.000730064468056	0.029884704167898273
0.16185085	0.0163811725458	0.000750694521112	0.029133510041441355
0.16253232	0.0174946039565	0.000751079949221	0.028365699054862453
0.1632138	0.0152696793087	0.000760522842811	0.027584190956163098
0.16383598	0.0169739590643	0.00393376665661	0.02686121650293291
0.16389527	0.0192726181005	0.000788159449588	0.026791933661915363
0.16457675	0.0161264283481	0.000781684874893	0.025991788027381234
0.16525823	0.0153675617258	0.000808811222449	0.025186596734570212
0.1659397	0.0159365576588	0.000814269479535	0.024379138404781116
0.16662118	0.0163288695128	0.000831575487763	0.023572081124431852
0.16689833	0.0149090052677	0.00379816494507	0.02324457974644769
0.16730266	0.0120215244973	0.000839140322057	0.022768043765760932
0.16798414	0.0130625660936	0.000848477090001	0.02196953951777179
0.16866561	0.013439799401	0.000850731809114	0.021178990971599317
0.1693471	0.0123555437348	0.000889566565853	0.02039866496037916
0.16996069	0.0131716131404	0.00370812390012	0.01970666173411558
0.17302305	0.011789510019	0.00365669891003	0.016453288434447218
0.1760854	0.0107271465227	0.00357164398764	0.01363948563876307
0.17914776	0.0100874751024	0.00348333654491	0.011363526560858794
0.18221011	0.0092006185924	0.00338048362307	0.009666767107747802
0.18527247	0.0085805326722	0.00327466940854	0.008538240033859494
0.18833482	0.0082883542464	0.00310266802579	0.007923154948486066
0.19139718	0.0083575367225	0.00294517245945	0.00773389623320104
0.19445953	0.0081667565092	0.00281169290646	0.007862359706246784
0.19752188	0.0083444953654	0.00268170034232	0.00819232492272227
0.20058424	0.0086906305635	0.00257037067438	0.008610816097094015
0.20364659	0.0079074378675	0.00245283955596	0.009017563846974134
0.20670896	0.0079809669627	0.00233931417138	0.00933200679474162
0.2097713	0.0072303707393	0.00223869827125	0.009497497424600673
0.21283367	0.0072351118149	0.00213295623978	0.009482758924678751
0.21589601	0.0064892611558	0.00203798406526	0.00928078949243598
0.21895838	0.00604001021	0.00194735728955	0.00890569957919935
0.22202072	0.0060405047742	0.00185619727895	0.008388075411341503
0.22508307	0.0053950088273	0.00176674057597	0.007769459027948052
0.22814543	0.0055539958558	0.00168472585729	0.007096661578283398
0.23120778	0.0045978578679	0.00159928847265	0.006416419145379504
0.23427014	0.0045894087617	0.0015227716726	0.005770845335694432
0.23733249	0.0041794817902	0.00144433382703	0.005194035722990912
0.24039485	0.0039177426782	0.00137275688577	0.004709916598717428
0.2434572	0.0041766180474	0.00129812499837	0.004331414015518227
0.24651957	0.0041882363614	0.00123094130959	0.004060770462035122
0.24958191	0.0036888756412	0.00118672561226	0.0038908544909013994
0.25264428	0.0036719218586	0.00113934727459	0.003807139075335436
0.25570662	0.0037667916604	0.0010857020942	0.0037901085559237284
0.25876899	0.0035287070032	0.00103634156972	0.003817759272255984
0.26183133	0.0031536506528	0.000986039667074	0.0038679693822050287
0.2648937	0.0035619212203	0.000930879146817	0.003920525441608456
0.26795604	0.0036053678269	0.000865914840346	0.003958664787602046
0.27101839	0.0032699162306	0.000808238782646	0.003970073022719741
0.27408075	0.003209105339	0.000760177916926	0.0039473156505197135
0.2771431	0.0031150810086	0.000716616151807	0.003887758830434296
0.28020546	0.0031443227796	0.000675394644942	0.00379305884224747
0.28326781	0.0030622387298	0.000637921986882	0.0036683373402333803
0.28633018	0.0030778467801	0.000604672722549	0.0035211595956877745
0.28939252	0.002661730034	0.000576859224246	0.0033604514421509855
0.29245489	0.0027445502388	0.000551910712925	0.0031954415783335723
0.29551723	0.0025490183136	0.000526029389575	0.003034755107265404
0.2985796	0.0024578654096	0.000504832235382	0.002885677052005285
0.30164194	0.0026787412432	0.000490030325037	0.002753671899472966
0.30470431	0.0024784377227	0.000474294369243	0.0026421210489832783
0.30776665	0.0023365286737	0.00046074750954	0.0025523104599679365
0.31082902	0.0023637281433	0.000451035523381	0.002483596245177007
0.31389136	0.0021830645655	0.000443734101514	0.002433737991468455
0.31695373	0.0025388369139	0.000438842013342	0.00239931953604104
0.32001607	0.0025529039712	0.00043294014142	0.0023762258807599043
0.32307842	0.0020864843896	0.000433463123898	0.002360109989482254
0.32614079	0.0024731573739	0.000433276701	0.0023468182547413835
0.32920313	0.0025658658602	0.000433553690217	0.002332736480361899
0.3322655	0.0021899670388	0.000434853836934	0.002315037109108989
0.33532784	0.0024985476789	0.000438593676623	0.0022918214084969666
0.33839021	0.0022332355678	0.000439312077319	0.002262154353567074
0.34145255	0.0015660589054	0.000441725749576	0.002226009638783497
0.34451492	0.0021986576573	0.000446377272403	0.002184135602952537
0.34757726	0.0020775086478	0.000450186721609	0.002137873930987827
0.35063963	0.0017998878127	0.000451131940143	0.002088944128008094
0.35370197	0.0017425839028	0.000454620650058	0.002039229882305976
0.35676434	0.0020435057088	0.000459028065445	0.001990573743898127
0.35982668	0.0020318770133	0.000462353822035	0.0019446111764345863
0.36288905	0.0015959544226	0.00046378975233	0.0019026398871262935
0.3659514	0.0017323235653	0.000466007420133	0.0018655447223745807
0.36901374	0.0021467077839	0.000467711382918	0.001833765398931132
0.37207611	0.002270479712	0.000468842871933	0.00180731209543443
0.37513845	0.0022576142764	0.000471711308882	0.0017858183736641953
0.37820082	0.0023082892949	0.000469429777331	0.001768618316632191
0.38126316	0.0017317026819	0.000468256888977	0.0017548433326356134
0.38432553	0.0020416234238	0.00046908792694	0.0017435210948378527
0.38738787	0.0016926173829	0.000472377731121	0.0017336724172711529
0.39045024	0.0015562932891	0.000483495994385	0.0017243935081749592
0.39351258	0.0022594102008	0.000487972845311	0.0017149216904841025
0.39657495	0.0020939901264	0.000495210437797	0.0017046780377653324
0.39963729	0.0014878721391	0.00049834141851	0.0016932892094753307
