#Initialized App on 2018-12-24 19:42:47.134127
#Set wavelength to 5.1836 A
#Load data from ../boxed_data/ES_S12_300K_500mT_refl_uu.xy
#Select data from 0.0038
#Select data above noise threshold of 0.0.
#Applying footprint correction for a equidistributed beam using a sample size of 15 and a beam size of 0.5.
#Rescaling data by setting mean value between 0.0066 .. 0.0092 (Imean = 0.07272544682017024) to 1.
#Load data from ../boxed_data/ES_S12_300K_500mT_refl_du.xy
#Select data from 0.0038
#Select data above noise threshold of 0.0.
#Applying footprint correction for a equidistributed beam using a sample size of 15 and a beam size of 0.5.
#Rescaling data by renormalization factor 0.07272544682017024.
#[[Data]]
#q / A-1	I / a.u.	sI / a.u.
0.004097447982740846	1.1121353722352656	0.01767441140718386
0.0044389016207246924	1.1187496932467564	0.017997500044567172
0.004780355172169867	1.106752688046502	0.01823768447877237
0.005121808630419555	1.0917197519325823	0.018594542529253254
0.005463261988816949	1.072835779971556	0.01894876117226139
0.005804715240705238	1.0536770967435516	0.019518360196964724
0.006146168379427613	1.0423688277720369	0.019844471004263137
0.006487621398327273	1.0426923578484841	0.019920576908935672
0.006829074290747414	1.0579871817808273	0.019668241700839577
0.007170527050031234	1.0490083274906767	0.019840260633395897
0.007511979669521937	1.0268556497652135	0.01999968018950408
0.00785343214256273	1.016795869802213	0.0195610241839444
0.008194884462496822	1.0155765144106286	0.01898680595959453
0.00853633662266742	1.039769311196783	0.019579134358784885
0.008877788616417743	1.0326556650278589	0.020466394916084155
0.009219240437091004	1.0184306775783007	0.021073703575373692
0.009560692078030425	0.9674753992581246	0.021922354853314903
0.009902143532579236	0.8842480675142617	0.02280648145030722
0.010243594794080657	0.8013089595271186	0.023686908344738238
0.010585045855877929	0.7316855362091035	0.02476184645536765
0.010926496711314277	0.7097682019657403	0.02566002917348887
0.011267947353732948	0.7561827811517963	0.027056350504972758
0.011609397776477185	0.8912841672391073	0.029041787381920845
0.011950847972890236	1.0988625601537696	0.030857250270621136
0.01229229793631535	1.3456662296537432	0.033344984741613876
0.012633747660095791	1.595236835295059	0.03640520858326376
0.012975197137574815	1.7402124623420878	0.03944824399805512
0.01331664636209569	1.7166050668736077	0.041551340157280785
0.013658095327001692	1.5538850439974576	0.03980820649623502
0.013999544025636088	1.2868022396764338	0.034982923505888844
0.01434099245134217	0.9919407976861636	0.02871356787700655
0.01468244059746322	0.7238817425236904	0.022591026547761704
0.015023888457342531	0.5045745195573889	0.01783843162352905
0.015365336024323401	0.35094651284500067	0.013985859033116187
0.015706783291749137	0.24601820393136925	0.01121729859658156
0.016048230252963046	0.1798731518407487	0.009315449871773272
0.016389676901308443	0.13814928236791585	0.007794633181616016
0.01673112323012865	0.11247732094879123	0.006746174954018791
0.017072569232766996	0.09250047944887457	0.00602586421088441
0.017414014902566815	0.07579766396992944	0.005627345927724794
0.017755460232871452	0.06944409344434906	0.005409915092979549
0.018096905217024246	0.0745870062464798	0.005409272723371526
0.01843834984836856	0.08651806887873367	0.005534635737215245
0.018779794120247748	0.11203008245107896	0.005754210257564824
0.01912123802600518	0.1555993784056362	0.006142705162333785
0.019462681558984233	0.20467552857175647	0.006462511619815028
0.019804124712528293	0.2424329336535362	0.00646173387110013
0.020145567479980742	0.2513697438534316	0.006169589026820654
0.02048700985468498	0.2202069109253667	0.005625510567406411
0.02082845182998442	0.16809157853865986	0.004992793793296629
0.02116989339922247	0.12058991846828955	0.004207662029487551
0.021511334555742535	0.08400091261091044	0.003510957536055377
0.02185277529288807	0.05830255264968926	0.002998653592652591
0.022194215604002494	0.042500697429733364	0.0025364327768374042
0.02253565548242926	0.035344811067876805	0.002273800166218365
0.022877094921511826	0.0312339785429943	0.0020778839585195354
0.023218533914593643	0.026376768872527386	0.0019027547556835296
0.023559972455018188	0.022828733885752444	0.001792094622953712
0.02390141053612894	0.02166106877365606	0.0016860466709909395
0.024242848151269387	0.02088920562705362	0.0016510011993005657
0.024584285293783033	0.02199640694216451	0.0017110325901698383
0.024925721957013376	0.026047748647507394	0.0017774216872691831
0.02526715813430394	0.031562873026594315	0.0019134273518508374
0.025608593818998247	0.040981054465418595	0.002138772042330897
0.025950029004439837	0.055249965666402286	0.00237786604644129
0.026291463683972244	0.07278919400366322	0.0026235256193427128
0.026632897850939034	0.09371643461959367	0.0028892587140746683
0.02697433149868377	0.11196089565796481	0.0030892781566395663
0.027315764620550024	0.11995389782653085	0.0031289279158055548
0.02765719720988138	0.116047245419891	0.003049025187293309
0.027998629260021446	0.10579453096625253	0.0028631904237537598
0.02834006076431381	0.0898365177820487	0.002622478729898221
0.028681491716102115	0.06946941800070006	0.002276678838019142
0.02902292210872996	0.052770994060260666	0.0019455745768737012
0.029364351935540996	0.040792934232784656	0.0017161113144754318
0.02970578118987888	0.03033307891638961	0.001511362670444714
0.03004720986508726	0.024410945672815074	0.0013652364465622077
0.030388637954509818	0.02287160459546367	0.001297813818929719
0.03073006545149023	0.021547983859800984	0.0012536856995978985
0.0310714923493722	0.019739173767098758	0.001213664717610935
0.03141291864149943	0.01868843189848002	0.0011967819562004511
0.03175434432121564	0.018524259026099086	0.00120326601623426
0.03209576938186455	0.01896329393985	0.0012066831292387413
0.03243719381678992	0.019878267136863668	0.0012260654818903242
0.032778617619335496	0.02113704370959138	0.0013145695694159914
0.03312004078284504	0.02316312808985942	0.001419520196875404
0.033461463300662346	0.028240209655446442	0.001573488375885862
0.03380288516613119	0.03692812213339678	0.0017687949052353797
0.03414430637259539	0.048574582196217214	0.0019573743893097303
0.03448572691339876	0.06085142187190671	0.002160118987834357
0.03482714678188512	0.07316143982482357	0.002356329554941707
0.035168565971398336	0.08616592272191581	0.0025126523367476603
0.035509984475282245	0.09649442893655792	0.002586849987330195
0.035851402286880725	0.09850637025923037	0.002536370125668131
0.03619281939953766	0.09136236585018227	0.0024204332566367883
0.036534235806596954	0.07910611746360367	0.0022445299616529585
0.036875651501402505	0.06456874838752052	0.002010455438116856
0.03721706647729824	0.051239802730185	0.0017791093527933963
0.037558480727628116	0.04073287972369778	0.0015815414389658154
0.03789989424573607	0.031100534340827303	0.0013972760608764536
0.038241307024966066	0.024283812746782252	0.0012361617991357243
0.038582719058662104	0.0206786492689296	0.0011270823967593244
0.03892413034016816	0.016437468206004023	0.0010085487134970294
0.03926554086282827	0.013905323242603329	0.0009309972387912235
0.03960695061998643	0.012594415490311007	0.000881845122913956
0.0399483596049867	0.010745843934847564	0.000817332114336629
0.04028976781117314	0.009097263052900935	0.0007526106381404481
0.04063117523188981	0.007663194605279676	0.0007019760625337547
0.04097258186048079	0.007183967236180303	0.0006845165148649759
0.04131398769029021	0.006687219259642248	0.0006655352813506139
0.04165539271466216	0.006509746125611573	0.0006614677937351928
0.041996796926940784	0.006727631033566773	0.0006493256698061895
0.04233820032047024	0.006014287975360557	0.0006140204891365474
0.04267960288859467	0.00511109463803475	0.0005766131627862214
0.04302100462465828	0.005057141423232669	0.0005648779821650708
0.043362405522005244	0.00532097147625621	0.0005722218483394146
0.04370380557397979	0.005353379357044627	0.0005732425532101135
0.04404520477392616	0.005198437103987574	0.0005641679874799282
0.04438660311518858	0.004516741254733771	0.0005344667739386147
0.04472800059111132	0.004127727120870246	0.0005175775934943183
0.04506939719503866	0.004065374544054145	0.0005086241199612778
0.04541079292031489	0.0037216974891314276	0.0004935332394990821
0.04575218776028434	0.0034931270670672423	0.00048290626008213857
0.046093581708291344	0.0035947244343237567	0.00049558138923249
0.046434974757680235	0.003705976887815585	0.0005061477166916244
0.04677636690179539	0.003834968826405636	0.0005031595215886919
0.04711775813398118	0.003845198425081363	0.0005160184761434994
0.04745914844758201	0.004209304561521241	0.0005406276743870573
0.04780053783594233	0.004666943812649526	0.0005654102767513684
0.048141926292406545	0.0052107726812804026	0.0006019828727872752
0.04848331381031912	0.006115783563630161	0.0006514447117666936
0.04882470038302454	0.007132526105601528	0.0006726989411850362
0.04916608600386728	0.008573876521467275	0.0007117324991144363
0.04950747066619186	0.009561634498712626	0.0007673424744597984
0.04984885436334282	0.01088652977742766	0.0008286252493739016
0.05019023708866469	0.013134621560244376	0.0008982632784217371
0.050531618835502064	0.015338018164486853	0.000963624403931787
0.0508729995971995	0.018430255173693372	0.0010406248672221224
0.05121437936710162	0.021962379354240634	0.0011155939418784318
0.05155575813855305	0.023856204412657397	0.0011650900097387059
0.05189713590489843	0.023703608175726053	0.0011545002870208825
0.052238512659482414	0.023591318913222945	0.0011371951229946877
0.05257988839564973	0.02405126173078621	0.0011457765069876338
0.052921263106745026	0.02337667729223942	0.0011239622265298353
0.05326263678611306	0.021491686029424972	0.001066705789755113
0.05360400942709858	0.019161842313488116	0.001013916845063373
0.05394538102304632	0.01795398426668196	0.000981272694163828
0.0542867515673011	0.016538607798435787	0.0009297331856069717
0.054628121053207704	0.014055473941302637	0.0008600556829155419
0.054969489474110955	0.01218492514175678	0.0008038983855815988
0.05531085682335571	0.01164862645214263	0.0007791565106290577
0.05565222309428684	0.011205343807786556	0.0007661964297936325
0.05599358828024923	0.01020976650898305	0.0007307504986713735
0.0563349523745878	0.009934401570409016	0.0007184938604635369
0.05667631537064744	0.009513165340683919	0.0007152793038031131
0.05701767726177316	0.009099806736401997	0.0006923902153994056
0.0573590380413099	0.008837552465658009	0.0006734778896416683
0.057700397702602664	0.008071411584427774	0.0006583103209010402
0.05804175623899646	0.0078068108036648326	0.0006513376240474524
0.05838311364383634	0.008377899461004673	0.0006672087451111624
0.05872446991046737	0.008045236797732948	0.0006491705490648509
0.05906582503223463	0.007295862479524871	0.0006267843918119556
0.05940717900248321	0.007626101022875055	0.0006335493975523077
0.05974853181455825	0.00797483102678853	0.0006394336584608363
0.060089883461804904	0.007817581578048842	0.0006369258984341154
0.06043123393756834	0.007708531801989263	0.0006325324859785454
0.06077258323519376	0.007358898965174499	0.000627300328039184
0.061113931348026396	0.006585721501952591	0.0005957907444469007
0.06145527826941146	0.006485039711096841	0.0005774615612122872
0.061796623992694234	0.006218844292400683	0.0005623327026949218
0.06213796851122002	0.005777518394304607	0.0005494843759821754
0.062479311818334105	0.005254494196771925	0.000524473579931595
0.06282065390738184	0.004572572638048076	0.000490230952380539
0.0631619947717086	0.004262092590675743	0.000486542244351765
0.06350333440465976	0.0038304528632873	0.0004804309447762625
0.0638446727995807	0.003699822980796696	0.0004731892879198036
0.0641860099498169	0.0036043489863193516	0.0004716630115582431
0.06452734584871375	0.0036232346974226443	0.0004644895939014432
0.0648686804896168	0.003982838442398275	0.000482275356737109
0.06521001386587152	0.004394091990551041	0.0005086102022012956
0.06555134597082346	0.004959847253579668	0.0005397265717233267
0.06589267679781816	0.005945208540444752	0.0005751822318562983
0.06623400634020118	0.007134058668690065	0.0006064986751012967
0.06657533459131816	0.007525636421263887	0.0006225178921222088
0.06691666154451471	0.007281725526611249	0.0006139736431269915
0.06725798719313651	0.007827483363660095	0.0006345399798034912
0.0675993115305292	0.009230804699450522	0.0006743081853350635
0.06794063455003851	0.009714367687272851	0.0006862914294836881
0.06828195624501021	0.00942144970571577	0.0006743684888054931
0.06862327660878999	0.009387733489217774	0.000663959843104057
0.06896459563472367	0.009015105073414603	0.0006541304651708448
0.06930591331615704	0.008013421127594584	0.0006174847309299978
0.06964722964643595	0.007349805420206645	0.0005855175070306614
0.06998854461890629	0.006920357773416003	0.0005683565667009537
0.07032985822691389	0.006548816366714992	0.0005471067401868371
0.07067117046380471	0.006505179111788426	0.0005365159457311852
0.07101248132292466	0.005830086758016826	0.0005095091558138303
0.07135379079761973	0.004842426726879959	0.00046331553204765274
0.07169509888123593	0.004526877744224834	0.0004447737649954594
0.07203640556711927	0.004182214238427977	0.0004320818629757467
0.07237771084861576	0.0034907971894593596	0.00039908411479182385
0.07271901471907155	0.0030385490145553766	0.0003700199272336822
0.0730603171718327	0.0029906141693427854	0.00036883435988870284
0.07340161820024535	0.002996579285637077	0.00036923638380532406
0.07374291779765567	0.0025543620013854565	0.0003394767921508724
0.07408421595740983	0.002390921594866392	0.00032608011813621595
0.07442551267285406	0.002214193305785742	0.0003153395466973885
0.07476680793733462	0.002009678069869227	0.0003021867556914385
0.07510810174419776	0.002066141314875968	0.0003062075915597555
0.07544939408678977	0.001717624684867889	0.0002803219569096774
0.07579068495845702	0.0014906153718785482	0.000259572682444602
0.07613197435254583	0.001448178477614762	0.0002548751968683529
0.07647326226240261	0.0012695095600517882	0.0002398869674575174
0.07681454868137379	0.0013776767099736443	0.0002475193252042427
0.07715583360280578	0.0016148687396191142	0.00026807873351898
0.07749711702004507	0.0016352786591801068	0.0002725610470284242
0.07783839892643818	0.0014387419021837575	0.00025731415412696154
0.07817967931533162	0.0011150260529379928	0.00022881802642227603
0.07852095818007195	0.0008272191314605123	0.00019989164367536843
0.07886223551400579	0.0009836359247992865	0.00020614612805236002
0.07920351131047974	0.001060988222768127	0.00021383935221355317
0.07954478556284046	0.000826080061134629	0.0001978433293973943
0.07988605826443464	0.000800007717086445	0.0001916942026149985
0.080227329408609	0.0007520448771928711	0.0001881936819927793
0.08056859898871023	0.000799773606596373	0.00019209986932249706
0.08090986699808517	0.0008218789059836616	0.00019351177604161706
0.08125113343008059	0.0006214167103871268	0.00017480784479592174
0.08159239827804332	0.0006584656764520991	0.00017597338423232882
0.08193366153532027	0.000869765845885311	0.00019504383674388254
0.08227492319525828	0.0009440047999384388	0.0002045436205289286
0.08261618325120433	0.0009392627826339962	0.00020173893786711516
0.08295744169650533	0.0008283435327400559	0.0001904054563495582
0.08329869852450832	0.0006911651393210856	0.00017767961263647427
0.08363995372856027	0.0008416118762219302	0.00019897566082292223
0.08398120730200825	0.0010119023912382172	0.0002192934634186411
0.0843224592381994	0.0009871083906311208	0.00020962240396955517
0.08466370953048077	0.0008317653621693901	0.00018879304348509498
0.08500495817219954	0.0006609800974624497	0.00017088441640588023
0.08534620515670287	0.0007673653359575844	0.00018181788276747652
0.08568745047733803	0.0010770403796838825	0.00021075060717204636
0.08602869412745219	0.0012313340240439918	0.0002198751682212189
0.08636993610039269	0.0010196075858583445	0.00020622452225630482
0.0867111763895068	0.0007433083295893927	0.00019083231847951716
0.08705241498814191	0.0006515174987640855	0.0001833342152685166
0.08739365188964536	0.0006019344613964562	0.0001694337625786716
0.08773488708736457	0.0005730183869902326	0.0001625736575860503
0.08807612057464699	0.0005004325762628215	0.00016425720810078276
0.08841735234484009	0.0005311906496210344	0.00016444277111998367
0.08875858239129139	0.000683296872207967	0.0001755033412487157
0.08909981070734843	0.0006756246872000864	0.00017699520330019395
0.08944103728635878	0.0006890372857714697	0.0001740012174555558
0.08978226212167006	0.0006263206464897115	0.00016671208829811325
0.09012348520662994	0.0005941368742293639	0.00016187919286101774
0.09046470653458605	0.0005964898781704928	0.0001589182395352779
0.09080592609888616	0.0005507465221730214	0.00015790393917662057
0.09114714389287798	0.0006804559819565245	0.0001737519726998182
0.0914883599099093	0.000614632535791845	0.00016650073771659472
0.09182957414332793	0.00045648569004119174	0.00014563657535892274
0.09217078658648177	0.000383413914294787	0.00013235449340898354
0.09251199723271863	0.0005033290972705991	0.00014975460673416618
0.09285320607538651	0.0007321739913096754	0.00017264862133212262
0.0931944131078333	0.0007553446459801571	0.0001710803768053128
0.09353561832340705	0.0007259628489845966	0.00016499686394310883
0.09387682171545576	0.0007292968462241627	0.00016481855770003888
0.0942180232773275	0.0006524433224437123	0.00015625254214902078
0.09455922300237037	0.0005590669219965629	0.0001436751371679372
0.09490042088393251	0.00043839137476814013	0.00012596133046911107
0.09524161691536208	0.00015282532250880744	7.3678526885844e-05
