#Initialized App on 2018-12-24 19:42:47.143325
#Set wavelength to 5.1836 A
#Load data from ../boxed_data/ES_S12_30K_2mT_FC_Remanence_refl_uu.xy
#Select data from 0.0038
#Select data above noise threshold of 0.0.
#Applying footprint correction for a equidistributed beam using a sample size of 15 and a beam size of 1.
#Rescaling data by setting mean value between 0.0066 .. 0.0092 (Imean = 1745.6911058227925) to 1.
#[[Data]]
#q / A-1	I / a.u.	sI / a.u.
0.004019565932272999	0.5866618825434032	0.08032222211581304
0.004823478146285332	0.7601637387351972	0.02637759694356958
0.0056273898298747835	0.928909526342579	0.02648385669228132
0.006431300894637692	0.9726279581395189	0.02932381501620036
0.0072352112521704565	0.9888896142989313	0.029635263430469457
0.00803912081406956	1.001662825261434	0.029664236457661395
0.008843029491931569	1.0094475604396347	0.0298685863601893
0.00964693719735315	1.0136653295319982	0.029108329774216183
0.010450843841931071	1.0008201016384548	0.028274544404671104
0.011254749337262223	0.9180952321801514	0.02785752667984324
0.01205865359494362	0.7868702338689391	0.026863411702025504
0.012862556526572415	0.7599140293738786	0.025400281728470205
0.013666458043745899	0.9030663271343483	0.025335448577784678
0.014470358058061532	1.039473164094987	0.028718018465374723
0.015274256481116931	0.9688123169820473	0.03281315626024222
0.016078153224509877	0.7224367536998205	0.029086498258204703
0.01688204819983836	0.4543481424162153	0.019529851521082074
0.01768594131870055	0.2352338867750979	0.012283866276638118
0.018489832492694817	0.11193496733318424	0.007916900514743667
0.019293721633419754	0.06756214790745294	0.005178251336296744
0.020097608652474175	0.0631196443274788	0.004119033358077792
0.020901493461457123	0.08799679956280146	0.003904110528403356
0.021705375971967894	0.12216745086623183	0.004173895468820773
0.02250925609560602	0.1185592349992689	0.004198016886998555
0.02331313374397132	0.0764112299726602	0.0035637950582954403
0.02411700882866386	0.040022719310060254	0.002553272241896262
0.024920881261284004	0.022876255586638413	0.0018233147204923241
0.0257247509534324	0.017384063836556496	0.0014317424477773865
0.026528617816709996	0.02077223382882404	0.0013914570732099498
0.027332481762718065	0.03490854543604795	0.001630938904157326
0.028136342703058186	0.06487749687747041	0.0021303625374961195
0.02894020054933227	0.10095430862361275	0.002729708254937056
0.02974405521314259	0.11450819329349048	0.0030948027490608925
0.030547906606091718	0.09016138272816143	0.002881593276194892
0.031351754639782646	0.05230617475297652	0.0021749149388189015
0.03215559922581869	0.02834144923747615	0.0015382661832669137
0.03295944027580357	0.01861682669590851	0.0011568011774262868
0.03376327770134139	0.015872160590164757	0.0009312141343020663
0.03456711141403665	0.015766075938380232	0.0008659211274102855
0.03537094132549425	0.020658473557704574	0.0009906172211131617
0.036174767347319545	0.03357345422329789	0.0012684503344653267
0.03697858939111824	0.05351530265498076	0.0016010570503408284
0.03778240736849657	0.0677018566453656	0.001819506148091361
0.03858622119106116	0.06185129031175058	0.0017959521144515682
0.03939003077041909	0.04189340220754451	0.001519564088642177
0.04019383601817794	0.024754319940769366	0.001136882036045841
0.04099763684594575	0.015073575836799741	0.0008186656307360005
0.041801433165331046	0.009203817505993236	0.0006042854766076385
0.04260522488794284	0.006211290170544253	0.0004805248091859076
0.04340901192539065	0.005021871214767299	0.0004189197324478903
0.04421279418928454	0.0043708469846677565	0.00037944900476362305
0.045016571591235045	0.0038261636169980144	0.000348102650303283
0.0458203440428533	0.003507433321674637	0.0003256623682063165
0.04662411145575093	0.0031663171904595775	0.00030367182092250043
0.047427873741540144	0.0025932261859079237	0.00027512780998866036
0.048231630811833695	0.002453468925440853	0.00026745946085314097
0.04903538257824493	0.002703816554631908	0.00027976723371840844
0.04983912895238776	0.003398799104232723	0.00030150653719656365
0.050642869845876695	0.004359466713229076	0.00032972283284653274
0.05144660517032688	0.0060617477128345545	0.00038987134902769907
0.05225033483735399	0.00905661270189983	0.0004823781324719431
0.05305405875857442	0.012638321785763013	0.0005721766569304874
0.05385777684560514	0.016200683358546412	0.0006449703059336998
0.05466148901006376	0.018233703485381766	0.0006838642686417009
0.05546519516356858	0.01785608031925511	0.0006662815639677994
0.056268895217738514	0.015489212401745854	0.0006034802607854597
0.05707258908419318	0.012037192484715749	0.0005186576708034165
0.05787627667455284	0.009026190780516613	0.0004323987362716287
0.05867995790043853	0.007410826283043767	0.0003776691393464334
0.05948363267347187	0.006519172199476039	0.00034353164745380026
0.06028730090527525	0.0054506444399989055	0.00030989326988552994
0.06109096250747182	0.004593714567154992	0.0002876872345275573
0.06189461739168537	0.004224106780994758	0.000273248999973277
0.06269826546954049	0.003976054868787943	0.0002555251735386004
0.0635019066526625	0.0036455227652967518	0.00023995383060342355
0.06430554085267748	0.003132795439398072	0.00022490423772510243
0.0651091679812123	0.0025697434945297195	0.0002038641282828124
0.06591278794989455	0.0022322165149912237	0.0001843366121556935
0.06671640067035266	0.0022560247442662156	0.00018076512655490097
0.06752000605421585	0.002676945984111779	0.00019248771393845867
0.06832360401311413	0.00342536995795203	0.00021360487455418086
0.06912719445867832	0.004296331366364639	0.0002391961746732219
0.0699307773025401	0.005096235920482159	0.00025771883848652234
0.07073435245633194	0.005782617041821867	0.0002698485846569398
0.07153791983168722	0.005833977054332955	0.0002665773838143887
0.07234147934024013	0.0049569377522495055	0.0002442434565808055
0.07314503089362569	0.004158477662305258	0.0002221075728333911
0.07394857440347986	0.0035134043570349068	0.00019667639238923798
0.07475210978143948	0.0028001820658559965	0.00017127635862455114
0.07555563693914225	0.002249262131764843	0.00015055633016339775
0.07635915578822677	0.0017644769703632707	0.00013198854816850943
0.07716266624033263	0.0014570628269906303	0.0001191893883131783
0.07796616820710021	0.00122334687104833	0.00010593669732651318
0.07876966160017096	0.0009963994382272863	9.507233645608612e-05
0.07957314633118719	0.0008514350113467514	8.796712065300624e-05
0.0803766223117922	0.0007392877278278895	8.150651287769836e-05
0.08118008945363019	0.0006631219016642977	7.677981463689793e-05
0.08198354766834644	0.0006161411679985981	7.34948800395223e-05
0.08278699686758711	0.0005663575165046776	6.890079558920471e-05
0.08359043696299942	0.0005214122912256237	6.494894232240373e-05
0.08439386786623153	0.00042703761918833706	5.88077108950444e-05
0.0851972894889327	0.00029683567597090253	4.999035410967077e-05
0.08600070174275307	0.0002138566452715783	4.22404286161602e-05
0.08680410453934398	0.00024388553790365676	4.294606956117958e-05
0.08760749779035767	0.00028242822180885046	4.541984730518184e-05
0.08841088140744752	0.00024126974629360912	4.124594193650417e-05
0.0892142553022679	0.00022123016257050672	3.892526965041109e-05
0.0900176193864743	0.0002269008753701866	3.892791939097359e-05
0.09082097357172329	0.00022701663028133157	3.74383588709569e-05
0.09162431776967249	0.00022116817277958566	3.652798263976337e-05
0.09242765189198063	0.00019870726785125374	3.475923250940593e-05
0.09323097585030757	0.00016864175232534091	3.148752602193222e-05
0.09403428955631428	0.00016185672613384196	3.0081818299335162e-05
0.09483759292166286	0.00017475053681101347	3.044195504539959e-05
0.09564088585801647	0.0001805181153110291	3.0367808714819875e-05
0.0964441682770396	0.0001727229950718922	2.961170133306279e-05
0.09724744009039771	0.00016173709532792542	2.846838392490493e-05
0.09805070120975751	0.00016825294279926276	2.8913439486116593e-05
0.09885395154678688	0.0001663977294336856	2.910772398293512e-05
0.09965719101315487	0.00015261295174473377	2.7897895264481093e-05
0.10046041952053172	0.00015601430787249237	2.7509118199559356e-05
0.10126363698058896	0.0001725537608901374	2.8043336321506576e-05
0.10206684330499921	0.00015872018426442053	2.6473945731981005e-05
0.10287003840543636	0.0001519505124156347	2.5853224178752064e-05
0.10367322219357558	0.00016370874844168847	2.747972297189618e-05
0.10447639458109323	0.0001751775471942086	2.8317629408565994e-05
0.10527955547966696	0.00018534775524711218	2.828952228787246e-05
0.10608270480097563	0.00018275439159772534	2.8037649634399432e-05
0.10688584245669944	0.00015158152142905626	2.5885087084490955e-05
0.10768896835851983	0.00014246430173619551	2.5095437418016694e-05
0.10849208241811957	0.00013608204155768597	2.4104321227308867e-05
0.10929518454718266	0.00010246429999123995	2.0592936003510026e-05
0.11009827465739451	9.123202642313679e-05	1.9162886724621796e-05
0.11090135266044175	8.729953953288975e-05	1.8773029422687165e-05
0.11170441846801242	8.371982165130016e-05	1.8089915074783182e-05
0.11250747199179585	6.750517434321635e-05	1.6622011631199453e-05
0.11331051314348281	6.712988120984504e-05	1.719582179798468e-05
0.11411354183476526	7.531988391685017e-05	1.8166871354988043e-05
0.11491655797733671	8.105410952184698e-05	1.8032604938976688e-05
0.11571956148289195	7.968033049188341e-05	1.8031262158977155e-05
0.1165225522631272	7.92958408836502e-05	1.808292931626353e-05
0.11732553022974004	7.407534980984004e-05	1.7392846364480862e-05
0.11812849529442951	6.499893888429971e-05	1.6397023193476947e-05
0.11893144736889602	6.008272226175663e-05	1.6066196425325978e-05
0.11973438636484139	5.602836493246093e-05	1.56292724919298e-05
0.12053731219396902	8.516252791515709e-05	1.8472828045394912e-05
0.12134022476798355	8.701213092557309e-05	1.9061419747044793e-05
0.12214312399859126	7.722669888910963e-05	1.8262354405583496e-05
0.12294600979749976	7.86839951761262e-05	1.754927416802791e-05
0.12374888207641824	6.145137622936528e-05	1.5547439595263845e-05
0.12455174074705731	6.0039800992211515e-05	1.555624325299641e-05
0.12535458572112915	7.123242107679625e-05	1.683887862912246e-05
0.12615741691034735	5.751080088379568e-05	1.5202591470864471e-05
0.12696023422642705	3.166083871677323e-05	1.1586107649150543e-05
0.12776303758108495	3.346566187843298e-05	1.1569960957113224e-05
0.12856582688603926	4.238796460994975e-05	1.2360710615988748e-05
0.12936860205300976	4.206484305841822e-05	1.1570054126565959e-05
0.13017136299371776	4.073957157606933e-05	1.1186260543161477e-05
0.13097410961988612	2.385665091430307e-05	9.09174146988444e-06
0.1317768418432393	7.00394508079374e-06	5.6467279894939035e-06
0.13257955957550333	3.838215405154004e-06	4.839377854237446e-06
0.13338226272840584	6.574551405473762e-06	5.881349822001043e-06
0.13418495121367605	1.2372113095855056e-05	6.8750056825316295e-06
0.13498762494304484	1.3223571831762675e-05	7.0777633197458835e-06
0.13579028382824465	1.3304345587872616e-05	6.651109352525953e-06
0.1365929277810096	1.2277638075182322e-05	6.079494524047242e-06
0.1373955567130754	6.434578297188107e-06	4.71727002562318e-06
0.1381981705361795	8.241330373282731e-06	5.390599754548307e-06
0.1390007691620609	1.452553887823577e-05	6.848470921783913e-06
0.13980335250246034	1.53486783141936e-05	6.836724401480514e-06
0.14060592046912027	7.416043449216033e-06	4.788022388986843e-06
0.14140847297378473	1.8992800127628725e-06	3.0686812673070675e-06
0.14221100992819957	4.577397812983141e-06	4.403770604331304e-06
0.14301353124411226	9.976447521300329e-06	5.939203597666668e-06
0.14381603683327204	9.000189375592927e-06	5.780836119471837e-06
0.1446185266074299	5.822154944901628e-06	4.685226037579858e-06
0.14542100047833847	1.843257783476895e-06	3.7585531918316153e-06
0.14622345835775225	3.0030079294056713e-06	4.689385575006619e-06
0.14702590015742742	7.359405395570893e-06	5.846337209289524e-06
0.147828325789122	5.286203617609333e-06	5.38377776938921e-06
0.14863073516459566	4.770769639035778e-06	4.388417741275833e-06
0.14943312819561	4.646215449359113e-06	3.712320422783534e-06
0.15745614014932582	8.793831696249075e-07	1.5870491517556354e-06
0.15825834756806997	3.299578640055207e-06	3.074188858927646e-06
0.15906053758363622	4.849007131861059e-06	3.7267281512091256e-06
0.1598627101078102	3.289276767739123e-06	3.152046858043282e-06
0.16066486505237954	6.07975365014794e-08	2.2458599687667224e-06
0.1670814611583187	1.6626682840691635e-06	2.184934220941957e-06
0.16788345391720952	2.864195150717101e-06	2.8641951507321046e-06
0.1686854282144794	1.1974369269212706e-06	1.851943044322212e-06
