#Initialized App on 2018-12-24 19:42:47.161875
#Set wavelength to 5.1836 A
#Load data from ../boxed_data/ES_S12_30K_2mT_ZFC_refl_uu.xy
#Select data from 0.0038
#Select data above noise threshold of 0.0.
#Applying footprint correction for a equidistributed beam using a sample size of 15 and a beam size of 1.
#Rescaling data by setting mean value between 0.0066 .. 0.0092 (Imean = 0.13057603482608784) to 1.
#[[Data]]
#q / A-1	I / a.u.	sI / a.u.
0.004019565932273047	0.31564941265760593	0.07331387619385218
0.004823478146285387	0.6398344098803149	0.02741906758831592
0.00562738982987485	0.9328937244727138	0.03528385460049971
0.006431300894637767	0.9956282974717573	0.04568077204752161
0.0072352112521705415	0.9928917686840307	0.05010685132050706
0.008039120814069654	1.0016955842590274	0.05113865061724209
0.008843029491931675	1.0054126470569422	0.051587085296029414
0.009646937197353262	1.012740245751087	0.05172463771891941
0.010450843841931193	0.9826524451965304	0.05053451671809912
0.011254749337262357	0.8941628568320835	0.04783197794158517
0.012058653594943762	0.7868419162410277	0.04431065087374234
0.012862556526572564	0.7933674527916241	0.04014206673398825
0.01366645804374606	0.9523208413602394	0.04066896086510421
0.014470358058061702	1.098271986728891	0.048860787093331415
0.015274256481117106	1.0203284870839922	0.054301413617028164
0.016078153224510065	0.713911628845343	0.046899943001507835
0.01688204819983856	0.392208096083056	0.03248822868511873
0.017685941318700757	0.1875833042778695	0.01908248162272417
0.018489832492695032	0.09705441776301847	0.010392722454476037
0.019293721633419976	0.06538345324464706	0.0062855268887885285
0.02009760865247441	0.07563246159801865	0.004844997904460531
0.020901493461457366	0.11137043084133705	0.004990023415705353
0.021705375971968144	0.1403505517945672	0.005586817458988854
0.022509256095606285	0.12167015010950513	0.005791917023718236
0.023313133743971592	0.06991723687225983	0.004770719319066393
0.024117008828664143	0.03507668518851808	0.0030402672905788155
0.024920881261284295	0.02306755241010603	0.0020493313636193106
0.0257247509534327	0.02054433100679884	0.0016595648913868527
0.026528617816710308	0.026578347514118486	0.001619802127044754
0.027332481762718387	0.04576379779485104	0.002057536591429907
0.02813634270305852	0.08191097206973481	0.002786021483920903
0.02894020054933261	0.12043314606975986	0.003591239889302721
0.029744055213142932	0.1254859230492476	0.004206742886441758
0.03054790660609207	0.09017405926883634	0.003881572919928256
0.03135175463978301	0.049191147278817696	0.0026479536710180924
0.032155599225819065	0.026925140543392723	0.001626766164179169
0.032959440275803956	0.018917945869401143	0.0011315592766071437
0.033763277701341785	0.017939432402489512	0.001013891959084216
0.03456711141403705	0.021703610212269936	0.0010974982721494836
0.035370941325494676	0.031289712735192446	0.0013186259423547384
0.03617476734731996	0.04882347076264204	0.0016803701744694368
0.03697858939111868	0.06766267619660823	0.0020696444617318978
0.037782407368497015	0.07369749006221762	0.002205663234815312
0.0385862211910616	0.06164214316474606	0.0019521373864248579
0.03939003077041955	0.040354411720243906	0.0015802506406480778
0.040193836018178414	0.023180402925361124	0.0011823479621970098
0.040997636845946234	0.01405595807344576	0.0008235092140494915
0.04180143316533153	0.009576973064809997	0.0006576987615931953
0.04260522488794334	0.006976069780210873	0.0005457016353539796
0.04340901192539116	0.005291265348327187	0.0004532389501345667
0.04421279418928505	0.004462160788809905	0.00041056781509283624
0.04501657159123558	0.00414434923594211	0.0003899191163599714
0.04582034404285384	0.0038540166552228933	0.00037775348172083465
0.046624111455751474	0.0035035200636633723	0.0003545227096709322
0.0474278737415407	0.003281207979356841	0.0003360320702526698
0.04823163081183427	0.0031326113364140745	0.0003178622326390087
0.0490353825782455	0.003335507611096056	0.00032318226452230606
0.049839128952388345	0.004261934220878963	0.0003667764045854884
0.050642869845877285	0.005776090634117503	0.0004235865850875435
0.051446605170327474	0.007936115374146176	0.0004928127806991128
0.052250334837354605	0.011486503172117322	0.000589725186767082
0.053054058758575044	0.01658917224221261	0.000697727767580063
0.05385777684560577	0.021200974775087762	0.0007789072263527724
0.05466148901006441	0.02266044608702595	0.0007963243438578342
0.05546519516356922	0.02031518112752972	0.0007359842693143979
0.05626889521773917	0.01668808490592415	0.0006550885134059606
0.05707258908419384	0.0130458099155307	0.0005637030011178918
0.05787627667455353	0.010001985565454397	0.0004808495214560553
0.058679957900439214	0.00799688801207932	0.00042093954130163774
0.05948363267347256	0.006515281133008179	0.00037541608336462336
0.06028730090527596	0.0057427994129841085	0.00034786450126737963
0.06109096250747252	0.005103966526968257	0.00032362764033876714
0.061894617391686085	0.004773719849803961	0.0003053699012180641
0.06269826546954121	0.004531764260207675	0.0002907458820298086
0.06350190665266324	0.004184816835973804	0.0002770714413306252
0.06430554085267824	0.0035968111538300994	0.0002551824429893184
0.06510916798121306	0.0028842395260210217	0.0002259494664345091
0.0659127879498953	0.002574012346008042	0.0002099400392019915
0.06671640067035343	0.0026166379426640594	0.00021227852674725927
0.06752000605421664	0.0033424044811934516	0.00023298960944067673
0.06832360401311494	0.004349954127644708	0.0002627471372840187
0.06912719445867913	0.005364701690800789	0.0002860448461812683
0.06993077730254092	0.006381357660094584	0.00030519678954368026
0.07073435245633279	0.006925706450523654	0.00030955608302670926
0.07153791983168806	0.006684922493240637	0.00029712244179555227
0.07234147934024096	0.00575184389703671	0.0002703570407355167
0.07314503089362653	0.00464928696318878	0.00023949191629746972
0.07394857440348072	0.0037743968083131696	0.00021367954436851805
0.07475210978144035	0.0031156145454124358	0.0001908485171616216
0.07555563693914313	0.0024669351701461267	0.00016650335977531748
0.07635915578822766	0.001964605207218164	0.00014627002452384419
0.07716266624033352	0.0015922057923335759	0.00012940614218674332
0.07796616820710112	0.001308184768072748	0.00011734194550195383
0.07876966160017189	0.001158544786172784	0.00010992587573793235
0.07957314633118812	0.0010413476296820103	0.0001021070285433913
0.08037662231179313	0.0009378328292295743	9.652451374690889e-05
0.08118008945363114	0.0008954940844330578	9.385088004287965e-05
0.08198354766834738	0.0008448183244434801	9.112809298659153e-05
0.08278699686758807	0.0006815874995740933	8.195627320428579e-05
0.08359043696300039	0.0005206139033440743	7.132146804928451e-05
0.08439386786623253	0.0004760870011223422	6.917659424714385e-05
0.08519728948893368	0.0005281032868718555	7.30623380797987e-05
0.08600070174275407	0.0005960732051131925	7.49531914474952e-05
0.08680410453934498	0.0005711625117025712	7.297175295131987e-05
0.0876074977903587	0.0005387889736693118	7.070784350189747e-05
0.08841088140744854	0.0005672323663058153	7.150169636035872e-05
0.08921425530226894	0.0005226077275899266	6.868948609312894e-05
0.09001761938647536	0.00050015824813001	6.679653067928856e-05
0.09082097357172435	0.0005266792325957871	6.879732791701648e-05
0.09162431776967356	0.00048564291851478154	6.665326935802349e-05
0.09242765189198168	0.00044477915969688985	6.358776230027739e-05
0.09323097585030866	0.0004273037153983525	6.175018436337892e-05
0.09403428955631539	0.0004480815974850411	6.248678490413889e-05
0.09483759292166397	0.000424246631540452	6.047872848670499e-05
0.09564088585801758	0.00031426166376116125	5.372779160615586e-05
0.09644416827704073	0.0002837705137007581	5.139662025971397e-05
0.09724744009039885	0.000313375165944304	5.418253911823593e-05
0.09805070120975865	0.0003524831510533866	5.8322775770712793e-05
0.098853951546788	0.0004018939685483119	6.048444548033933e-05
0.09965719101315602	0.00039706623800217413	5.99159825555239e-05
0.10046041952053292	0.0003474337779295438	5.672312711016861e-05
0.10126363698059014	0.0003286285308054007	5.581287141961156e-05
0.10206684330500039	0.0003138976875352453	5.590711899621194e-05
0.10287003840543756	0.0003340436582336067	5.7617369446607713e-05
0.1036732221935768	0.0003510295278160157	5.777157967821786e-05
0.10447639458109446	0.0003153470937441051	5.36930284612888e-05
0.10527955547966818	0.00029349960119678497	5.191778363006743e-05
0.10608270480097687	0.0003063467223245541	5.372939115161422e-05
0.1068858424567007	0.00029130665483241075	5.2204835325773054e-05
0.1076889683585211	0.00021879066882183956	4.542252575035768e-05
0.10849208241812082	0.00021997913335301798	4.535797966712108e-05
0.10929518454718395	0.00023481470370870626	4.725965736922069e-05
0.11009827465739581	0.00019565640478174217	4.449383410637991e-05
0.11090135266044304	0.00017724730474217402	4.222965790191354e-05
0.11170441846801372	0.0002064210399859745	4.4556359783021726e-05
0.11250747199179718	0.0001862311638967514	4.265763999453522e-05
0.11331051314348414	0.00012068971689779736	3.638521379755715e-05
0.11411354183476659	0.00014123532966367423	3.9023625703583274e-05
0.11491655797733806	0.00016552772321955093	4.044991026422836e-05
0.11571956148289332	0.00015929201977027266	3.852626482702027e-05
0.11652255226312858	0.00014447094499934842	3.667307613954128e-05
0.11732553022974142	0.00013028658128083262	3.550711083309626e-05
0.11812849529443085	0.0001256344714682707	3.479209382059309e-05
0.1189314473688974	0.00013760529697134677	3.5542974427224225e-05
0.11973438636484281	0.00013867672527668892	3.67063994726262e-05
0.1205373121939704	0.00015570502154339748	3.9394040694829155e-05
0.12134022476798495	0.0002092124807697234	4.4506208613271294e-05
0.12214312399859265	0.00018858700542728	4.1451999371998906e-05
0.1229460097975012	0.00011650330133983093	3.1799939833589044e-05
0.12374888207641967	3.6254263477421645e-05	1.7558523431333284e-05
