#Initialized App on 2018-12-28 17:19:52.065748
#Set wavelength to 5.1836 A
#Load data from ../boxed_data/ES_S12_30K_730mT_ZFC_refl_uu.xy
#Select data from 0.0038
#Select data above noise threshold of 0.0.
#Applying footprint correction for a equidistributed beam using a sample size of 15 and a beam size of 1.
#Rescaling data by setting mean value between 0.0066 .. 0.0092 (Imean = 1.5884048388908094) to 1.
#Load data from ../boxed_data/ES_S12_30K_730mT_ZFC_refl_dd.xy
#Select data from 0.0038
#Select data above noise threshold of 0.0.
#Applying footprint correction for a equidistributed beam using a sample size of 15 and a beam size of 1.
#Rescaling data by renormalization factor 1.5884048388908094.
#[[Data]]
#q / A-1	I / a.u.	sI / a.u.
0.0038080100094057654	0.3148672016631326	0.06165054252773461
0.004569611184448675	0.24127757379809592	0.017982279640324617
0.0053312119084890424	0.5914828006799016	0.017683483317690166
0.006092812106359889	0.8860627139354146	0.02066407068294918
0.00685441170289429	1.023668319403678	0.02220265381627208
0.007616010622925375	1.0575338282769617	0.02263323998508346
0.008377608791286349	1.0422661218283529	0.022539370244651663
0.009139206132810482	1.009770717767465	0.021266464740642494
0.009900802572331132	0.9321631591076418	0.019626277708142428
0.010662398034681744	0.8063832842377666	0.018362128500293996
0.011423992444695859	0.6701538945854426	0.017678757284492627
0.012185585727207121	0.6217077019008802	0.017478456235015385
0.012947177807049291	0.7390415299009596	0.017962899394038737
0.013708768609056237	0.9211652641936913	0.019450839490328876
0.014470358058061968	0.9492171656988606	0.021510016144068767
0.015231946078900608	0.7383327462426964	0.02061954493090828
0.015993532596406446	0.42940306657215105	0.015550208466957685
0.0167551175354139	0.20158955328911177	0.00965549978852626
0.01751670082075755	0.09207129835819343	0.005642374261967882
0.018278282377272134	0.04920892408361074	0.0035485536907061514
0.019039862129792574	0.03687395332988737	0.0026344085529710166
0.019801440003153963	0.04554305776075633	0.0023063840044666418
0.02056301592219157	0.07024291097072531	0.0023394806380858044
0.021324589811740867	0.08573453957831265	0.0023645571497372033
0.022086161596637524	0.07072100186290861	0.0020710714461926595
0.02284773120171743	0.04101873717205615	0.0015585825303441258
0.02360929855181667	0.020247611943004968	0.0010967765600215125
0.024370863571771557	0.011435699328529177	0.0008004726235332956
0.02513242618641864	0.008531322049592529	0.0006347428909554
0.025893986320594704	0.007935804282543025	0.0006006233198764287
0.026655543899136776	0.010741313096795376	0.0006739562975292053
0.027417098846882135	0.01932127147033445	0.0008210325718227977
0.028178651088668315	0.0319499521089659	0.0009776385884301335
0.02894020054933314	0.040016126821768715	0.0010582778088849202
0.029701747153714684	0.03581610771224575	0.0009772737974058608
0.03046329082665129	0.023451144705029268	0.0007717588806564632
0.031224831492981647	0.013007464601009523	0.0005642752281482018
0.03198636907754468	0.007991458718666095	0.0004257225307130794
0.03274790350517964	0.006345409113751077	0.00036088922194421234
0.033509434700726114	0.0055834689115559335	0.0003345125152600705
0.034270962589023964	0.00551247709465912	0.00032936302561904513
0.03503248709491341	0.007062208498879224	0.000370727022204913
0.035794008143235	0.011058697185805792	0.00046080310043630497
0.03655552565882962	0.016786242787978054	0.0005420152800325088
0.0373170395665385	0.02019258941519908	0.0005676158769550412
0.03807854979120322	0.018326378578361016	0.0005232351427815339
0.038840056257665755	0.013281568704262392	0.0004333377148817893
0.03960155889076842	0.008169190188039747	0.00033322229179527305
0.040363057615353914	0.004791124588840517	0.0002518714090729997
0.04112455235626534	0.003199107755826761	0.00020142038450850797
0.04188604303834615	0.0021334165353397707	0.00016087542818227498
0.04264752958644027	0.0014554515855312886	0.00013090047615369108
0.04340901192539195	0.0012291931201387043	0.00011656504551665107
0.04417048998004591	0.001063562886909006	0.00010535844687162895
0.0449319636752473	0.0008793022253044766	9.537967537065192e-05
0.04569343293584165	0.0007911967044851964	8.800480733988245e-05
0.046454897686674976	0.0007315898918557246	8.26773380960343e-05
0.04721635785259371	0.0006189247595281666	7.542973703345796e-05
0.04797781335844474	0.0005105913151293572	6.779533520681608e-05
0.048739264129075456	0.000573359995244042	7.018771771564595e-05
0.049500710089333634	0.0007911757308200658	7.909884618169745e-05
0.05026215116406759	0.0010483986881430851	8.991839686479267e-05
0.0510235872781261	0.0012575756663645798	9.895845878887356e-05
0.05178501835635845	0.0016978387088403847	0.00011296868173235337
0.05254644432361439	0.0024862168481906846	0.00013191231418494827
0.05330786510474418	0.00314144093728917	0.00014590423182738357
0.05406928062459862	0.0034227841244222523	0.00014787247290678725
0.054830690808029006	0.0034106485519959724	0.00014204608401150766
0.05559209557988717	0.0031221038751721333	0.00013266886996547792
0.056353494865025444	0.0026183437717951234	0.00011777471553843983
0.05711488858829677	0.0019866274594930776	0.0001000200654013406
0.05787627667455458	0.0015026697104536212	8.626728381631773e-05
0.05863765904865289	0.0012262301122228922	7.611499079802684e-05
0.05939903563544628	0.001026301237084771	6.80663205373163e-05
0.060160406359789864	0.0008826313756212986	6.216879227573537e-05
0.060921771146539384	0.0008099845475200754	5.8171291959371504e-05
0.061683129920551166	0.000737148874640008	5.444885653435813e-05
0.062444482606682075	0.000663278629382752	5.018082820283861e-05
0.06320582912978964	0.0005979498863522867	4.658491380709707e-05
0.06396716941473196	0.0005358304897038139	4.351920150845724e-05
0.06472850338636776	0.0004604141555547481	4.029901178854343e-05
0.06548983096955639	0.0003789525914216242	3.643128838574967e-05
0.06625115208915784	0.0003501825168926728	3.414769957073956e-05
0.06701246667003273	0.00039984684840522133	3.520814712818881e-05
0.0677737746370423	0.0004870770906700833	3.85264293335411e-05
0.06853507591504848	0.000587690985557627	4.15541087768763e-05
0.06929637042891386	0.0007257162101119648	4.502053311871012e-05
0.07005765810350167	0.0008468786961570784	4.77248455610205e-05
0.07081893886367584	0.0008673875425966589	4.7063391243288784e-05
0.07158021263430092	0.0007862583386197982	4.342664400389865e-05
0.07234147934024228	0.0006661180310460793	3.888907704053425e-05
0.07310273890636586	0.0005456332038463907	3.453895627867385e-05
0.07386399125753836	0.000448860708047244	3.055184702518341e-05
0.07462523631862718	0.00036279472292636287	2.7226416803868658e-05
0.07538647401450045	0.00030725658441420307	2.4658973464673982e-05
0.07614770427002703	0.0002655195509866943	2.2512620145172357e-05
0.07690892701007651	0.00020619112292143377	1.993165592829449e-05
0.07767014215951921	0.00014792360811769335	1.683584621576168e-05
0.0784313496432262	0.00012707763156123407	1.5284995610585177e-05
0.0791925493860693	0.00011747092518454417	1.4327643598237908e-05
0.07995374131292114	0.00011048818707773755	1.3510169816891802e-05
0.08071492534865507	0.00011816883273714021	1.377511947596917e-05
0.08147610141814525	0.00010289398816543105	1.2877416687166949e-05
0.0822372694462666	7.997275354976635e-05	1.1324965151862704e-05
0.08299842935789485	7.594906636334623e-05	1.0912241378412742e-05
0.08375958107790651	8.058835512411662e-05	1.111895143789207e-05
0.08452072453117895	8.6079726046322e-05	1.1238647511543917e-05
0.08528185964259034	8.602963415547471e-05	1.1164881482801948e-05
0.08604298633701961	8.319101984738597e-05	1.0793817417463667e-05
0.08680410453934656	7.256653533900518e-05	9.959428988414555e-06
0.0875652141744519	6.285721208115246e-05	9.352213633404073e-06
0.08832631516721703	5.3043192355435535e-05	8.699325187821889e-06
0.08908740744252437	4.982059478637893e-05	8.681671505168611e-06
0.08984849092525711	6.43561218600836e-05	9.49081332352104e-06
0.09060956554029928	6.932847074142976e-05	9.465496743610982e-06
0.09137063121253587	6.109865239517285e-05	8.924480465565602e-06
0.09213168786685269	5.96102308274636e-05	8.796034012959797e-06
0.09289273542813647	5.8230474509797926e-05	8.546500289607729e-06
0.09365377382127482	5.468718080190261e-05	8.20091252384971e-06
0.09441480297115626	5.2456857774638097e-05	8.083084313514389e-06
0.09517582280267024	5.173317052656032e-05	8.044948308749308e-06
0.09593683324070708	5.173788162888923e-05	8.050329276036285e-06
0.0966978342101581	5.043864033884037e-05	7.881839765657655e-06
0.09745882563591547	4.704011439975602e-05	7.561601002830784e-06
0.0982198074428724	4.103014374360789e-05	7.156161291788877e-06
0.09898077955592297	4.145573777036869e-05	7.161374470046419e-06
0.09974174189996222	4.743551823357676e-05	7.513456550880732e-06
0.10050269439988624	4.8388461262157815e-05	7.515452723202452e-06
0.10126363698059199	4.182584184739229e-05	7.188427025501975e-06
0.10202456956697742	3.583740643278578e-05	6.817223740561923e-06
0.10278549208394154	3.759661825509846e-05	6.830322893407625e-06
0.1035464044563843	3.8663961877586464e-05	6.855371440437866e-06
0.10430730660920663	3.7544223168664204e-05	6.726467975241381e-06
0.10506819846731055	3.764146362149385e-05	6.668609078655008e-06
0.105829079955599	3.343936957157436e-05	6.332730342770885e-06
0.10658995099897602	3.113657969937022e-05	5.9923763335058845e-06
0.1073508115223466	2.994211769539226e-05	5.793079239473994e-06
0.10811166145061686	2.8907660612375386e-05	5.64405222709491e-06
0.1088725007086939	2.6002979218734787e-05	5.338950846218564e-06
0.10963332922148596	2.107292235535092e-05	4.925576263888669e-06
0.11039414691390217	1.9348501642798774e-05	4.755741343996269e-06
0.11115495371085292	1.838037870997922e-05	4.524735026543833e-06
0.11191574953724952	1.5727821563129715e-05	4.166033443588642e-06
0.11267653431800448	1.1974367218430176e-05	3.7907987890387026e-06
0.11343730797803138	1.1758387379885661e-05	3.7300658712522206e-06
0.1141980704422448	1.2630642717129244e-05	3.809471058647496e-06
0.11495882163556052	1.4116276895414253e-05	3.99400168339616e-06
0.11571956148289543	1.65679647811435e-05	4.28349804005839e-06
0.11648028990916748	1.9081747192796933e-05	4.471557160658345e-06
0.11724100683929582	1.893720816383641e-05	4.493524901831777e-06
0.11800171219820067	1.4286844617451364e-05	4.084398555127003e-06
0.11876240591080349	1.5224835294025496e-05	4.0336686916163385e-06
0.11952308790202669	1.3288167882432923e-05	3.812556307126163e-06
0.12028375809679408	1.2028787407545847e-05	3.8048799708207874e-06
0.12104441642003048	1.5305649743714032e-05	4.267599874386313e-06
0.12180506279666192	1.4305650025621316e-05	4.092761045251901e-06
0.12256569715161565	1.244008046580137e-05	3.6120650046608456e-06
0.12332631940982001	1.0941747524688195e-05	3.3607391438042206e-06
0.12408692949620462	1.0722043482033727e-05	3.377633332329587e-06
0.12484752733570031	1.0752458730107529e-05	3.2876345049926276e-06
0.125608112853239	8.40295267414643e-06	2.8433077005396603e-06
0.12636868597375403	2.8089931556929907e-06	1.6419409539922234e-06
