#Initialized App on 2018-12-28 17:19:51.987673
#Set wavelength to 5.1836 A
#Load data from ../boxed_data/ES_S12_300K_4mT_refl_uu.xy
#Select data from 0.0038
#Select data above noise threshold of 0.0.
#Applying footprint correction for a equidistributed beam using a sample size of 15 and a beam size of 0.5.
#Rescaling data by setting mean value between 0.0066 .. 0.0092 (Imean = 0.7214223952003748) to 1.
#[[Data]]
#q / A-1	I / a.u.	sI / a.u.
0.004097447982740846	1.1085007265271638	0.017076076333276395
0.0044389016207246924	1.0989885301220612	0.017436908680937724
0.004780355172169867	1.0771443397424463	0.01786783469601053
0.005121808630419555	1.0697683800193083	0.01823892596834889
0.005463261988816949	1.06737784709898	0.018898687291323848
0.005804715240705238	1.044918204053759	0.01947810408008945
0.006146168379427613	1.0209717186238008	0.01961824046720907
0.006487621398327273	1.0159780170716874	0.019573236632205167
0.006829074290747414	1.0120754758072847	0.01954472514898551
0.007170527050031234	1.0025744660461555	0.020057418871989318
0.007511979669521937	1.0058122561450367	0.02023686046445482
0.00785343214256273	1.0040730278435739	0.019873707706502753
0.008194884462496822	0.9998686279474934	0.019511783077865264
0.00853633662266742	0.9980045474531457	0.019394038458898998
0.008877788616417743	0.9775915987573096	0.01980738365537583
0.009219240437091004	0.9401767948936814	0.020046098180573062
0.009560692078030425	0.8791463912576419	0.020344531244928892
0.009902143532579236	0.8077450898965425	0.02064856090068063
0.010243594794080657	0.7305997807091982	0.020443906455703573
0.010585045855877929	0.6425615167611346	0.02053641777303693
0.010926496711314277	0.5838205227709671	0.020546645308639228
0.011267947353732948	0.5705384508090013	0.0209465157469511
0.011609397776477185	0.6085026120952723	0.021428550797478515
0.011950847972890236	0.7068483762159296	0.02155460973800832
0.01229229793631535	0.832812800654604	0.0224890965001961
0.012633747660095791	0.9564904804777326	0.023969585647520514
0.012975197137574815	1.0505346109030649	0.025915309645046333
0.01331664636209569	1.0880980641570284	0.02743095168064907
0.013658095327001692	1.0462710845170462	0.027103143519214088
0.013999544025636088	0.9247942534198685	0.025088685556759003
0.01434099245134217	0.7669448513351282	0.0211548973420299
0.01468244059746322	0.6019145951754228	0.016805603493200292
0.015023888457342531	0.4455305535734256	0.012970217796666943
0.015365336024323401	0.31232144684945057	0.009838491903819684
0.015706783291749137	0.21218952431932522	0.007892992307359563
0.016048230252963046	0.14957466008294876	0.006398407562100769
0.016389676901308443	0.10905528917299598	0.005162987918748373
0.01673112323012865	0.0795475388625931	0.004417094009519327
0.017072569232766996	0.060191577124461236	0.003867325061804208
0.017414014902566815	0.047955300636169644	0.003573230558028555
0.017755460232871452	0.04171364898437545	0.0032654828747864044
0.018096905217024246	0.039956995715106025	0.003007089970342903
0.01843834984836856	0.04079430621549548	0.0029840900926743712
0.018779794120247748	0.04705665518423807	0.003048538521910137
0.01912123802600518	0.0605097770196488	0.003158096022860398
0.019462681558984233	0.07883625453606463	0.0032091355441666155
0.019804124712528293	0.09748995059500791	0.003194239260749608
0.020145567479980742	0.1102105154969088	0.0031201174339711302
0.02048700985468498	0.10736843484523027	0.002917952901846981
0.02082845182998442	0.08976571140875	0.0025853429675368753
0.02116989339922247	0.06657264355969132	0.0021726689502282884
0.021511334555742535	0.046442403951959116	0.0018380189941318767
0.02185277529288807	0.03305820224198573	0.0015496673815060178
0.022194215604002494	0.023120265079294686	0.0012926351802809992
0.02253565548242926	0.017046037609910934	0.0011191063278862894
0.022877094921511826	0.013806119444797888	0.0009826112473376846
0.023218533914593643	0.011602298855710342	0.0008660522234217359
0.023559972455018188	0.009681381951220211	0.0007895805083917894
0.02390141053612894	0.009059061953924058	0.0007505055042195922
0.024242848151269387	0.009053910206701309	0.0007103299067891974
0.024584285293783033	0.009103159813506836	0.0006713694859621413
0.024925721957013376	0.01020771540054215	0.000694385969995091
0.02526715813430394	0.01171801542778563	0.000759121502969253
0.025608593818998247	0.014756184272043841	0.0008132955900140786
0.025950029004439837	0.019929406113200373	0.0009000083706146286
0.026291463683972244	0.02640215292692424	0.000990555472141926
0.026632897850939034	0.03417313961812397	0.0010665985352381728
0.02697433149868377	0.04171031893636653	0.0011215277834397952
0.027315764620550024	0.04771540514995303	0.0011317285909252111
0.02765719720988138	0.04982618441732471	0.0011236968770015445
0.027998629260021446	0.04651043744766228	0.0010657960179070883
0.02834006076431381	0.03935330305277198	0.0009521279636550078
0.028681491716102115	0.03105384065796806	0.000825228187169423
0.02902292210872996	0.023401116297742906	0.0007102643086094491
0.029364351935540996	0.016668571075120472	0.0006001652510198869
0.02970578118987888	0.012283846170693549	0.0005055816151496033
0.03004720986508726	0.009606941980568143	0.0004402441221870862
0.030388637954509818	0.007791251574854835	0.00039653333111736976
0.03073006545149023	0.006842167333838959	0.0003731957288753657
0.0310714923493722	0.006266996839458708	0.0003626523071352934
0.03141291864149943	0.006100151451615448	0.0003597744901666822
0.03175434432121564	0.005891176927351192	0.00035020344053860385
0.03209576938186455	0.005514231314374957	0.0003355732049537586
0.03243719381678992	0.005701973561985711	0.0003420180828713193
0.032778617619335496	0.006115953539313196	0.00036428972344013295
0.03312004078284504	0.006823325392200664	0.0003823998246707974
0.033461463300662346	0.008236513562113629	0.00040975888413184334
0.03380288516613119	0.010035538718276267	0.00045273342282335356
0.03414430637259539	0.01262764703075464	0.0005137571540602857
0.03448572691339876	0.016082933099517204	0.0005768760820575251
0.03482714678188512	0.02025297656866168	0.0006195262023192306
0.035168565971398336	0.024519248884675725	0.0006530357016630108
0.035509984475282245	0.027556365849442606	0.0006803960674311231
0.035851402286880725	0.027955545798296587	0.0006709874429136794
0.03619281939953766	0.02645407537238569	0.0006417139291420205
0.036534235806596954	0.02353081340548154	0.0005892881796950887
0.036875651501402505	0.019464178607386803	0.0005222948883096698
0.03721706647729824	0.015732177094956463	0.0004653081035308787
0.037558480727628116	0.012159560840439907	0.0004058938800347715
0.03789989424573607	0.009176868591430298	0.0003513218978239206
0.038241307024966066	0.0071212768338506415	0.00030867671983126455
0.038582719058662104	0.005834378167306782	0.0002780236519076866
0.03892413034016816	0.004847309228104621	0.0002525435983374898
0.03926554086282827	0.00400517503371149	0.00022825997077214954
0.03960695061998643	0.00350898362547006	0.00020999020161562945
0.0399483596049867	0.0030486080167535885	0.0001956478956327537
0.04028976781117314	0.0025101622348159564	0.00018231251595408494
0.04063117523188981	0.002166691374118836	0.0001686040770838562
0.04097258186048079	0.0018947846294381152	0.00015631937940959332
0.04131398769029021	0.001682358814441325	0.00014898950180273547
0.04165539271466216	0.001572504702007675	0.00014239685520707989
0.041996796926940784	0.0013960566171344294	0.00013411949363819763
0.04233820032047024	0.0012476188315376183	0.00012694826920628486
0.04267960288859467	0.0011180550571603571	0.00012038259585911926
0.04302100462465828	0.0011170674585259546	0.00011767483435369328
0.043362405522005244	0.0011736386037528334	0.00011835740337365463
0.04370380557397979	0.001094515374929504	0.0001146338391111161
0.04404520477392616	0.0009333723032448557	0.00010792255558561167
0.04438660311518858	0.0008813845866057768	0.00010488884358138498
0.04472800059111132	0.0009011008461657559	0.00010502325636556158
0.04506939719503866	0.0009412942004297159	0.00010444209289120585
0.04541079292031489	0.0008745509021110364	0.00010147715662017555
0.04575218776028434	0.0008437272905319584	0.00010074379735633332
0.046093581708291344	0.000891296073647023	0.00010091347238286943
0.046434974757680235	0.0008299578419704898	9.881180109785719e-05
0.04677636690179539	0.0008744052120907133	9.988889422937722e-05
0.04711775813398118	0.0008891352767601317	0.00010007627334480776
0.04745914844758201	0.0009173753937916756	0.0001054459188366081
0.04780053783594233	0.001005533326404878	0.00011068545026699929
0.048141926292406545	0.001021845769499568	0.0001132212410846232
0.04848331381031912	0.0011871912166532335	0.0001194672544935526
0.04882470038302454	0.0014374778908096521	0.00012572587856834517
0.04916608600386728	0.0016020229740154946	0.0001308217847817555
0.04950747066619186	0.0019562757504524744	0.00014277416311052996
0.04984885436334282	0.0025193355037490964	0.0001584083975612938
0.05019023708866469	0.0029107292038282745	0.0001723182934726768
0.050531618835502064	0.003308768685054214	0.00018413762093277632
0.0508729995971995	0.0038747269083193848	0.0001944850903959246
0.05121437936710162	0.004435332599015527	0.00020245759913903164
0.05155575813855305	0.004832862499730386	0.00020757098866314952
0.05189713590489843	0.005093616264237155	0.00021062853175021832
0.052238512659482414	0.005061098562597414	0.0002097398250782294
0.05257988839564973	0.005046629647989803	0.00020805063011513752
0.052921263106745026	0.004931509268754125	0.00020286908467734765
0.05326263678611306	0.004428478438602012	0.00019051923768246675
0.05360400942709858	0.004089316714308369	0.0001820765672181375
0.05394538102304632	0.0036851961599777172	0.0001722406518904277
0.0542867515673011	0.0031823512606214683	0.00015966648061483885
0.054628121053207704	0.0026447695521665026	0.0001468554946080813
0.054969489474110955	0.00229343090318086	0.00013720339375547692
0.05531085682335571	0.0021539530990500313	0.00013033719615738817
0.05565222309428684	0.0019556845967603933	0.0001240191027377165
0.05599358828024923	0.0017694269971878565	0.00011789289730737872
0.0563349523745878	0.0016658560470948153	0.00011295743557749844
0.05667631537064744	0.0016819842834542417	0.00011203164507540933
0.05701767726177316	0.0015519840812749568	0.00010732235762707215
0.0573590380413099	0.0013760769852439855	0.00010221969116812668
0.057700397702602664	0.0014194877192984484	0.00010392544497247323
0.05804175623899646	0.0013868375813589958	0.00010145104922247324
0.05838311364383634	0.0012876122947729877	9.758868023984246e-05
0.05872446991046737	0.0013301106005771202	9.978158018659247e-05
0.05906582503223463	0.0013587831396622686	0.000101976003574633
0.05940717900248321	0.0012787054900927322	9.8401647515409e-05
0.05974853181455825	0.0011861784050472676	9.318782031466548e-05
0.060089883461804904	0.001208277642744785	9.374077949937792e-05
0.06043123393756834	0.0012043845969431245	9.266663285685343e-05
0.06077258323519376	0.001133982099136488	9.037843326988001e-05
0.061113931348026396	0.0010821521397245642	8.842385002833794e-05
0.06145527826941146	0.0010928041338654523	8.742139420144825e-05
0.061796623992694234	0.0010493313902567418	8.564049110968539e-05
0.06213796851122002	0.0009109046461625123	8.085052302900953e-05
0.062479311818334105	0.0007913684318809076	7.429466572322303e-05
0.06282065390738184	0.0007118891863899757	6.986007324747949e-05
0.0631619947717086	0.0006502041467520298	6.767449564651189e-05
0.06350333440465976	0.0006216114230203469	6.711412279690437e-05
0.0638446727995807	0.0005750026680430086	6.575572880888567e-05
0.0641860099498169	0.0004926085063312253	6.381960235972904e-05
0.06452734584871375	0.000501562013037852	6.344730514666409e-05
0.0648686804896168	0.0006219183757101599	6.760514150997252e-05
0.06521001386587152	0.0007035455693189909	7.307378630236466e-05
0.06555134597082346	0.0008212737879703214	7.741369057158361e-05
0.06589267679781816	0.0009511321096704765	8.026646393704481e-05
0.06623400634020118	0.00105866743753033	8.38999908637948e-05
0.06657533459131816	0.001208213937944491	8.912461636864752e-05
0.06691666154451471	0.001286579075275518	9.121006387334783e-05
0.06725798719313651	0.0013313632250081535	9.219524032324672e-05
0.0675993115305292	0.0014217984336202534	9.369144231165733e-05
0.06794063455003851	0.0015462928379393732	9.543042504681845e-05
0.06828195624501021	0.0016008490725064686	9.619423883650955e-05
0.06862327660878999	0.0015524276304799867	9.384112994565837e-05
0.06896459563472367	0.001443946962203742	8.970375344843886e-05
0.06930591331615704	0.001311856687864801	8.429700367833986e-05
0.06964722964643595	0.0011690048096025217	8.089584458164235e-05
0.06998854461890629	0.0010355951182136898	7.680985862200627e-05
0.07032985822691389	0.000967077169206276	7.274795966640587e-05
0.07067117046380471	0.0008810722439434136	6.899476016702316e-05
0.07101248132292466	0.0007687438103501788	6.447468871878378e-05
0.07135379079761973	0.0007093895841505926	6.162040052602667e-05
0.07169509888123593	0.0006788753163610707	5.873636512570049e-05
0.07203640556711927	0.000621532698614801	5.5597283486008854e-05
0.07237771084861576	0.0005231326868350414	5.1722277994511766e-05
0.07271901471907155	0.00046337749509463695	4.8811716540835e-05
0.0730603171718327	0.0004560460004620648	4.785372989410989e-05
0.07340161820024535	0.00042474743765709536	4.5694964242476344e-05
0.07374291779765567	0.0003503315309782419	4.18352114057515e-05
0.07408421595740983	0.00029001544926455077	3.874271787941743e-05
0.07442551267285406	0.0002556010905144035	3.627198885009255e-05
0.07476680793733462	0.00022604081822567157	3.383640044258946e-05
0.07510810174419776	0.00024584167547748596	3.462431302180076e-05
0.07544939408678977	0.0002573932311514766	3.5400394540695694e-05
0.07579068495845702	0.00021760790574553893	3.337090769333815e-05
0.07613197435254583	0.0002025235496485779	3.2181769565393536e-05
0.07647326226240261	0.00018868139717899776	3.0352892055874623e-05
0.07681454868137379	0.00016979716430025947	2.8588737959778268e-05
0.07715583360280578	0.00016138230421008175	2.8247933540926856e-05
0.07749711702004507	0.0001799306058048588	2.9665011011460303e-05
0.07783839892643818	0.0001814230827713327	2.929333455871554e-05
0.07817967931533162	0.00014564988589408105	2.6238217413355607e-05
0.07852095818007195	0.00012257720228496768	2.360857945622301e-05
0.07886223551400579	0.0001232141059429056	2.371910530034537e-05
0.07920351131047974	0.00013339731986535919	2.439459898929692e-05
0.07954478556284046	0.00011925316059411131	2.298927049071935e-05
0.07988605826443464	8.24343601315938e-05	2.0819875103557227e-05
0.080227329408609	8.637615212530415e-05	2.1537369675399867e-05
0.08056859898871023	0.00011272730864584957	2.2765243617458624e-05
0.08090986699808517	9.607429481327477e-05	2.0910222238894525e-05
0.08125113343008059	8.966977045276978e-05	2.037500021280305e-05
0.08159239827804332	0.00010144787614255295	2.16159032987322e-05
0.08193366153532027	9.654409069689549e-05	2.1178066434951144e-05
0.08227492319525828	9.050767208656664e-05	2.0892683130168673e-05
0.08261618325120433	8.134313738205786e-05	1.9403163762941495e-05
0.08295744169650533	7.177524260232619e-05	1.7938718642018327e-05
0.08329869852450832	9.328836709218317e-05	2.0039517591115078e-05
0.08363995372856027	0.00010833285117140114	2.1566116450706472e-05
0.08398120730200825	9.980586454866233e-05	2.131181305926018e-05
0.0843224592381994	0.00010747559778498258	2.1556261788301094e-05
0.08466370953048077	0.00011436665067636372	2.1917977374821904e-05
0.08500495817219954	9.576154040324924e-05	1.9886137337895755e-05
0.08534620515670287	8.27171778978667e-05	1.8667149197461242e-05
0.08568745047733803	0.0001052852773266867	2.135609319818531e-05
0.08602869412745219	0.00011348230484634983	2.1860536672156572e-05
0.08636993610039269	7.286045478584043e-05	1.8142768416611455e-05
0.0867111763895068	6.466180989454773e-05	1.7050720408346643e-05
0.08705241498814191	9.610468669136706e-05	1.979128004019943e-05
0.08739365188964536	9.703930418624476e-05	1.99424240796362e-05
0.08773488708736457	8.413212002995096e-05	1.891890615940286e-05
0.08807612057464699	7.639643412624505e-05	1.8464324094890114e-05
0.08841735234484009	6.998995065288036e-05	1.7469773354975228e-05
0.08875858239129139	7.661420097828819e-05	1.815952071028784e-05
0.08909981070734843	7.460860268640159e-05	1.8277669458533786e-05
0.08944103728635878	7.001064622211715e-05	1.7686379464558723e-05
0.08978226212167006	7.93339695169212e-05	1.8501682792452577e-05
0.09012348520662994	7.439017131402411e-05	1.758972406608477e-05
0.09046470653458605	5.689278993120731e-05	1.5795198604454765e-05
0.09080592609888616	5.9343931377715306e-05	1.658446218032512e-05
0.09114714389287798	8.079277075325455e-05	1.8494181762623235e-05
0.0914883599099093	8.10304535983567e-05	1.8029928072901363e-05
0.09182957414332793	6.3979399847538e-05	1.6686621619722536e-05
0.09217078658648177	4.989149772431091e-05	1.5397592073988726e-05
0.09251199723271863	5.4911423438304483e-05	1.5372711685418406e-05
0.09285320607538651	6.85150079820592e-05	1.664891433957789e-05
0.0931944131078333	6.030844880793783e-05	1.6237952371233997e-05
0.09353561832340705	3.8477279093383086e-05	1.4777965301872416e-05
0.09387682171545576	4.7450634901951686e-05	1.649859786213816e-05
0.0942180232773275	5.3504437257990423e-05	1.651577490366534e-05
0.09455922300237037	5.588651892073991e-05	1.621911477555962e-05
0.09490042088393251	6.545717750029211e-05	1.7228930358737267e-05
0.09524161691536208	5.935515786287837e-05	1.6526226862180745e-05
0.0955828110900073	5.9219526826760266e-05	1.637328701167699e-05
0.0959240034012164	6.30944963210841e-05	1.658340947038538e-05
0.09626519384233766	6.242125932525843e-05	1.6001135356188492e-05
0.09660638240671944	6.392710724580638e-05	1.600553644031262e-05
0.09694756908771003	6.916467771129576e-05	1.6775990279984473e-05
0.09728875387865786	6.249286518444786e-05	1.5899685996368703e-05
0.09762993677291136	5.807335368657951e-05	1.5421602941049776e-05
0.09797111776381892	6.0353334817123845e-05	1.597863555423681e-05
0.09831229684472916	5.94177512742753e-05	1.6046577617202937e-05
0.09865347400899055	5.675289018320394e-05	1.590495926406344e-05
0.09899464924995166	6.151193557469667e-05	1.651656086103022e-05
0.09933582256096112	5.6971169846474545e-05	1.637273112427965e-05
0.09967699393536757	5.402593801063515e-05	1.5949636042290674e-05
0.10001816336651974	5.357227255443495e-05	1.530996005354652e-05
0.10035933084776628	4.099488062749427e-05	1.3862173419898274e-05
0.10070049637245602	5.2065251847248667e-05	1.506236911272172e-05
0.10104165993393774	5.489235637753606e-05	1.5447533644755412e-05
0.10138282152556025	4.1838451999971666e-05	1.4060598330772876e-05
0.10172398114067249	4.87403220545054e-05	1.5405846781159385e-05
0.10206513877262335	5.158269212800911e-05	1.5870360661445308e-05
0.10240629441476176	4.1191057107249044e-05	1.4084164051753996e-05
0.10274744806043674	3.978377389697245e-05	1.3255848031390462e-05
0.10308859970299734	4.113497893709312e-05	1.4056029821333983e-05
0.1034297493357926	4.2212589611509154e-05	1.4521799698307929e-05
0.10377089695217166	4.544502007894846e-05	1.4209254918058612e-05
0.10411204254548366	3.930575412961673e-05	1.4200418015602631e-05
0.10445318610907776	4.143125188261559e-05	1.4196664161732448e-05
0.10479432763630327	4.748165058059228e-05	1.4300130930376831e-05
0.10513546712050939	5.874943885180913e-05	1.561302294622935e-05
0.10547660455504543	5.275803636294902e-05	1.4928901885399907e-05
0.10581773993326077	3.672640569260339e-05	1.2782000910785742e-05
0.1061588732485048	3.960676173225909e-05	1.2664876690962979e-05
0.10650000449412694	3.756886314291075e-05	1.3118892711735494e-05
0.10684113366347668	3.247131615175732e-05	1.3592459024041885e-05
0.10718226074990349	3.30094121871988e-05	1.3371847129573987e-05
0.10752338574675696	3.020475017136292e-05	1.2306564131324625e-05
0.10786450864738666	2.4312196926841797e-05	1.1767828764290725e-05
0.10820562944514223	3.011678102705032e-05	1.215493906135974e-05
0.10854674813337334	3.550359454591594e-05	1.2563869801726516e-05
0.10888786470542973	3.0158607722967468e-05	1.2153475650550007e-05
0.10922897915466113	2.5223927551547572e-05	1.154452640412247e-05
0.10957009147441733	2.661731066752535e-05	1.1412660316409033e-05
0.1099112016580482	3.4979061465121714e-05	1.2551380433219304e-05
0.1102523096989036	3.9946153615290525e-05	1.3883238965196146e-05
0.11059341559033346	4.032737964825338e-05	1.3906731144368145e-05
0.11093451932568776	3.360913259695211e-05	1.2721609800833598e-05
0.11127562089831648	3.008807449650368e-05	1.2741251541809948e-05
0.11161672030156972	4.087455568353158e-05	1.406493937047244e-05
0.11195781752879749	3.231024268151905e-05	1.2813278463195288e-05
0.11229891257335	2.3977931601910727e-05	1.1705580885487556e-05
0.11264000542857737	2.828993015317723e-05	1.3016105253293262e-05
0.11298109608782982	3.3559501136014144e-05	1.3476056931371248e-05
0.11332218454445767	4.087302134293768e-05	1.3973485672913758e-05
0.11366327079181117	3.022778215145068e-05	1.3305729174608374e-05
0.11400435482324071	2.4394005876358543e-05	1.2247142456599041e-05
0.11434543663209665	3.622258975749967e-05	1.271399180759337e-05
0.11468651621172946	3.981044837019015e-05	1.318693705340079e-05
0.11502759355548954	3.4225621607434544e-05	1.260113484179065e-05
0.11536866865672751	3.0214435805685402e-05	1.211835851046605e-05
0.11570974150879386	2.3845970690601157e-05	1.15780702076898e-05
0.11605081210503923	2.5242142249961684e-05	1.1435892187678838e-05
0.11639188043881428	2.8333750420692818e-05	1.166368705653336e-05
0.11673294650346969	2.6017711058265462e-05	1.147272911420366e-05
0.11707401029235621	3.2185929667538675e-05	1.2626082558638812e-05
0.11741507179882463	3.7414124384551234e-05	1.2978567213165126e-05
0.11775613101622578	2.396770840590531e-05	1.1550348831051358e-05
0.11809718793791055	1.6965067064097593e-05	1.0454395063945979e-05
0.1184382425572298	2.279075041174057e-05	1.1179792599046055e-05
0.11877929486753457	2.3617332125323704e-05	1.1138268918941137e-05
0.11912034486217582	3.0496205565560048e-05	1.1225288313396413e-05
0.11946139253450458	3.4604685068611e-05	1.219458391432987e-05
0.11980243787787204	2.4543286469008507e-05	1.2248635569418536e-05
0.12014348088562929	2.561587012049162e-05	1.2393421950435466e-05
0.12048452155112753	3.4631004380258594e-05	1.2704988270910142e-05
0.12082555986771797	2.884773320131451e-05	1.085991103202552e-05
0.12116659582875193	1.7291089479944742e-05	9.202126217756791e-06
0.12150762942758071	1.2546543362874332e-05	9.24819844691722e-06
0.12184866065755572	2.280957864311481e-05	1.09276336902909e-05
0.12218968951202835	2.544914751444431e-05	1.088792582040346e-05
0.12253071598435004	1.9361133918712555e-05	9.615162602424886e-06
0.12287174006787238	1.8501160905703927e-05	1.0180112840453933e-05
0.12321276175594688	1.998482730051653e-05	1.122076908669354e-05
0.12355378104192517	1.6685813363216965e-05	1.1269232993852549e-05
0.12389479791915886	1.696051336404966e-05	1.0999846211228277e-05
0.1242358123809997	1.900535605626394e-05	1.0339324379077463e-05
0.12457682442079943	1.8230443227683983e-05	9.25029962216698e-06
0.1249178340319098	2.2072394884649917e-05	9.374993698433541e-06
0.12525884120768271	2.048046146986405e-05	9.812391349124497e-06
0.12559984594146997	2.0826486620506955e-05	1.054453580963314e-05
0.12594084822662363	2.4637670060921318e-05	1.0785637623390969e-05
0.1262818480564956	2.5490660532969804e-05	9.865762612097101e-06
0.1266228454244379	2.1015434740477807e-05	8.4539749869035e-06
0.12696384032380267	1.5959720376350993e-05	8.484301174599422e-06
0.127304832747942	1.2138463772921489e-05	7.835966678849095e-06
0.12764582269020808	4.46885082005157e-06	4.2534239523105285e-06
