#Initialized App on 2018-12-28 17:19:52.055540
#Set wavelength to 5.1836 A
#Load data from ../boxed_data/ES_S12_30K_730mT_FC_refl_uu.xy
#Select data from 0.0038
#Select data above noise threshold of 0.0.
#Applying footprint correction for a equidistributed beam using a sample size of 15 and a beam size of 1.
#Rescaling data by setting mean value between 0.0066 .. 0.0092 (Imean = 0.2824394538682238) to 1.
#Load data from ../boxed_data/ES_S12_30K_730mT_FC_refl_dd.xy
#Select data from 0.0038
#Select data above noise threshold of 0.0.
#Applying footprint correction for a equidistributed beam using a sample size of 15 and a beam size of 1.
#Rescaling data by renormalization factor 0.2824394538682238.
#[[Data]]
#q / A-1	I / a.u.	sI / a.u.
0.004019565932272999	0.6152897221433221	0.09357591169427441
0.004823478146285332	0.8064330606429817	0.033288113890197854
0.0056273898298747835	0.9740759221916321	0.03583634700457127
0.006431300894637692	1.0467097896701567	0.03999738976134161
0.0072352112521704565	1.065594861692666	0.040958909359433575
0.00803912081406956	1.0530799379945996	0.04095601036785419
0.008843029491931569	1.003708344120431	0.03978366939320674
0.00964693719735315	0.978924196432431	0.03719734914916692
0.010450843841931071	0.9408696020779341	0.03600760875644606
0.011254749337262223	0.8095922548191014	0.03617585159357795
0.01205865359494362	0.688542508497142	0.03253246823764846
0.012862556526572415	0.7097061715270525	0.0291766595920353
0.013666458043745899	0.8913879600083252	0.03159510412496098
0.014470358058061532	1.0342570489080696	0.03844120641786626
0.015274256481116931	0.894538026413044	0.041719308105417956
0.016078153224509877	0.5465881325880291	0.03395347888565254
0.01688204819983836	0.25372682029272825	0.020611831156316023
0.01768594131870055	0.11081224850161706	0.010682827821540251
0.018489832492694817	0.05724309875025466	0.005551546033303618
0.019293721633419754	0.04063070208441386	0.003448896484313395
0.020097608652474175	0.04751570001595545	0.0027603514847315707
0.020901493461457123	0.07272982227543183	0.002916477586937098
0.021705375971967894	0.09091626524160498	0.0033283964959343417
0.02250925609560602	0.07234497712803378	0.0033170359942019715
0.02331313374397132	0.038440201602215014	0.0025818102609388356
0.02411700882866386	0.01820263237979714	0.0016414040948666876
0.024920881261284004	0.010765482332762531	0.0010250803820693757
0.0257247509534324	0.009190744600239786	0.0007775968229196581
0.026528617816709996	0.010221315802738584	0.0007383299559424624
0.027332481762718065	0.016450813853452893	0.0008549715678824132
0.028136342703058186	0.028597989720168318	0.0011072731454750413
0.02894020054933227	0.04007000528871299	0.0014313903987614094
0.02974405521314259	0.041241816407538046	0.001574861431366713
0.030547906606091718	0.030483932536462546	0.00132863664851384
0.031351754639782646	0.016785772995301818	0.0009215949847504143
0.03215559922581869	0.008832759991314125	0.0006125691193918559
0.03295944027580357	0.006346173931363037	0.0004493083282691312
0.03376327770134139	0.005732420473856825	0.0003983806876311112
0.03456711141403665	0.006044634693641864	0.0004034232811778275
0.03537094132549425	0.008255101929047626	0.0004533489783656615
0.036174767347319545	0.012539386480411082	0.0005582584073488829
0.03697858939111824	0.018593530170073664	0.0006950850592288355
0.03778240736849657	0.02226497576850663	0.0007790240119909004
0.03858622119106116	0.019219557860547177	0.0007562108521120491
0.03939003077041909	0.012518027368848963	0.0006013697280816719
0.04019383601817794	0.007289121726199937	0.0004061510321900729
0.04099763684594575	0.004423733185888674	0.00028238428327032663
0.041801433165331046	0.002927828513390124	0.0002155261582460092
0.04260522488794284	0.00224266589224638	0.00017848049922126173
0.04340901192539065	0.0017482350348969947	0.0001539478674254553
0.04421279418928454	0.0012596687159704162	0.00013110219882510215
0.045016571591235045	0.0009296157825411361	0.00011088098717992322
0.0458203440428533	0.0009350446368199132	0.00010516126683804167
0.04662411145575093	0.0009348204633072135	0.00010191341666149851
0.047427873741540144	0.0007296460653594553	9.352100641248061e-05
0.048231630811833695	0.0007235204808130236	9.034316834215601e-05
0.04903538257824493	0.0008036239792309234	8.927695345089833e-05
0.04983912895238776	0.000969629173854982	9.548145058201985e-05
0.050642869845876695	0.0012532015367378642	0.00010670394333508124
0.05144660517032688	0.0015097426304055872	0.0001147295348421558
0.05225033483735399	0.002006147890146953	0.00012741331743841867
0.05305405875857442	0.002902883232837745	0.0001496603198371542
0.05385777684560514	0.0038531104878368645	0.0001728189854063701
0.05466148901006376	0.004202532700410817	0.00018222843169269604
0.05546519516356858	0.003881452924196731	0.00017274563292252217
0.056268895217738514	0.003180104466910777	0.00015120358325935792
0.05707258908419318	0.0024999455282803105	0.0001261894829711307
0.05787627667455284	0.002008464938315826	0.00010663964961651299
0.05867995790043853	0.001673597984625241	9.463845709836007e-05
0.05948363267347187	0.0013851404077809706	8.612724189058053e-05
0.06028730090527525	0.0011717398745456746	7.731006362868166e-05
0.06109096250747182	0.0009774038783394202	6.967327899638887e-05
0.06189461739168537	0.0008215421190567136	6.307390013793547e-05
0.06269826546954049	0.0008043134491467008	5.943370529000358e-05
0.0635019066526625	0.0007117481983470431	5.4752853903343576e-05
0.06430554085267748	0.0005728587282812147	4.756187784252338e-05
0.0651091679812123	0.0004693159437098288	4.1749764609697534e-05
0.06591278794989455	0.00043137341086711516	3.893795941072072e-05
0.06671640067035266	0.0004357164620083169	3.940519652951985e-05
0.06752000605421585	0.0004755334069137474	4.0488371117281304e-05
0.06832360401311413	0.0006291577588889403	4.482612450713958e-05
0.06912719445867832	0.0007732767483953965	4.922741949202086e-05
0.0699307773025401	0.0008807453044560163	5.203289025908552e-05
0.07073435245633194	0.0009745579087283809	5.365821886254197e-05
0.07153791983168722	0.0009515198871271832	5.2280587313138804e-05
0.07234147934024013	0.00083943365831414	4.858687527021418e-05
0.07314503089362569	0.0006987784485258217	4.393117892716227e-05
0.07394857440347986	0.0006139450547534089	4.061871476268811e-05
0.07475210978143948	0.0005565327884319866	3.694850548168787e-05
0.07555563693914225	0.00044009953257240924	3.1709869490617876e-05
0.07635915578822677	0.0003427553994146351	2.7349328491013316e-05
0.07716266624033263	0.0002844763023523684	2.458678809011174e-05
0.07796616820710021	0.00022488299647148612	2.191132845474607e-05
0.07876966160017096	0.00019809626284901253	2.0182292733590858e-05
0.07957314633118719	0.00018962065856685124	1.8845697187247648e-05
0.0803766223117922	0.00015656497290309344	1.6705721928179607e-05
0.08118008945363019	0.00012904338872843715	1.526423363939032e-05
0.08198354766834644	0.00011794457064321596	1.469245968325377e-05
0.08278699686758711	0.00011012905278452847	1.4067504755921345e-05
0.08359043696299942	0.0001029032654385166	1.371194231754101e-05
0.08439386786623153	9.520107068214884e-05	1.320487312411358e-05
0.0851972894889327	8.452457277843607e-05	1.2014327882874637e-05
0.08600070174275307	6.314843693733093e-05	1.0161479927681761e-05
0.08680410453934398	5.3944240023762134e-05	9.186362428414076e-06
0.08760749779035767	5.387638082899407e-05	8.970250605778907e-06
0.08841088140744752	5.069986740871543e-05	8.49639139071748e-06
0.0892142553022679	4.535578299683506e-05	7.693521803237128e-06
0.0900176193864743	4.625469283981781e-05	7.471465298144133e-06
0.09082097357172329	4.830672082447818e-05	7.633609955111255e-06
0.09162431776967249	4.250623565602256e-05	7.188776177735783e-06
0.09242765189198063	4.1973651189919464e-05	7.1591877148201745e-06
0.09323097585030757	3.992915227866915e-05	6.9370883672053164e-06
0.09403428955631428	3.8033885711237066e-05	6.614590655628112e-06
0.09483759292166286	3.5995658894085285e-05	6.10757255598977e-06
0.09564088585801647	3.39157679189818e-05	5.578962402968634e-06
0.0964441682770396	3.756905121711193e-05	5.749334042571743e-06
0.09724744009039771	3.656900256073539e-05	5.670210164781843e-06
0.09805070120975751	3.341259593454166e-05	5.350683707797605e-06
0.09885395154678688	3.10226071543091e-05	5.191914474163136e-06
0.09965719101315487	3.0384783851692826e-05	5.119211826602054e-06
0.10046041952053172	3.0775649338955356e-05	5.101519484173223e-06
0.10126363698058896	3.338951935512755e-05	5.122306794459538e-06
0.10206684330499921	2.898788398614965e-05	4.639195387715183e-06
0.10287003840543636	2.4699866361307346e-05	4.232234595562364e-06
0.10367322219357558	2.7201151425707327e-05	4.425387827692602e-06
0.10447639458109323	2.7172593413033464e-05	4.4558612572001915e-06
0.10527955547966696	2.2983542278213053e-05	4.150820852220471e-06
0.10608270480097563	2.0323538710767552e-05	4.00225143594596e-06
0.10688584245669944	2.116545483037061e-05	4.09720844407852e-06
0.10768896835851983	2.3044356684467537e-05	4.2054133930404596e-06
0.10849208241811957	2.6030052763925095e-05	4.372944679272329e-06
0.10929518454718266	2.2251466331979807e-05	4.036743857462942e-06
0.11009827465739451	1.835021383094842e-05	3.582364735732499e-06
0.11090135266044175	1.5754821615471366e-05	3.2712342759805207e-06
0.11170441846801242	1.3714353435761187e-05	3.1022119032309437e-06
0.11250747199179585	1.3392638889116553e-05	3.0706372632889916e-06
0.11331051314348281	1.3124477148686525e-05	2.8978192517575647e-06
0.11411354183476526	1.4993854888696924e-05	3.032385101131896e-06
0.11491655797733671	1.3829327495967173e-05	2.982848771721897e-06
0.11571956148289195	8.644869080048658e-06	2.51430114946386e-06
0.1165225522631272	7.411494618300466e-06	2.2666890015806445e-06
0.11732553022974004	8.670182095985948e-06	2.4482793879257856e-06
0.11812849529442951	8.876439259352222e-06	2.6342930836667584e-06
0.11893144736889602	1.0558475012868664e-05	2.7084003918182254e-06
0.11973438636484139	1.3315361870514723e-05	2.837880573616349e-06
0.12053731219396902	1.2051842702735544e-05	2.64044656523976e-06
0.12134022476798355	8.558251695701689e-06	2.289389128112149e-06
0.12214312399859126	8.488457955693972e-06	2.3071772481059775e-06
0.12294600979749976	9.12079605498353e-06	2.401280627020613e-06
0.12374888207641824	9.44853427569232e-06	2.4814328007970064e-06
0.12455174074705731	9.135754090615406e-06	2.4208448848948754e-06
0.12535458572112915	8.513065096624532e-06	2.2598092035959194e-06
0.12615741691034735	8.5350443040473e-06	2.310768897769916e-06
0.12696023422642705	6.574359352657867e-06	2.1360175991973273e-06
0.12776303758108495	4.266979883159111e-06	1.6569768249946614e-06
0.12856582688603926	4.013287390350219e-06	1.421111961056924e-06
0.12936860205300976	4.226708278142606e-06	1.4018021611015709e-06
0.13017136299371776	3.2073549117196134e-06	1.2487118986449586e-06
0.13097410961988612	1.9485064619049853e-06	1.0451333893335e-06
0.1317768418432393	1.3937898211771766e-06	9.024349942336468e-07
0.13257955957550333	1.3477736560264532e-07	5.958805167674666e-07
0.13338226272840584	4.551082062530294e-07	6.897492275509798e-07
0.13418495121367605	1.3282136045648586e-06	8.251789902289269e-07
0.13498762494304484	1.1771833762392457e-06	7.397338954642194e-07
0.13579028382824465	1.401415266732341e-06	7.863180134676301e-07
0.1365929277810096	1.3607801337604757e-06	7.670862423402884e-07
0.1373955567130754	7.253012261934749e-07	5.799667008293155e-07
0.1381981705361795	8.303388990124785e-07	6.246453647916484e-07
0.1390007691620609	1.316889535909909e-06	8.295092851937018e-07
0.13980335250246034	7.70241023265452e-07	6.822025266877814e-07
0.14221100992819957	3.096376946194162e-07	5.741242296209767e-07
0.14301353124411226	7.638907584640499e-07	6.688187870076708e-07
0.14381603683327204	7.164282722820937e-07	6.320714951617901e-07
0.1446185266074299	3.6853118518411615e-07	4.87187710101507e-07
0.14542100047833847	1.0513285025242808e-07	3.6496227477957307e-07
0.14622345835775225	2.542519369552445e-07	4.7219054092050643e-07
0.14702590015742742	4.238907695897396e-07	5.721257275543949e-07
0.147828325789122	6.143340967339386e-07	5.611218025469117e-07
0.14863073516459566	8.096736113675516e-07	5.673255726701819e-07
0.14943312819561	8.55316105216443e-07	6.041798617994122e-07
0.15023550479392833	2.853705672262776e-07	4.911464406424446e-07
0.1566539154156201	1.462025567058266e-07	3.137137543352963e-07
0.15745614014932582	9.920635231737342e-07	5.87322295135954e-07
0.15825834756806997	9.380108978426368e-07	5.662534946264068e-07
0.15906053758363622	6.075753937102725e-07	4.5457875218606626e-07
0.1598627101078102	6.703820756393754e-07	4.786162787490741e-07
0.16066486505237954	9.115112970009878e-08	3.169294219076396e-07
0.1670814611583187	7.063501717059738e-07	5.229093763294848e-07
0.16788345391720952	9.241779856941943e-07	5.981281073598859e-07
0.1686854282144794	2.6142129210002405e-07	3.1811700144841783e-07
