#Initialized App on 2018-12-20 16:50:00.701314
#Set wavelength to 1.54055 A
#Load data from ../rawdata/ES-S17.txt
#Reading mode set to 0.
#Select data from 0.02
#Select data above noise threshold of 0.1.
#Applying footprint correction for a equidistributed beam using a sample size of 27 and a beam size of 0.2.
#Rescaling data by setting mean value between 0.02 .. 0.025 (Imean = 769085.6567995868) to 1.
#[[Data]]
#q / A-1	I / a.u.	sI / a.u.
0.020643292771584935	0.9780882614609507	0.00192935582243872
0.021355128854181664	0.990942444450673	0.001909351601592667
0.022066964774149787	0.9979758353467804	0.0018849572477284684
0.022778800526068368	1.004566198699947	0.0018613868754812268
0.02349063610451646	1.0146668714849814	0.001842159137099672
0.024202471504073127	1.0091113543464814	0.0018098912494375235
0.02491430671931743	1.0046490342101868	0.0017798998841558054
0.025626141744828444	0.986114323735216	0.0017387406763555383
0.026337976575185225	0.9592001762442058	0.001691516404681274
0.02704981120496684	0.9191687829442754	0.001633910661545058
0.027761645628752368	0.8474769612608611	0.0015486530772910094
0.028473479841120874	0.7186422310227153	0.0014081498932481304
0.029185313836651426	0.5604269306526913	0.0012282594297907093
0.02989714760992311	0.4738329710242655	0.0011158621675122896
0.030608981155515	0.43473641475509844	0.0010563342597280606
0.03132081446800616	0.33436142818658743	0.0009158078354655281
0.032032647541975684	0.25775221565963186	0.0007950923568198973
0.03274448037200264	0.30145488319873887	0.0008504619792240986
0.03345631295266612	0.35578830787757854	0.0009140492352517453
0.034168145278545205	0.32647023156887045	0.0008664108529391643
0.034879977344218986	0.2422049840137064	0.0007386117859537293
0.03559180914426656	0.14636862725137595	0.0005684100663435439
0.03630364067326699	0.08429348648033125	0.0004271050546521597
0.037015471925799404	0.06590704983536691	0.00037401333197868117
0.03772730289644286	0.08249743569559864	0.0004144814875023547
0.03843913357977649	0.1081469760688616	0.0004701464788553889
0.03915096397037938	0.12814605443666632	0.0005071006675663399
0.039862794062830616	0.1276118235440714	0.0005015039776571193
0.04057462385170931	0.11217332799675993	0.00046604767299707054
0.04128645333159459	0.08658235714622269	0.000405904351018485
0.041998282497065546	0.06040911138868307	0.0003361617152696978
0.042710111342701286	0.03888107187137535	0.0002674339601091899
0.04342193986308093	0.029900889781239885	0.00023259492676805932
0.044133768052783594	0.03082493391185775	0.00023424933441520415
0.0448455959063884	0.037705837509968324	0.0002570142414804147
0.045557423418474456	0.04689122853962409	0.00028436688544887566
0.04626925058362089	0.05334550514007635	0.0003009646414410035
0.04698107739640684	0.05422622662401328	0.0003011313693029652
0.047692903851411415	0.050061345667427974	0.00028716874445723736
0.048404729943213765	0.04294323878391113	0.0002640075153242918
0.049116555666393	0.03325463386333548	0.00023063484685152626
0.0498283810155283	0.02444198882141913	0.00019631011382172033
0.05054020598519876	0.01839741647413455	0.00016911133140636795
0.05125203056998355	0.01539647186656522	0.00015362710998562161
0.05196385476446181	0.015534813918975479	0.0001532551721333248
0.05267567856321269	0.017988657948794954	0.0001637974382055013
0.05338750196081532	0.020627236984623893	0.00017422622289409265
0.054099324951848875	0.02302501838025771	0.00018285921976997832
0.05481114753089252	0.023819653811381365	0.0001847762155450486
0.05552296969252541	0.023210055741024208	0.0001812235113727857
0.0562347914313267	0.02125793114829163	0.00017233391185632533
0.05694661274187557	0.017689414602268888	0.00015621961915740178
0.05765843361875119	0.014769029623452931	0.000141859150052392
0.0583702540565327	0.012094848030610368	0.00012759016785378834
0.05908207404979933	0.0100701933557598	0.00011571877592392779
0.05979389359313022	0.0087401923709371	0.00010716300202006454
0.06050571268110459	0.008709042927510229	0.00010641377737170207
0.0612175313083016	0.009178431475857673	0.00010924382024598565
0.061929349469300454	0.010196523535015708	0.00011514330924051813
0.06264116715868033	0.010968869235066629	0.00011942453901409128
0.06335298437102045	0.011235419518754237	0.00012086687415768594
0.0640648011009	0.011451260236276885	0.00012202232231930444
0.06477661734289819	0.010872651083881834	0.00011889959344419771
0.06548843309159422	0.010075600723391573	0.00011445851801871043
0.06620024834156733	0.009064009890664944	0.00010856074859331793
0.06691206308739671	0.007755963132666245	0.00010042238049269
0.06762387732366158	0.006953711791030859	9.508696534459693e-05
0.06833569104494118	0.006117654071952168	8.918772824864222e-05
0.06904750424581477	0.005847203052405717	8.719402621062114e-05
0.06975931692086149	0.005510439523258935	8.464586827160571e-05
0.07047112906466067	0.005706776561487368	8.614063689068545e-05
0.0711829406717915	0.0059187165431511726	8.772561362604291e-05
0.07189475173683324	0.006104651619089358	8.909289810141264e-05
0.07260656225436511	0.006051341562351836	8.870303457111463e-05
0.07331837221896642	0.006294487430886386	9.04675500473242e-05
0.07403018162521639	0.006000631996186877	8.833059191327212e-05
0.0747419904676943	0.005763987354083733	8.657134276035427e-05
0.07545379874097938	0.0054064199003564534	8.384313920109591e-05
0.07616560643965092	0.004924028899146198	8.001528207552811e-05
0.07687741355828821	0.0044234344639280075	7.583897290242909e-05
0.07758922009147053	0.004171186878389491	7.364486456517623e-05
0.07830102603377714	0.003667991952598739	6.906004088098414e-05
0.07901283137978733	0.0034625531973663387	6.709820022454278e-05
0.0797246361240804	0.0033390298951696423	6.589049917814945e-05
0.08043644026123564	0.0032545139515613767	6.50512599774476e-05
0.08114824378583237	0.0032805188572869967	6.5310636046079e-05
0.08186004669244987	0.0031569955550903007	6.406924839044294e-05
0.0825718489756675	0.0031439931022274902	6.393717393872922e-05
0.08328365063006452	0.0030516756869015385	6.29914829731139e-05
0.08399545165022025	0.003111486970070465	6.360578799259478e-05
0.08470725203071407	0.00293855434699509	6.181295526150604e-05
0.08541905176612526	0.002831934233520047	6.068120910291979e-05
0.08613085085103317	0.002626495478287647	5.843875738824285e-05
0.08684264928001716	0.0023651461757451635	5.545511848673857e-05
0.08755444704765654	0.0022117172319640038	5.362625201753043e-05
0.08826624414853067	0.0020192809295944136	5.124022355905836e-05
0.08897804057721892	0.0018268446272248237	4.873752266290186e-05
0.08968983632830065	0.0017670333440558972	4.7933044721883216e-05
0.09040163139635521	0.0016227061172787048	4.5933821744015616e-05
0.09111342577596197	0.0015017833056545705	4.418921434233555e-05
0.09182521946170033	0.0014770786452152312	4.382424609628156e-05
0.09253701244814964	0.001441972022485644	4.330031553217664e-05
0.0932488047298893	0.0013574560788773779	4.201221093793824e-05
0.09396059630149874	0.0013002452862810134	4.111736621545687e-05
0.09467238715755728	0.0012300320408218386	3.999179119585932e-05
0.09538417729264437	0.0011871239463745653	3.928806836057028e-05
0.09609596670133941	0.0010232930403031575	3.647645750533277e-05
0.09680775537822184	0.0010362954931659677	3.6707469678299914e-05
0.09751954331787104	0.0010063898515815044	3.6173936206610134e-05
0.0982313305148664	0.0008893677758162132	3.40058268282843e-05
0.09894311696378745	0.0008412587002238157	3.307329223873711e-05
0.09965490265921358	0.0007619437377606738	3.147560568813018e-05
0.10036668759572422	0.0006878297564426561	2.9905641584463307e-05
0.10107847176789882	0.0006657255865758788	2.942119229232475e-05
0.10179025517031683	0.0006124155298383573	2.8218618072428944e-05
0.10250203779755773	0.0005955123411167041	2.78264642823907e-05
0.10321381964420098	0.0005864106241127371	2.7612997842097723e-05
0.10392560070482604	0.0005318003220889344	2.629583354904084e-05
0.10463738097401237	0.0005252990956575294	2.613460680814582e-05
0.10534916044633952	0.0005422022843791826	2.6551760101259383e-05
0.1060609391163869	0.0005135968880810003	2.584186395707395e-05
0.10677271697873404	0.0004940932087867851	2.5346446806376586e-05
0.10748449402796044	0.0005161973786535623	2.5907203793248506e-05
0.10819627025864563	0.0004459841331943876	2.4080879696184817e-05
0.1089080456653691	0.00039657481231570907	2.270780769628099e-05
0.10961982024271036	0.000388773340598023	2.248334280182336e-05
0.11033159398524896	0.00037317039716265084	2.2027552063049366e-05
0.11104336688756443	0.0004069767746059572	2.30036873741417e-05
0.11175513894423629	0.000386172850025461	2.2408021508721165e-05
0.1124669101498441	0.0003146593592800052	2.0227069700973263e-05
0.11317868049896743	0.00032116058571141033	2.0434958715654666e-05
0.11389044998618579	0.0003315625480016584	2.076325215727244e-05
0.1146022186060788	0.0003276618121428154	2.0640754025301272e-05
0.115313986353226	0.00034066426500562553	2.104630857841704e-05
0.11602575322220694	0.0003081581328486002	2.0017021748141023e-05
0.11673751920760128	0.00034456500086446856	2.116645974629292e-05
0.11744928430398857	0.0003003566611309141	1.976201742835419e-05
0.11816104850594841	0.00032246083099769134	2.0476283244646882e-05
0.1188728118080604	0.0002990564158446331	1.971919610516815e-05
0.11958457420490416	0.0002704510195464508	1.875240420146619e-05
0.12029633569105934	0.00028865445355438497	1.937321843675208e-05
0.12100809626110551	0.0002795527365504179	1.9065338391086553e-05
0.12171985590962232	0.00024704660439339254	1.7922644415772994e-05
0.12243161463118944	0.00023534439681686343	1.7493011250604483e-05
0.12314337242038649	0.0002236421892403343	1.70525570626024e-05
0.12385512927179312	0.00023534439681686343	1.7493011250604483e-05
0.12456688517998903	0.00021714096280892923	1.6802872175638043e-05
0.1252786401395538	0.0002444461138208305	1.7828065157084402e-05
0.1259903941450672	0.00020803924580496214	1.6446946486182752e-05
0.12670214719110895	0.0001859350759381849	1.5548672163336883e-05
0.1274138992722586	0.0002041385099461191	1.629202674027609e-05
0.12812565038309592	0.00020933949109124315	1.6498263136580623e-05
0.12883740051820064	0.00021584071752264822	1.675248863740355e-05
0.12954914967215245	0.0001846348306519039	1.5494210797534387e-05
0.13026089783953104	0.00017683335893421782	1.5163335431607891e-05
0.13097264501491618	0.00019113605708330898	1.5764636286984588e-05
0.13168439119288758	0.0001560294343537216	1.4243473471717471e-05
0.13239613636802505	0.00015862992492628362	1.4361678597869796e-05
0.1331078805349082	0.0001547291890674406	1.4184001506451673e-05
0.1338196236881169	0.0001664313966439697	1.4710596146162376e-05
0.1345313658222309	0.0001638309060714077	1.4595217140094056e-05
0.13524310693182995	0.00013392526448694438	1.3196048418488295e-05
0.13595484701149388	0.00016253066078512668	1.4537184237740103e-05
0.1366665860558024	0.00014432722677719249	1.3698934130035642e-05
0.1373783240593354	0.00014042649091834946	1.3512545388843932e-05
0.1380900610166726	0.00014822796263603552	1.3882820668457235e-05
0.13880179692239386	0.00011832232105157222	1.2403549500410577e-05
0.13951353177107895	0.00012482354748297728	1.2739749967390076e-05
0.14022526555730777	0.00011702207576529121	1.2335209864637063e-05
0.14093699827566017	0.00013392526448694438	1.3196048418488295e-05
0.1416487299207159	0.00011702207576529121	1.2335209864637063e-05
0.14236046048705486	8.841667946710891e-05	1.0722097309096184e-05
0.14307218996925694	0.00010141913232991905	1.1483455436003904e-05
0.14378391836190196	0.00011052084933388613	1.198766922225332e-05
0.14449564565956985	9.361766061223296e-05	1.103294710962178e-05
0.14520737185684046	9.361766061223296e-05	1.103294710962178e-05
0.14591909694829372	0.00010141913232991905	1.1483455436003904e-05
0.1466308209285095	0.00011572183047901019	1.2266489497820616e-05
0.1473425437920677	8.581618889454689e-05	1.0563242641193832e-05
0.14805426553354828	8.451594360826586e-05	1.0482912634007765e-05
0.14876598614753114	7.151349074545574e-05	9.642877124970519e-06
0.14947770562859625	0.00010141913232991905	1.1483455436003904e-05
0.15018942397132354	7.541422660429878e-05	9.902373082285261e-06
0.15090114117029294	8.061520774942283e-05	1.0238141622323441e-05
0.15161285722008444	7.541422660429878e-05	9.902373082285261e-06
0.152324572115278	6.631250960033168e-05	9.285608651526066e-06
0.1530362858504536	6.111152845520763e-05	8.914032578542201e-06
0.15374799842019127	7.281373603173675e-05	9.730144760062703e-06
0.15445970981907092	6.501226431405067e-05	9.194122591351484e-06
0.1551714200416727	6.111152845520763e-05	8.914032578542201e-06
0.1558831290825765	5.721079259636459e-05	8.624851500044725e-06
0.1565948369363624	5.8511037882645604e-05	8.722310542644062e-06
0.15730654359761037	4.160784916099243e-05	7.355298073081188e-06
0.15801824906090053	5.0709566164959524e-05	8.120029210251881e-06
0.1587299533208129	3.6406868015868374e-05	6.88025134176709e-06
0.1594416563719276	2.9905641584463307e-05	6.235757331985255e-06
0.16015335820882456	3.770711330214939e-05	7.002035156323041e-06
0.160865058826084	5.461030202380256e-05	8.426552544714342e-06
0.161576758218286	4.030760387471142e-05	7.239459367893146e-06
0.16228845638001058	3.250613215702534e-05	6.501226431405067e-06
0.16300015330583792	5.331005673752155e-05	8.325632107193769e-06
0.16371184899034805	4.550858501983547e-05	7.692354851237677e-06
0.1644235434281212	3.90073585884304e-05	7.1217367358587354e-06
0.1651352366137375	4.680883030611648e-05	7.80147171768608e-06
0.165846928541777	3.5106622729587364e-05	6.756272694421966e-06
0.1665586192068199	3.120588687074432e-05	6.369874983695038e-06
0.1672703086034464	2.8605396298182294e-05	6.098690982408592e-06
0.16798199672623668	3.6406868015868374e-05	6.88025134176709e-06
0.1686936835697709	4.4208339733554454e-05	7.581667715803946e-06
0.16940536912862922	4.160784916099243e-05	7.355298073081188e-06
0.17011705339739192	2.8605396298182294e-05	6.098690982408592e-06
0.17082873637063914	2.6004905725620267e-05	5.814873695096042e-06
0.17154041804295117	3.5106622729587364e-05	6.756272694421966e-06
0.17225209840890815	3.250613215702534e-05	6.501226431405067e-06
0.17296377746309044	1.6903188721653174e-05	4.688101050366548e-06
0.17367545520007827	2.4704660439339254e-05	5.6676378047140505e-06
0.17438713161445182	2.340441515305824e-05	5.51647355481089e-06
0.17509880670079145	2.8605396298182294e-05	6.098690982408592e-06
0.17581048045367736	2.2104169866777227e-05	5.361048654548092e-06
0.17652215286768996	2.2104169866777227e-05	5.361048654548092e-06
0.17723382393740947	2.6004905725620267e-05	5.814873695096042e-06
0.17794549365741621	2.4704660439339254e-05	5.6676378047140505e-06
0.1786571620222905	2.8605396298182294e-05	6.098690982408592e-06
0.17936882902661275	2.2104169866777227e-05	5.361048654548092e-06
0.18008049466496323	1.8203434007934187e-05	4.865072380031352e-06
0.18079215893192238	1.95036792942152e-05	5.0358283397510604e-06
0.18150382182207042	2.0803924580496214e-05	5.2009811451240534e-06
0.18221548332998788	2.340441515305824e-05	5.51647355481089e-06
0.18292714345025501	1.95036792942152e-05	5.0358283397510604e-06
0.18363880217745235	1.8203434007934187e-05	4.865072380031352e-06
0.1843504595061602	1.95036792942152e-05	5.0358283397510604e-06
0.18506211543095905	2.2104169866777227e-05	5.361048654548092e-06
0.18577376994642925	1.0401962290248107e-05	3.677649036540594e-06
0.18648542304715132	1.8203434007934187e-05	4.865072380031352e-06
0.18719707472770566	1.4302698149091147e-05	4.3124257500223625e-06
0.1879087249826728	1.560294343537216e-05	4.50418179628131e-06
0.1886203738066331	1.8203434007934187e-05	4.865072380031352e-06
0.1893320211941672	2.4704660439339254e-05	5.6676378047140505e-06
0.19004366713985543	1.170220757652912e-05	3.90073585884304e-06
0.19075531163827839	1.8203434007934187e-05	4.865072380031352e-06
0.1914669546840166	2.8605396298182294e-05	6.098690982408592e-06
0.19217859627165051	1.170220757652912e-05	3.90073585884304e-06
0.19289023639576078	1.4302698149091147e-05	4.3124257500223625e-06
0.19360187505092794	1.3002452862810134e-05	4.111736621545688e-06
0.19431351223173238	1.6903188721653174e-05	4.688101050366548e-06
0.19502514793275494	1.4302698149091147e-05	4.3124257500223625e-06
0.19573678214857593	1.3002452862810134e-05	4.111736621545688e-06
0.19644841487377615	1.560294343537216e-05	4.50418179628131e-06
0.1971600461029362	1.0401962290248107e-05	3.677649036540594e-06
0.1978716758306365	1.560294343537216e-05	4.50418179628131e-06
0.19858330405145797	1.8203434007934187e-05	4.865072380031352e-06
0.199294930759981	1.6903188721653174e-05	4.688101050366548e-06
0.20000655595078634	7.80147171768608e-06	3.184937491847519e-06
0.2007181796184547	1.560294343537216e-05	4.50418179628131e-06
0.2014298017575667	1.95036792942152e-05	5.0358283397510604e-06
0.20214142236270302	1.6903188721653174e-05	4.688101050366548e-06
0.20285304142844443	6.501226431405067e-06	2.907436847548021e-06
0.2035646589493715	1.4302698149091147e-05	4.3124257500223625e-06
0.20427627492006512	1.170220757652912e-05	3.90073585884304e-06
0.20498788933510592	1.6903188721653174e-05	4.688101050366548e-06
0.20569950218907465	6.501226431405067e-06	2.907436847548021e-06
0.20641111347655214	1.4302698149091147e-05	4.3124257500223625e-06
0.20712272319211905	1.170220757652912e-05	3.90073585884304e-06
0.20783433133035628	1.0401962290248107e-05	3.677649036540594e-06
0.20854593788584455	1.6903188721653174e-05	4.688101050366548e-06
0.20925754285316464	9.101717003967093e-06	3.440125670883545e-06
0.20996914622689747	1.170220757652912e-05	3.90073585884304e-06
0.2106807480016238	7.80147171768608e-06	3.184937491847519e-06
0.21139234817192448	7.80147171768608e-06	3.184937491847519e-06
0.21210394673238034	1.0401962290248107e-05	3.677649036540594e-06
0.21281554367757233	1.4302698149091147e-05	4.3124257500223625e-06
0.2135271390020812	6.501226431405067e-06	2.907436847548021e-06
0.214238732700488	9.101717003967093e-06	3.440125670883545e-06
0.2149503247673735	3.90073585884304e-06	2.252090898140655e-06
0.21566191519731867	1.560294343537216e-05	4.50418179628131e-06
0.21637350398490446	1.3002452862810134e-05	4.111736621545688e-06
0.21708509112471175	3.90073585884304e-06	2.252090898140655e-06
0.21779667661132163	6.501226431405067e-06	2.907436847548021e-06
0.21850826043931484	1.170220757652912e-05	3.90073585884304e-06
0.2192198426032726	1.0401962290248107e-05	3.677649036540594e-06
0.21993142309777572	6.501226431405067e-06	2.907436847548021e-06
0.2206430019174053	1.3002452862810134e-05	4.111736621545688e-06
0.2213545790567423	6.501226431405067e-06	2.907436847548021e-06
0.22206615451036782	7.80147171768608e-06	3.184937491847519e-06
0.22277772827286285	1.3002452862810134e-05	4.111736621545688e-06
0.2234893003388085	1.0401962290248107e-05	3.677649036540594e-06
0.22420087070278574	6.501226431405067e-06	2.907436847548021e-06
0.2249124393593758	1.0401962290248107e-05	3.677649036540594e-06
0.2256240063031596	1.0401962290248107e-05	3.677649036540594e-06
0.2263355715287184	7.80147171768608e-06	3.184937491847519e-06
0.22704713503063317	9.101717003967093e-06	3.440125670883545e-06
0.2277586968034852	1.3002452862810134e-06	1.3002452862810134e-06
0.22847025684185554	7.80147171768608e-06	3.184937491847519e-06
0.2291818151403254	1.170220757652912e-05	3.90073585884304e-06
0.22989337169347587	9.101717003967093e-06	3.440125670883545e-06
0.2306049264958883	5.2009811451240534e-06	2.6004905725620267e-06
0.2313164795421437	6.501226431405067e-06	2.907436847548021e-06
0.23202803082682338	7.80147171768608e-06	3.184937491847519e-06
0.23273958034450865	1.0401962290248107e-05	3.677649036540594e-06
0.23345112808978052	1.170220757652912e-05	3.90073585884304e-06
0.2341626740572205	1.3002452862810134e-05	4.111736621545688e-06
0.2348742182414097	9.101717003967093e-06	3.440125670883545e-06
0.23558576063692946	7.80147171768608e-06	3.184937491847519e-06
0.23629730123836104	1.0401962290248107e-05	3.677649036540594e-06
0.23700884004028577	1.3002452862810134e-06	1.3002452862810134e-06
0.23772037703728494	7.80147171768608e-06	3.184937491847519e-06
0.23843191222393997	5.2009811451240534e-06	2.6004905725620267e-06
0.23914344559483208	7.80147171768608e-06	3.184937491847519e-06
0.2398549771445428	5.2009811451240534e-06	2.6004905725620267e-06
0.24056650686765332	1.170220757652912e-05	3.90073585884304e-06
0.24127803475874518	7.80147171768608e-06	3.184937491847519e-06
0.24198956081239972	5.2009811451240534e-06	2.6004905725620267e-06
0.24270108502319837	7.80147171768608e-06	3.184937491847519e-06
0.24341260738572257	1.0401962290248107e-05	3.677649036540594e-06
0.2441241278945538	7.80147171768608e-06	3.184937491847519e-06
0.2448356465442734	7.80147171768608e-06	3.184937491847519e-06
0.245547163329463	2.6004905725620267e-06	1.838824518270297e-06
0.246258678244704	9.101717003967093e-06	3.440125670883545e-06
0.24697019128457787	3.90073585884304e-06	2.252090898140655e-06
0.24768170244366625	7.80147171768608e-06	3.184937491847519e-06
0.24839321171655052	9.101717003967093e-06	3.440125670883545e-06
0.24910471909781237	7.80147171768608e-06	3.184937491847519e-06
0.24981622458203329	2.6004905725620267e-06	1.838824518270297e-06
0.25052772816379487	5.2009811451240534e-06	2.6004905725620267e-06
0.2512392298376787	9.101717003967093e-06	3.440125670883545e-06
0.25195072959826637	1.0401962290248107e-05	3.677649036540594e-06
0.25266222744013955	2.6004905725620267e-06	1.838824518270297e-06
0.25337372335787983	3.90073585884304e-06	2.252090898140655e-06
0.2540852173460688	6.501226431405067e-06	2.907436847548021e-06
0.2547967093992882	9.101717003967093e-06	3.440125670883545e-06
0.2555081995121198	3.90073585884304e-06	2.252090898140655e-06
0.2562196876791451	6.501226431405067e-06	2.907436847548021e-06
0.25693117389494585	6.501226431405067e-06	2.907436847548021e-06
0.2576426581541039	9.101717003967093e-06	3.440125670883545e-06
0.2583541404512009	7.80147171768608e-06	3.184937491847519e-06
0.2590656207808187	6.501226431405067e-06	2.907436847548021e-06
0.25977709913753877	5.2009811451240534e-06	2.6004905725620267e-06
0.2604885755159433	9.101717003967093e-06	3.440125670883545e-06
0.26120004991061374	6.501226431405067e-06	2.907436847548021e-06
0.26262299272708023	2.6004905725620267e-06	1.838824518270297e-06
0.26333446113803977	7.80147171768608e-06	3.184937491847519e-06
0.26404592754359274	3.90073585884304e-06	2.252090898140655e-06
0.26475739193832115	7.80147171768608e-06	3.184937491847519e-06
0.26546885431680656	9.101717003967093e-06	3.440125670883545e-06
0.266180314673631	1.0401962290248107e-05	3.677649036540594e-06
0.26689177300337646	2.6004905725620267e-06	1.838824518270297e-06
0.2676032293006249	3.90073585884304e-06	2.252090898140655e-06
0.2683146835599582	6.501226431405067e-06	2.907436847548021e-06
0.2690261357759583	7.80147171768608e-06	3.184937491847519e-06
0.26973758594320724	7.80147171768608e-06	3.184937491847519e-06
0.27044903405628695	5.2009811451240534e-06	2.6004905725620267e-06
0.27116048010977956	1.0401962290248107e-05	3.677649036540594e-06
0.271871924098267	7.80147171768608e-06	3.184937491847519e-06
0.27258336601633126	3.90073585884304e-06	2.252090898140655e-06
0.2732948058585546	1.3002452862810134e-06	1.3002452862810134e-06
0.27400624361951903	5.2009811451240534e-06	2.6004905725620267e-06
0.2747176792938064	6.501226431405067e-06	2.907436847548021e-06
0.27542911287599914	3.90073585884304e-06	2.252090898140655e-06
0.27614054436067914	3.90073585884304e-06	2.252090898140655e-06
0.2768519737424287	9.101717003967093e-06	3.440125670883545e-06
0.27756340101582994	6.501226431405067e-06	2.907436847548021e-06
0.27827482617546495	5.2009811451240534e-06	2.6004905725620267e-06
0.27898624921591597	1.0401962290248107e-05	3.677649036540594e-06
0.2796976701317653	1.170220757652912e-05	3.90073585884304e-06
0.2804090889175949	2.6004905725620267e-06	1.838824518270297e-06
0.2811205055679873	1.3002452862810134e-05	4.111736621545688e-06
0.2818319200775246	1.3002452862810134e-05	4.111736621545688e-06
0.2825433324407891	5.2009811451240534e-06	2.6004905725620267e-06
0.283254742652363	3.90073585884304e-06	2.252090898140655e-06
0.2839661507068288	5.2009811451240534e-06	2.6004905725620267e-06
0.28538896032276495	3.90073585884304e-06	2.252090898140655e-06
0.28610036187339993	5.2009811451240534e-06	2.6004905725620267e-06
0.28681176124525626	7.80147171768608e-06	3.184937491847519e-06
0.28752315843291587	1.3002452862810134e-06	1.3002452862810134e-06
0.2882345534309616	9.101717003967093e-06	3.440125670883545e-06
0.2889459462339756	9.101717003967093e-06	3.440125670883545e-06
0.2896573368365405	9.101717003967093e-06	3.440125670883545e-06
0.2903687252332385	5.2009811451240534e-06	2.6004905725620267e-06
0.29108011141865225	5.2009811451240534e-06	2.6004905725620267e-06
0.29179149538736415	2.6004905725620267e-06	1.838824518270297e-06
0.2925028771339569	1.3002452862810134e-06	1.3002452862810134e-06
0.29321425665301265	5.2009811451240534e-06	2.6004905725620267e-06
0.29392563393911425	7.80147171768608e-06	3.184937491847519e-06
0.2946370089868442	3.90073585884304e-06	2.252090898140655e-06
0.29534838179078493	7.80147171768608e-06	3.184937491847519e-06
0.2960597523455192	1.3002452862810134e-06	1.3002452862810134e-06
0.2967711206456294	7.80147171768608e-06	3.184937491847519e-06
0.29748248668569827	1.3002452862810134e-06	1.3002452862810134e-06
0.29819385046030866	7.80147171768608e-06	3.184937491847519e-06
0.2989052119640428	6.501226431405067e-06	2.907436847548021e-06
0.2996165711914836	1.0401962290248107e-05	3.677649036540594e-06
0.3003279281372138	5.2009811451240534e-06	2.6004905725620267e-06
0.30103928279581604	9.101717003967093e-06	3.440125670883545e-06
0.30175063516187306	1.0401962290248107e-05	3.677649036540594e-06
0.3024619852299676	7.80147171768608e-06	3.184937491847519e-06
0.30317333299468224	6.501226431405067e-06	2.907436847548021e-06
0.3038846784506001	5.2009811451240534e-06	2.6004905725620267e-06
0.3045960215923037	5.2009811451240534e-06	2.6004905725620267e-06
0.305307362414376	7.80147171768608e-06	3.184937491847519e-06
0.3060187009113997	5.2009811451240534e-06	2.6004905725620267e-06
0.3067300370779577	3.90073585884304e-06	2.252090898140655e-06
0.3074413709086331	6.501226431405067e-06	2.907436847548021e-06
0.30815270239800835	9.101717003967093e-06	3.440125670883545e-06
0.3088640315406667	1.3002452862810134e-06	1.3002452862810134e-06
0.30957535833119093	1.0401962290248107e-05	3.677649036540594e-06
0.31028668276416393	5.2009811451240534e-06	2.6004905725620267e-06
0.3109980048341688	7.80147171768608e-06	3.184937491847519e-06
0.3117093245357884	5.2009811451240534e-06	2.6004905725620267e-06
0.3124206418636057	5.2009811451240534e-06	2.6004905725620267e-06
0.31313195681220385	9.101717003967093e-06	3.440125670883545e-06
0.31384326937616563	6.501226431405067e-06	2.907436847548021e-06
0.3145545795500744	3.90073585884304e-06	2.252090898140655e-06
0.31526588732851285	5.2009811451240534e-06	2.6004905725620267e-06
0.3159771927060645	2.6004905725620267e-06	1.838824518270297e-06
0.3166884956773121	5.2009811451240534e-06	2.6004905725620267e-06
0.31739979623683895	6.501226431405067e-06	2.907436847548021e-06
0.318111094379228	1.3002452862810134e-06	1.3002452862810134e-06
0.3188223900990627	9.101717003967093e-06	3.440125670883545e-06
0.31953368339092597	6.501226431405067e-06	2.907436847548021e-06
0.3202449742494011	7.80147171768608e-06	3.184937491847519e-06
0.3209562626690713	6.501226431405067e-06	2.907436847548021e-06
0.32166754864451974	9.101717003967093e-06	3.440125670883545e-06
0.32237883217032987	5.2009811451240534e-06	2.6004905725620267e-06
0.3230901132410846	7.80147171768608e-06	3.184937491847519e-06
0.32380139185136747	1.3002452862810134e-05	4.111736621545688e-06
0.3245126679957617	2.6004905725620267e-06	1.838824518270297e-06
0.32522394166885077	7.80147171768608e-06	3.184937491847519e-06
0.3259352128652178	1.3002452862810134e-06	1.3002452862810134e-06
0.32664648157944626	2.6004905725620267e-06	1.838824518270297e-06
0.3273577478061195	6.501226431405067e-06	2.907436847548021e-06
0.328069011539821	6.501226431405067e-06	2.907436847548021e-06
0.328780272775134	1.0401962290248107e-05	3.677649036540594e-06
0.32949153150664207	5.2009811451240534e-06	2.6004905725620267e-06
0.3302027877289287	7.80147171768608e-06	3.184937491847519e-06
0.33091404143657727	9.101717003967093e-06	3.440125670883545e-06
0.33162529262417134	7.80147171768608e-06	3.184937491847519e-06
0.3323365412862943	9.101717003967093e-06	3.440125670883545e-06
0.3330477874175298	1.3002452862810134e-06	1.3002452862810134e-06
0.3337590310124614	5.2009811451240534e-06	2.6004905725620267e-06
0.3344702720656726	9.101717003967093e-06	3.440125670883545e-06
0.33518151057174694	7.80147171768608e-06	3.184937491847519e-06
0.33589274652526824	2.6004905725620267e-06	1.838824518270297e-06
0.3366039799208199	1.170220757652912e-05	3.90073585884304e-06
0.33731521075298576	6.501226431405067e-06	2.907436847548021e-06
0.33802643901634927	9.101717003967093e-06	3.440125670883545e-06
0.3387376647054943	5.2009811451240534e-06	2.6004905725620267e-06
0.3394488878150046	2.6004905725620267e-06	1.838824518270297e-06
0.3401601083394637	1.3002452862810134e-06	1.3002452862810134e-06
0.34087132627345545	6.501226431405067e-06	2.907436847548021e-06
0.34158254161156354	1.3002452862810134e-06	1.3002452862810134e-06
0.34229375434837184	5.2009811451240534e-06	2.6004905725620267e-06
0.34300496447846435	5.2009811451240534e-06	2.6004905725620267e-06
0.34371617199642446	7.80147171768608e-06	3.184937491847519e-06
0.3444273768968362	7.80147171768608e-06	3.184937491847519e-06
0.34513857917428353	9.101717003967093e-06	3.440125670883545e-06
0.3458497788233503	2.6004905725620267e-06	1.838824518270297e-06
0.34656097583862044	2.6004905725620267e-06	1.838824518270297e-06
0.34727217021467777	5.2009811451240534e-06	2.6004905725620267e-06
0.34798336194610624	1.3002452862810134e-06	1.3002452862810134e-06
0.34869455102749	7.80147171768608e-06	3.184937491847519e-06
0.34940573745341275	7.80147171768608e-06	3.184937491847519e-06
0.3501169212184587	1.3002452862810134e-06	1.3002452862810134e-06
0.35082810231721184	1.3002452862810134e-06	1.3002452862810134e-06
0.3515392807442562	1.3002452862810134e-06	1.3002452862810134e-06
0.35225045649417586	7.80147171768608e-06	3.184937491847519e-06
0.35296162956155486	2.6004905725620267e-06	1.838824518270297e-06
0.3536727999409773	2.6004905725620267e-06	1.838824518270297e-06
0.35438396762702745	2.6004905725620267e-06	1.838824518270297e-06
0.35509513261428927	9.101717003967093e-06	3.440125670883545e-06
0.3558062948973471	6.501226431405067e-06	2.907436847548021e-06
0.356517454470785	1.0401962290248107e-05	3.677649036540594e-06
0.35722861132918715	1.0401962290248107e-05	3.677649036540594e-06
0.35793976546713796	2.6004905725620267e-06	1.838824518270297e-06
0.3586509168792215	3.90073585884304e-06	2.252090898140655e-06
0.3593620655600222	5.2009811451240534e-06	2.6004905725620267e-06
0.3600732115041242	6.501226431405067e-06	2.907436847548021e-06
0.3607843547061119	2.6004905725620267e-06	1.838824518270297e-06
0.3614954951605697	5.2009811451240534e-06	2.6004905725620267e-06
0.36220663286208177	2.6004905725620267e-06	1.838824518270297e-06
0.3629177678052326	2.6004905725620267e-06	1.838824518270297e-06
0.3636288999846067	5.2009811451240534e-06	2.6004905725620267e-06
0.3643400293947883	2.6004905725620267e-06	1.838824518270297e-06
0.36505115603036187	3.90073585884304e-06	2.252090898140655e-06
0.3657622798859119	2.6004905725620267e-06	1.838824518270297e-06
0.36647340095602304	7.80147171768608e-06	3.184937491847519e-06
0.3686067473995669	6.501226431405067e-06	2.907436847548021e-06
0.36931785727376704	1.3002452862810134e-06	1.3002452862810134e-06
0.37002896433545074	7.80147171768608e-06	3.184937491847519e-06
0.3707400685792028	2.6004905725620267e-06	1.838824518270297e-06
0.37145116999960776	7.80147171768608e-06	3.184937491847519e-06
0.3721622685912504	5.2009811451240534e-06	2.6004905725620267e-06
0.37287336434871515	6.501226431405067e-06	2.907436847548021e-06
0.37358445726658696	5.2009811451240534e-06	2.6004905725620267e-06
0.3742955473394503	9.101717003967093e-06	3.440125670883545e-06
0.3750066345618901	1.3002452862810134e-06	1.3002452862810134e-06
0.37571771892849115	6.501226431405067e-06	2.907436847548021e-06
0.37642880043383814	1.0401962290248107e-05	3.677649036540594e-06
0.3771398790725157	6.501226431405067e-06	2.907436847548021e-06
0.377850954839109	6.501226431405067e-06	2.907436847548021e-06
0.3792730977343818	5.2009811451240534e-06	2.6004905725620267e-06
0.37998416485223097	1.3002452862810134e-06	1.3002452862810134e-06
0.38069522907633524	1.3002452862810134e-06	1.3002452862810134e-06
0.38140629040127966	6.501226431405067e-06	2.907436847548021e-06
0.38211734882164894	6.501226431405067e-06	2.907436847548021e-06
0.3828284043320283	7.80147171768608e-06	3.184937491847519e-06
0.3835394569270026	6.501226431405067e-06	2.907436847548021e-06
0.3842505066011569	6.501226431405067e-06	2.907436847548021e-06
0.38496155334907634	2.6004905725620267e-06	1.838824518270297e-06
0.3856725971653458	3.90073585884304e-06	2.252090898140655e-06
0.38638363804455045	2.6004905725620267e-06	1.838824518270297e-06
0.3870946759812756	7.80147171768608e-06	3.184937491847519e-06
0.3878057109701061	2.6004905725620267e-06	1.838824518270297e-06
0.3885167430056271	5.2009811451240534e-06	2.6004905725620267e-06
0.3892277720824241	5.2009811451240534e-06	2.6004905725620267e-06
0.3899387981950821	7.80147171768608e-06	3.184937491847519e-06
0.39064982133818626	3.90073585884304e-06	2.252090898140655e-06
0.3913608415063219	5.2009811451240534e-06	2.6004905725620267e-06
0.39207185869407435	3.90073585884304e-06	2.252090898140655e-06
0.39278287289602876	1.3002452862810134e-06	1.3002452862810134e-06
0.39349388410677066	6.501226431405067e-06	2.907436847548021e-06
0.3942048923208853	6.501226431405067e-06	2.907436847548021e-06
0.39491589753295786	6.501226431405067e-06	2.907436847548021e-06
0.3956268997375739	5.2009811451240534e-06	2.6004905725620267e-06
0.39633789892931903	7.80147171768608e-06	3.184937491847519e-06
0.39704889510277824	5.2009811451240534e-06	2.6004905725620267e-06
0.3977598882525372	6.501226431405067e-06	2.907436847548021e-06
0.39847087837318146	2.6004905725620267e-06	1.838824518270297e-06
0.39918186545929646	7.80147171768608e-06	3.184937491847519e-06
0.39989284950546766	1.3002452862810134e-06	1.3002452862810134e-06
0.40060383050628073	1.3002452862810134e-06	1.3002452862810134e-06
0.4013148084563211	3.90073585884304e-06	2.252090898140655e-06
0.4020257833501745	1.0401962290248107e-05	3.677649036540594e-06
0.4027367551824264	1.3002452862810134e-06	1.3002452862810134e-06
0.40344772394766265	5.2009811451240534e-06	2.6004905725620267e-06
0.4041586896404687	3.90073585884304e-06	2.252090898140655e-06
0.4048696522554303	2.6004905725620267e-06	1.838824518270297e-06
0.4055806117871333	2.6004905725620267e-06	1.838824518270297e-06
0.40629156823016316	6.501226431405067e-06	2.907436847548021e-06
0.4070025215791058	2.6004905725620267e-06	1.838824518270297e-06
0.4077134718285471	7.80147171768608e-06	3.184937491847519e-06
0.4084244189730727	5.2009811451240534e-06	2.6004905725620267e-06
0.4091353630072685	1.4302698149091147e-05	4.3124257500223625e-06
0.40984630392572036	3.90073585884304e-06	2.252090898140655e-06
0.41055724172301405	2.6004905725620267e-06	1.838824518270297e-06
0.4112681763937356	6.501226431405067e-06	2.907436847548021e-06
0.4119791079324709	3.90073585884304e-06	2.252090898140655e-06
0.41269003633380585	6.501226431405067e-06	2.907436847548021e-06
0.4134009615923265	6.501226431405067e-06	2.907436847548021e-06
0.4141118837026187	5.2009811451240534e-06	2.6004905725620267e-06
0.41482280265926874	2.6004905725620267e-06	1.838824518270297e-06
0.4155337184568623	5.2009811451240534e-06	2.6004905725620267e-06
0.4162446310899857	5.2009811451240534e-06	2.6004905725620267e-06
0.41695554055322503	5.2009811451240534e-06	2.6004905725620267e-06
0.4176664468411663	1.3002452862810134e-06	1.3002452862810134e-06
0.41837734994839554	9.101717003967093e-06	3.440125670883545e-06
0.4197991465990634	1.3002452862810134e-06	1.3002452862810134e-06
0.42051004013167415	3.90073585884304e-06	2.252090898140655e-06
0.42122093046191794	6.501226431405067e-06	2.907436847548021e-06
0.4219318175843808	7.80147171768608e-06	3.184937491847519e-06
0.4226427014936492	5.2009811451240534e-06	2.6004905725620267e-06
0.42335358218430924	1.3002452862810134e-06	1.3002452862810134e-06
0.42406445965094747	3.90073585884304e-06	2.252090898140655e-06
0.42477533388815014	7.80147171768608e-06	3.184937491847519e-06
0.42548620489050376	7.80147171768608e-06	3.184937491847519e-06
0.42619707265259454	5.2009811451240534e-06	2.6004905725620267e-06
