#Initialized App on 2018-12-30 20:11:00.178288
#Set wavelength to 1.54055 A
#Load data from ../rawdata/DD175_28.txt
#Reading mode set to 0.
#Select data above noise threshold of 0.1.
#Applying footprint correction for a equidistributed beam using a sample size of 10 and a beam size of 0.2.
#Rescaling data by setting mean value between 0.01 .. 0.015 (Imean = 1482725.3435398433) to 1.
#[[Data]]
#q / A-1	I / a.u.	sI / a.u.
0.0007118384407129105	24.1244843722298	0.061064664671094095
0.0014236768760048613	9.517111903322034	0.0271205534310667
0.0021355153004548925	3.9491820681864898	0.014264413171254956
0.002847353708642045	1.8513095283605046	0.008458054581214515
0.0035591920951453587	1.377579263106118	0.006525807512116988
0.004271030454543874	1.2175902338406437	0.005600617578762485
0.004982868781416634	1.0997572770039592	0.004927882819210982
0.005694707070342677	1.0299887877016638	0.004461000060556678
0.006406545315901047	1.0073766761919767	0.0041594477175030346
0.007118383512670783	1.0043883694385591	0.0039401415260961236
0.007830221655230929	0.999498399820721	0.0037476213014216654
0.008542059738160527	1.0045687558620302	0.0035971637351504544
0.009253897756038621	1.0059460359206478	0.003458411516049342
0.009965735703444254	1.0011646268990517	0.003324679159001519
0.010677573574956467	1.0068307169637623	0.003221021452778076
0.01138941136515431	1.0082817719198225	0.0031209872441303444
0.012101249068616827	1.0091711535044612	0.0030291375135835952
0.012813086679923057	1.0030919937419502	0.002934912616917404
0.013524924193652052	0.9942766421227761	0.002844054234927305
0.014236761604382864	0.9921391660724656	0.0027690599993991432
0.014948598906694532	0.9862085556747613	0.0026942371088817083
0.015660436095166114	0.9761238237125293	0.0026187992368295393
0.01637227316437665	0.9710356290879797	0.0025545521138412622
0.017084110108905197	0.9680266329635495	0.0024968884900670634
0.01779594692333081	0.9672368458320131	0.002445442977472738
0.018507783602232538	0.9569721026911858	0.0023851961933886337
0.01921962014018943	0.9466605231439754	0.002327964797198322
0.019931456531780547	0.9394537082407464	0.0022772979194843786
0.020643292771584935	0.9281175111605964	0.002224147947952671
0.021355128854181664	0.9168466576083393	0.0021734463789867663
0.022066964774149787	0.9114236829718985	0.002131770897844835
0.022778800526068368	0.9006109355543138	0.0020857144863084395
0.02349063610451646	0.883109139746657	0.002033815142181385
0.024202471504073127	0.8748517557348474	0.0019942933928050917
0.02491430671931743	0.8591302097911641	0.0019478556398783476
0.025626141744828444	0.8458234840223458	0.0019056798099157087
0.026337976575185225	0.8197551129787225	0.0018505573077781687
0.02704981120496684	0.8009201862936363	0.0018049458449121544
0.027761645628752368	0.773634329025221	0.001751043513820687
0.028473479841120874	0.7330905244433561	0.0016831011038125016
0.029185313836651426	0.6737631872140508	0.0015937607629344566
0.02989714760992311	0.5813309820797871	0.00146267733599835
0.030608981155515	0.4579238077112226	0.0012829917092051493
0.03132081446800616	0.3530711991747939	0.0011136950724022026
0.032032647541975684	0.3041441464151217	0.0010221037669827053
0.03274448037200264	0.2831238099244446	0.0009753732051343167
0.03345631295266612	0.2679343034768098	0.0009386999530420705
0.034168145278545205	0.2473108474296209	0.0008924061521062882
0.034879977344218986	0.2273398935939172	0.0008468400797553766
0.03559180914426656	0.20322155665976868	0.0007926136187990748
0.03630364067326699	0.17809418498639537	0.0007346854770431694
0.037015471925799404	0.15531842500713133	0.0006794719281179743
0.03772730289644286	0.13044197362053989	0.0006167831156253172
0.03843913357977649	0.11007344936697354	0.000561314380000886
0.03915096397037938	0.09126902762601008	0.0005064565091965145
0.039862794062830616	0.07522011530527267	0.00045565359875675054
0.04057462385170931	0.06180880380062929	0.00040940165449680353
0.04128645333159459	0.05010183391187725	0.00036540517887924504
0.041998282497065546	0.041233381807002104	0.0003286702444185874
0.042710111342701286	0.033196383564004305	0.0002924365895559321
0.04342193986308093	0.0280733791652675	0.0002667131386796194
0.044133768052783594	0.02380620865031819	0.00024361907450229676
0.0448455959063884	0.0208227341049084	0.0002260271725672456
0.045557423418474456	0.018451749725540284	0.0002111012845706512
0.04626925058362089	0.016921810396509966	0.00020059904212632747
0.04698107739640684	0.015194668154922398	0.00018864087365589132
0.047692903851411415	0.014531859591705946	0.00018309875397127973
0.048404729943213765	0.013661236854684872	0.00017621902137437696
0.049116555666393	0.01307570578091663	0.00017114739500013616
0.0498283810155283	0.012074108656256957	0.0001632829457750007
0.05054020598519876	0.011505654658546121	0.00015826644188401742
0.05125203056998355	0.01083062314315955	0.00015248350260512806
0.05196385476446181	0.010593329796608932	0.00014976738321310096
0.05267567856321269	0.010013623107155005	0.00014462461856325098
0.05338750196081532	0.00966989489448937	0.0001411701096001435
0.054099324951848875	0.00901386929309132	0.00013539772909296587
0.05481114753089252	0.008750267402320811	0.00013253417849001955
0.05552296969252541	0.008501351167521824	0.0001297954026302363
0.0562347914313267	0.008029816373760944	0.00012534353475451447
0.05694661274187557	0.007711115026775497	0.00012206082968283541
0.05765843361875119	0.007543403257277875	0.00011997863531660006
0.0583702540565327	0.007336426967030512	0.00011759752533840795
0.05908207404979933	0.007084156162868281	0.00011485975142470979
0.05979389359313022	0.00713047108566644	0.00011454664400375341
0.06050571268110459	0.007006578285675865	0.00011287726404579761
0.0612175313083016	0.006639332665600411	0.00010923856440642062
0.061929349469300454	0.006456419722570432	0.000107102422489578
0.06264116715868033	0.0063567055161998405	0.00010566661642608384
0.06335298437102045	0.005882358231004285	0.00010107502812398277
0.0640648011009	0.005866806039868131	0.00010037898488132845
0.06477661734289819	0.00547790888472752	9.646059684655062e-05
0.06548843309159422	0.005342762525308624	9.474412977259049e-05
0.06620024834156733	0.004884760982297126	9.010388668704437e-05
0.06691206308739671	0.004688092231885026	8.780061109037408e-05
0.06762387732366158	0.004314960278590769	8.37895855565812e-05
0.06833569104494118	0.004067139851511214	8.092308541368408e-05
0.06904750424581477	0.0037670626007731936	7.747812484830923e-05
0.06975931692086149	0.0034257916943540388	7.350739659449218e-05
0.07047112906466067	0.0031882168932635003	7.05537317850769e-05
0.0711829406717915	0.002827099739925991	6.610499518123583e-05
0.07189475173683324	0.002707285112685025	6.436800939828908e-05
0.07260656225436511	0.002394333065082944	6.023598543108683e-05
0.07331837221896642	0.002156489283496864	5.688777137091618e-05
0.07403018162521639	0.001997532271601225	5.448715974839107e-05
0.0747419904676943	0.0018209934796364388	5.1775409313713855e-05
0.07545379874097938	0.0016302869222825159	4.8757692379343326e-05
0.07616560643965092	0.0013983626113534483	4.494507659298873e-05
0.07687741355828821	0.0013567909067270176	4.4066520063220286e-05
0.07758922009147053	0.0012620947806515892	4.230551316567637e-05
0.07830102603377714	0.0011325853491333886	3.9893617421925366e-05
0.07901283137978733	0.0011154195236647443	3.9411411013411097e-05
0.0797246361240804	0.001012993980663466	3.739029010435407e-05
0.08043644026123564	0.0009452105391762632	3.595750352665746e-05
0.08114824378583237	0.0008894633639980668	3.4727709904418156e-05
0.08186004669244987	0.0008508148718031479	3.381685517092788e-05
0.0825718489756675	0.0007528696478699961	3.1673464136623395e-05
0.08328365063006452	0.0008032434192272657	3.257582224524498e-05
0.08399545165022025	0.0007309400857115607	3.0943161238299444e-05
0.08470725203071407	0.0007481785291126668	3.117410537969445e-05
0.08541905176612526	0.0006311675819822523	2.851324491892815e-05
0.08613085085103317	0.0006259515124457334	2.827760691651075e-05
0.08684264928001716	0.0005562048953628975	2.654621129274772e-05
0.08755444704765654	0.0005592231634960308	2.650972035380791e-05
0.08826624414853067	0.00047493445681206305	2.4331629300743326e-05
0.08897804057721892	0.0004921569075131218	2.4669596653114045e-05
0.08968983632830065	0.0004539017353457618	2.359722758279684e-05
0.09040163139635521	0.00045397915743920303	2.3506149750873263e-05
0.09111342577596197	0.00037676935230597394	2.1330364239279428e-05
0.09182521946170033	0.00041458871292915134	2.228842728876364e-05
0.09253701244814964	0.00035789396234630147	2.062866504506084e-05
0.0932488047298893	0.0003622417075147515	2.0674226244886767e-05
0.09396059630149874	0.000350129557249983	2.0248515108039373e-05
0.09467238715755728	0.0003323885505878121	1.9654547024741756e-05
0.09538417729264437	0.00034721102586174167	2.001291082279652e-05
0.09609596670133941	0.0002988399794408228	1.8497730347695603e-05
0.09680775537822184	0.0002648189876776486	1.7348868713611348e-05
0.09751954331787104	0.00028432315687261777	1.7910675358613136e-05
0.0982313305148664	0.00028226294266386675	1.7780894062330354e-05
0.09894311696378745	0.0002368630767867566	1.622959059892973e-05
0.09965490265921358	0.0002771267207391646	1.7492083507940856e-05
0.10036668759572422	0.00026200625535074333	1.6947775781655464e-05
0.10107847176789882	0.00023730187900857422	1.607211126340602e-05
0.10179025517031683	0.00027239409476398097	1.7159215079715593e-05
0.10250203779755773	0.00025332780144375405	1.6490235295564357e-05
0.10321381964420098	0.00023878856109681534	1.5954731848303923e-05
0.10392560070482604	0.00019692177933767512	1.4439005412370796e-05
0.10463738097401237	0.00021030349261494258	1.4870702573524093e-05
0.10534916044633952	0.0001973940582115704	1.4358304976016521e-05
0.1060609391163869	0.00018362049281591677	1.380176140850058e-05
0.10677271697873404	0.00019579277304737972	1.4204300678905361e-05
0.10748449402796044	0.00019551987071723232	1.414732132810467e-05
0.10819627025864563	0.00018609819045743326	1.3756774087228999e-05
0.1089080456653691	0.00016669682572614428	1.2977330282288072e-05
0.10961982024271036	0.00016159954774323484	1.2735828521997573e-05
0.11033159398524896	0.00019147174120101034	1.3818282665576208e-05
0.11104336688756443	0.00015754617136079217	1.2494224102149868e-05
0.11175513894423629	0.00014768184410670945	1.2058172077822972e-05
0.1124669101498441	0.0001428339486942891	1.1821021703172218e-05
0.11317868049896743	0.00014290784126680284	1.1786840089242419e-05
0.11389044998618579	0.00011786256068481964	1.067077486208176e-05
0.1146022186060788	0.00014113270322564867	1.1640429171255404e-05
0.115313986353226	0.00014694069364076432	1.1840818528554606e-05
0.11602575322220694	0.000153625733195324	1.2069977523018766e-05
0.11673751920760128	0.00014043622894835585	1.1504984155181322e-05
0.11744928430398857	0.00014333241115602432	1.1587738642563674e-05
0.11816104850594841	0.00015643657400076449	1.2069343712455325e-05
0.1188728118080604	0.00010366659584842838	9.795572567127945e-06
0.11958457420490416	0.00013801282579646899	1.126870003869908e-05
0.12029633569105934	0.0001417694485591613	1.1387196133056688e-05
0.12100809626110551	0.0001291151685164691	1.0835104249235645e-05
0.12171985590962232	0.0001364956679985482	1.110785992894784e-05
0.12243161463118944	0.00013839821676996897	1.1152446125340352e-05
0.12314337242038649	0.00013402430584200952	1.0943038748121263e-05
0.12385512927179312	0.00013947263502887058	1.1131128075868107e-05
0.12456688517998903	0.00012895957742651063	1.0672770566985322e-05
0.1252786401395538	0.000125592110167124	1.0502539864718776e-05
0.1259903941450672	0.00012226269136125003	1.0333083379851992e-05
0.12670214719110895	0.00011897067972297671	1.0164351126509332e-05
0.1274138992722586	9.758093774282667e-05	9.179642449111765e-06
0.12812565038309592	0.00010047386973259631	9.288812542696548e-06
0.12883740051820064	8.540069338719097e-05	8.540069338719097e-06
0.12954914967215245	9.936985258933402e-05	9.186746121695946e-06
0.13026089783953104	9.798221940964884e-05	9.097420684306417e-06
0.13097264501491618	7.728773493295586e-05	8.0578033816719e-06
0.13168439119288758	9.608749924425075e-05	8.960205505705134e-06
0.13239613636802505	8.559832446400834e-05	8.434253525619429e-06
0.1331078805349082	7.026167646953274e-05	7.62094882182102e-06
0.1338196236881169	8.304336139624759e-05	8.26312329893149e-06
0.1345313658222309	8.015043336389441e-05	8.096416420950033e-06
0.13524310693182995	6.671170858329178e-05	7.367075785913351e-06
0.13595484701149388	7.12182548153218e-05	7.5918914721115065e-06
0.1366665860558024	7.004227719970673e-05	7.509320335438908e-06
0.1373783240593354	6.567483479881708e-05	7.252572231546808e-06
0.1380900610166726	6.852347519732827e-05	7.3890763600649385e-06
0.13880179692239386	5.231812818275115e-05	6.439916403262688e-06
0.13951353177107895	6.151508384203909e-05	6.965211668782016e-06
0.14022526555730777	5.649494313456552e-05	6.657992898866611e-06
0.14093699827566017	4.918343790514366e-05	6.196530729533226e-06
0.1416487299207159	4.7382775971347e-05	6.066742797930665e-06
0.14236046048705486	3.555263532004883e-05	5.241950098049687e-06
0.14307218996925694	4.383519888993413e-05	5.8061139308099445e-06
0.14378391836190196	3.596589679840919e-05	5.246165230714109e-06
0.14449564565956985	4.949507050784794e-05	6.139107933915077e-06
0.14520737185684046	4.8494742701874184e-05	6.061842837734273e-06
0.14591909694829372	3.9963828527864965e-05	5.489454024136237e-06
0.1466308209285095	3.75187265159691e-05	5.305949188185056e-06
0.1473425437920677	4.0324495898155895e-05	5.487468838079733e-06
0.14805426553354828	3.41853678950143e-05	5.0403575143157255e-06
0.14876598614753114	4.141786727663549e-05	5.534695322858782e-06
0.14947770562859625	3.4595912128355176e-05	5.0463324284644355e-06
0.15018942397132354	2.710601803763896e-05	4.456201915268593e-06
0.15090114117029294	2.4790754437396095e-05	4.251579310628803e-06
0.15161285722008444	3.4108700699230707e-05	4.975265337497517e-06
0.152324572115278	3.25046801940716e-05	4.84551163338901e-06
0.1530362858504536	2.7320744523946403e-05	4.432010003025084e-06
0.15374799842019127	3.148810728377942e-05	4.747010782670603e-06
0.15445970981907092	2.6356628793346706e-05	4.333003082409419e-06
0.1551714200416727	2.5526667222488268e-05	4.254444537081377e-06
0.1558831290825765	1.552840739537878e-05	3.3106675805565147e-06
0.1565948369363624	2.5294634735974185e-05	4.2157724559956975e-06
0.15730654359761037	2.098349455812094e-05	3.831044434923246e-06
0.15801824906090053	2.0888986057965505e-05	3.8137896224528747e-06
0.1587299533208129	1.732943768372996e-05	3.465887536745992e-06
0.1594416563719276	2.2772750762330167e-05	3.964227072369766e-06
0.16015335820882456	1.7175417770682923e-05	3.4350835541365843e-06
0.160865058826084	1.9835338956997353e-05	3.6833299754760752e-06
0.161576758218286	2.042893444537315e-05	3.729796073841721e-06
0.16228845638001058	2.3051258348997123e-05	3.953258192607451e-06
0.16300015330583792	1.75504673460728e-05	3.441929825780699e-06
0.16371184899034805	1.2814241074911145e-05	2.939788520195037e-06
0.1644235434281212	1.888414474197432e-05	3.5687679078151466e-06
0.1651352366137375	1.3488674815695943e-05	3.0161593814285575e-06
0.165846928541777	1.0116506111771957e-05	2.6120706461798894e-06
0.1665586192068199	1.3488674815695943e-05	3.0161593814285575e-06
0.1672703086034464	1.6186409778835132e-05	3.3040370604784985e-06
0.16798199672623668	1.8209711001189522e-05	3.5044605161340205e-06
0.1686936835697709	2.0233012223543915e-05	3.6940257337042535e-06
0.16940536912862922	1.4837542297265537e-05	3.1633746467336824e-06
0.17011705339739192	1.2139807334126348e-05	2.8613800294196414e-06
0.17082873637063914	1.2814241074911145e-05	2.939788520195037e-06
0.17154041804295117	1.1465373593341551e-05	2.7807615507361603e-06
0.17225209840890815	1.2814241074911145e-05	2.939788520195037e-06
0.17296377746309044	1.7535277260404726e-05	3.4389508048870585e-06
0.17367545520007827	1.8209711001189522e-05	3.5044605161340205e-06
0.17438713161445182	1.2139807334126348e-05	2.8613800294196414e-06
0.17509880670079145	1.2139807334126348e-05	2.8613800294196414e-06
0.17581048045367736	1.2139807334126348e-05	2.8613800294196414e-06
0.17652215286768996	1.2139807334126348e-05	2.8613800294196414e-06
0.17723382393740947	1.6186409778835132e-05	3.3040370604784985e-06
0.17794549365741621	1.6186409778835132e-05	3.3040370604784985e-06
0.1786571620222905	1.8209711001189522e-05	3.5044605161340205e-06
0.17936882902661275	1.416310855648074e-05	3.0906436683785586e-06
0.18008049466496323	1.6186409778835132e-05	3.3040370604784985e-06
0.18079215893192238	1.416310855648074e-05	3.0906436683785586e-06
0.18150382182207042	9.44207237098716e-06	2.523499988097018e-06
0.18221548332998788	1.4837542297265537e-05	3.1633746467336824e-06
0.18292714345025501	1.0116506111771957e-05	2.6120706461798894e-06
0.18363880217745235	1.1465373593341551e-05	2.7807615507361603e-06
0.1843504595061602	1.3488674815695943e-05	3.0161593814285575e-06
0.18506211543095905	1.416310855648074e-05	3.0906436683785586e-06
0.18577376994642925	1.2139807334126348e-05	2.8613800294196414e-06
0.18648542304715132	1.2139807334126348e-05	2.8613800294196414e-06
0.18719707472770566	1.2814241074911145e-05	2.939788520195037e-06
0.1879087249826728	9.44207237098716e-06	2.523499988097018e-06
0.1886203738066331	1.0790939852556754e-05	2.6977349631391886e-06
0.1893320211941672	8.767638630202363e-06	2.431705434302575e-06
0.19004366713985543	1.4837542297265537e-05	3.1633746467336824e-06
0.19075531163827839	1.3488674815695943e-05	3.0161593814285575e-06
0.1914669546840166	1.0116506111771957e-05	2.6120706461798894e-06
0.19217859627165051	4.72103618549358e-06	1.7843839539075733e-06
0.19289023639576078	1.0116506111771957e-05	2.6120706461798894e-06
0.19360187505092794	6.069903667063174e-06	2.0233012223543915e-06
0.19431351223173238	6.744337407847971e-06	2.132746751747556e-06
0.19502514793275494	6.744337407847971e-06	2.132746751747556e-06
0.19573678214857593	8.093204889417566e-06	2.3363070107560135e-06
0.19644841487377615	8.767638630202363e-06	2.431705434302575e-06
0.1971600461029362	1.2814241074911145e-05	2.939788520195037e-06
0.1978716758306365	8.093204889417566e-06	2.3363070107560135e-06
0.19858330405145797	4.72103618549358e-06	1.7843839539075733e-06
0.199294930759981	4.046602444708783e-06	1.6520185302392492e-06
0.20000655595078634	8.767638630202363e-06	2.431705434302575e-06
0.2007181796184547	1.0116506111771957e-05	2.6120706461798894e-06
0.2014298017575667	1.1465373593341551e-05	2.7807615507361603e-06
0.20214142236270302	8.093204889417566e-06	2.3363070107560135e-06
0.20285304142844443	9.44207237098716e-06	2.523499988097018e-06
0.2035646589493715	6.069903667063174e-06	2.0233012223543915e-06
0.20427627492006512	9.44207237098716e-06	2.523499988097018e-06
0.20498788933510592	6.744337407847971e-06	2.132746751747556e-06
0.20569950218907465	7.418771148632768e-06	2.2368436641389857e-06
0.20641111347655214	2.6977349631391886e-06	1.3488674815695943e-06
0.20712272319211905	8.767638630202363e-06	2.431705434302575e-06
0.20783433133035628	4.046602444708783e-06	1.6520185302392492e-06
0.20854593788584455	5.395469926278377e-06	1.9075866862797614e-06
0.20925754285316464	6.069903667063174e-06	2.0233012223543915e-06
0.20996914622689747	1.2139807334126348e-05	2.8613800294196414e-06
0.2106807480016238	4.046602444708783e-06	1.6520185302392492e-06
0.21139234817192448	5.395469926278377e-06	1.9075866862797614e-06
0.21210394673238034	6.069903667063174e-06	2.0233012223543915e-06
0.21281554367757233	4.046602444708783e-06	1.6520185302392492e-06
0.2135271390020812	5.395469926278377e-06	1.9075866862797614e-06
0.214238732700488	3.3721687039239856e-06	1.5080796907142788e-06
0.2149503247673735	4.046602444708783e-06	1.6520185302392492e-06
0.21566191519731867	5.395469926278377e-06	1.9075866862797614e-06
0.21637350398490446	8.093204889417566e-06	2.3363070107560135e-06
0.21708509112471175	3.3721687039239856e-06	1.5080796907142788e-06
0.21779667661132163	4.046602444708783e-06	1.6520185302392492e-06
0.21850826043931484	4.72103618549358e-06	1.7843839539075733e-06
0.2192198426032726	4.72103618549358e-06	1.7843839539075733e-06
0.21993142309777572	4.046602444708783e-06	1.6520185302392492e-06
0.2206430019174053	6.744337407847971e-06	2.132746751747556e-06
0.2213545790567423	4.72103618549358e-06	1.7843839539075733e-06
0.22206615451036782	4.72103618549358e-06	1.7843839539075733e-06
0.22277772827286285	6.069903667063174e-06	2.0233012223543915e-06
0.2234893003388085	4.046602444708783e-06	1.6520185302392492e-06
0.22420087070278574	5.395469926278377e-06	1.9075866862797614e-06
0.2249124393593758	4.72103618549358e-06	1.7843839539075733e-06
0.2256240063031596	4.72103618549358e-06	1.7843839539075733e-06
0.2263355715287184	4.046602444708783e-06	1.6520185302392492e-06
0.22704713503063317	6.069903667063174e-06	2.0233012223543915e-06
0.2277586968034852	4.72103618549358e-06	1.7843839539075733e-06
0.22847025684185554	6.069903667063174e-06	2.0233012223543915e-06
0.2291818151403254	5.395469926278377e-06	1.9075866862797614e-06
0.22989337169347587	4.046602444708783e-06	1.6520185302392492e-06
0.2306049264958883	4.046602444708783e-06	1.6520185302392492e-06
0.2313164795421437	7.418771148632768e-06	2.2368436641389857e-06
0.23202803082682338	4.046602444708783e-06	1.6520185302392492e-06
0.23273958034450865	3.3721687039239856e-06	1.5080796907142788e-06
0.23345112808978052	6.069903667063174e-06	2.0233012223543915e-06
0.2341626740572205	5.395469926278377e-06	1.9075866862797614e-06
0.2348742182414097	1.3488674815695943e-06	9.537933431398807e-07
0.23558576063692946	3.3721687039239856e-06	1.5080796907142788e-06
0.23629730123836104	3.3721687039239856e-06	1.5080796907142788e-06
0.23700884004028577	6.069903667063174e-06	2.0233012223543915e-06
0.23772037703728494	8.093204889417566e-06	2.3363070107560135e-06
0.23843191222393997	5.395469926278377e-06	1.9075866862797614e-06
0.23914344559483208	2.6977349631391886e-06	1.3488674815695943e-06
0.2398549771445428	3.3721687039239856e-06	1.5080796907142788e-06
0.24056650686765332	6.069903667063174e-06	2.0233012223543915e-06
0.24127803475874518	2.0233012223543915e-06	1.1681535053780068e-06
0.24198956081239972	3.3721687039239856e-06	1.5080796907142788e-06
0.24270108502319837	2.6977349631391886e-06	1.3488674815695943e-06
0.24341260738572257	3.3721687039239856e-06	1.5080796907142788e-06
0.2441241278945538	4.046602444708783e-06	1.6520185302392492e-06
0.2448356465442734	2.6977349631391886e-06	1.3488674815695943e-06
0.245547163329463	4.72103618549358e-06	1.7843839539075733e-06
0.246258678244704	2.0233012223543915e-06	1.1681535053780068e-06
0.24697019128457787	4.046602444708783e-06	1.6520185302392492e-06
0.24768170244366625	2.0233012223543915e-06	1.1681535053780068e-06
0.24839321171655052	2.6977349631391886e-06	1.3488674815695943e-06
0.24910471909781237	2.0233012223543915e-06	1.1681535053780068e-06
0.24981622458203329	5.395469926278377e-06	1.9075866862797614e-06
0.25052772816379487	2.6977349631391886e-06	1.3488674815695943e-06
0.2512392298376787	6.744337407847971e-07	6.744337407847971e-07
0.25195072959826637	4.046602444708783e-06	1.6520185302392492e-06
0.25266222744013955	2.6977349631391886e-06	1.3488674815695943e-06
0.25337372335787983	2.6977349631391886e-06	1.3488674815695943e-06
0.2540852173460688	6.069903667063174e-06	2.0233012223543915e-06
0.2547967093992882	4.046602444708783e-06	1.6520185302392492e-06
0.2555081995121198	3.3721687039239856e-06	1.5080796907142788e-06
0.2562196876791451	4.72103618549358e-06	1.7843839539075733e-06
0.25693117389494585	2.0233012223543915e-06	1.1681535053780068e-06
0.2576426581541039	2.0233012223543915e-06	1.1681535053780068e-06
0.2583541404512009	6.069903667063174e-06	2.0233012223543915e-06
0.2590656207808187	1.3488674815695943e-06	9.537933431398807e-07
0.25977709913753877	2.6977349631391886e-06	1.3488674815695943e-06
0.2604885755159433	4.046602444708783e-06	1.6520185302392492e-06
0.26120004991061374	2.0233012223543915e-06	1.1681535053780068e-06
0.26191152231613213	5.395469926278377e-06	1.9075866862797614e-06
0.26262299272708023	2.0233012223543915e-06	1.1681535053780068e-06
0.26333446113803977	2.6977349631391886e-06	1.3488674815695943e-06
0.26404592754359274	1.3488674815695943e-06	9.537933431398807e-07
0.26475739193832115	1.3488674815695943e-06	9.537933431398807e-07
0.26546885431680656	3.3721687039239856e-06	1.5080796907142788e-06
0.266180314673631	3.3721687039239856e-06	1.5080796907142788e-06
0.26689177300337646	6.744337407847971e-06	2.132746751747556e-06
0.2676032293006249	2.6977349631391886e-06	1.3488674815695943e-06
0.2683146835599582	2.0233012223543915e-06	1.1681535053780068e-06
0.2690261357759583	6.744337407847971e-07	6.744337407847971e-07
0.26973758594320724	1.3488674815695943e-06	9.537933431398807e-07
0.27044903405628695	2.6977349631391886e-06	1.3488674815695943e-06
0.27116048010977956	4.046602444708783e-06	1.6520185302392492e-06
0.271871924098267	1.3488674815695943e-06	9.537933431398807e-07
0.27258336601633126	2.6977349631391886e-06	1.3488674815695943e-06
0.2732948058585546	2.6977349631391886e-06	1.3488674815695943e-06
0.27400624361951903	2.6977349631391886e-06	1.3488674815695943e-06
0.2747176792938064	6.069903667063174e-06	2.0233012223543915e-06
0.27542911287599914	2.0233012223543915e-06	1.1681535053780068e-06
0.27614054436067914	2.6977349631391886e-06	1.3488674815695943e-06
0.2768519737424287	3.3721687039239856e-06	1.5080796907142788e-06
0.27756340101582994	2.0233012223543915e-06	1.1681535053780068e-06
0.27827482617546495	2.0233012223543915e-06	1.1681535053780068e-06
0.27898624921591597	4.046602444708783e-06	1.6520185302392492e-06
0.2796976701317653	4.046602444708783e-06	1.6520185302392492e-06
0.2804090889175949	3.3721687039239856e-06	1.5080796907142788e-06
0.2811205055679873	2.0233012223543915e-06	1.1681535053780068e-06
0.2818319200775246	2.0233012223543915e-06	1.1681535053780068e-06
0.2825433324407891	5.395469926278377e-06	1.9075866862797614e-06
0.283254742652363	4.046602444708783e-06	1.6520185302392492e-06
0.2839661507068288	4.046602444708783e-06	1.6520185302392492e-06
0.28467755659876864	2.0233012223543915e-06	1.1681535053780068e-06
0.28538896032276495	3.3721687039239856e-06	1.5080796907142788e-06
0.28610036187339993	3.3721687039239856e-06	1.5080796907142788e-06
0.28681176124525626	6.744337407847971e-07	6.744337407847971e-07
0.28752315843291587	2.6977349631391886e-06	1.3488674815695943e-06
0.2882345534309616	6.744337407847971e-07	6.744337407847971e-07
0.2889459462339756	1.3488674815695943e-06	9.537933431398807e-07
0.2896573368365405	2.0233012223543915e-06	1.1681535053780068e-06
0.2903687252332385	2.0233012223543915e-06	1.1681535053780068e-06
0.29108011141865225	6.744337407847971e-07	6.744337407847971e-07
0.29179149538736415	2.0233012223543915e-06	1.1681535053780068e-06
0.2925028771339569	2.0233012223543915e-06	1.1681535053780068e-06
0.29321425665301265	2.6977349631391886e-06	1.3488674815695943e-06
0.29392563393911425	2.6977349631391886e-06	1.3488674815695943e-06
0.2946370089868442	4.046602444708783e-06	1.6520185302392492e-06
0.29534838179078493	1.3488674815695943e-06	9.537933431398807e-07
0.2960597523455192	1.3488674815695943e-06	9.537933431398807e-07
0.2967711206456294	2.0233012223543915e-06	1.1681535053780068e-06
0.29748248668569827	6.744337407847971e-07	6.744337407847971e-07
0.29819385046030866	4.046602444708783e-06	1.6520185302392492e-06
0.2989052119640428	4.046602444708783e-06	1.6520185302392492e-06
0.2996165711914836	3.3721687039239856e-06	1.5080796907142788e-06
0.3003279281372138	2.6977349631391886e-06	1.3488674815695943e-06
0.30103928279581604	2.6977349631391886e-06	1.3488674815695943e-06
0.30175063516187306	4.046602444708783e-06	1.6520185302392492e-06
0.3024619852299676	1.3488674815695943e-06	9.537933431398807e-07
0.30317333299468224	1.3488674815695943e-06	9.537933431398807e-07
0.3038846784506001	1.3488674815695943e-06	9.537933431398807e-07
0.3045960215923037	3.3721687039239856e-06	1.5080796907142788e-06
0.305307362414376	3.3721687039239856e-06	1.5080796907142788e-06
0.3060187009113997	3.3721687039239856e-06	1.5080796907142788e-06
0.3067300370779577	1.3488674815695943e-06	9.537933431398807e-07
0.3074413709086331	3.3721687039239856e-06	1.5080796907142788e-06
0.30815270239800835	2.0233012223543915e-06	1.1681535053780068e-06
0.3088640315406667	3.3721687039239856e-06	1.5080796907142788e-06
0.30957535833119093	6.744337407847971e-07	6.744337407847971e-07
0.31028668276416393	1.3488674815695943e-06	9.537933431398807e-07
0.3109980048341688	2.0233012223543915e-06	1.1681535053780068e-06
0.3117093245357884	1.3488674815695943e-06	9.537933431398807e-07
0.3124206418636057	2.0233012223543915e-06	1.1681535053780068e-06
0.31313195681220385	2.6977349631391886e-06	1.3488674815695943e-06
0.31384326937616563	6.744337407847971e-07	6.744337407847971e-07
0.3145545795500744	1.3488674815695943e-06	9.537933431398807e-07
0.31526588732851285	6.744337407847971e-07	6.744337407847971e-07
0.3159771927060645	2.0233012223543915e-06	1.1681535053780068e-06
0.3166884956773121	1.3488674815695943e-06	9.537933431398807e-07
0.31739979623683895	6.744337407847971e-07	6.744337407847971e-07
0.318111094379228	1.3488674815695943e-06	9.537933431398807e-07
0.3188223900990627	2.0233012223543915e-06	1.1681535053780068e-06
0.31953368339092597	1.3488674815695943e-06	9.537933431398807e-07
0.3202449742494011	2.0233012223543915e-06	1.1681535053780068e-06
0.3209562626690713	4.046602444708783e-06	1.6520185302392492e-06
0.32166754864451974	2.0233012223543915e-06	1.1681535053780068e-06
0.32237883217032987	1.3488674815695943e-06	9.537933431398807e-07
0.3230901132410846	2.0233012223543915e-06	1.1681535053780068e-06
0.32380139185136747	4.046602444708783e-06	1.6520185302392492e-06
0.3245126679957617	2.6977349631391886e-06	1.3488674815695943e-06
0.32522394166885077	2.0233012223543915e-06	1.1681535053780068e-06
0.3259352128652178	1.3488674815695943e-06	9.537933431398807e-07
0.32664648157944626	2.6977349631391886e-06	1.3488674815695943e-06
0.3273577478061195	2.6977349631391886e-06	1.3488674815695943e-06
0.328069011539821	3.3721687039239856e-06	1.5080796907142788e-06
0.328780272775134	6.744337407847971e-07	6.744337407847971e-07
0.32949153150664207	4.046602444708783e-06	1.6520185302392492e-06
0.3302027877289287	2.6977349631391886e-06	1.3488674815695943e-06
0.33091404143657727	3.3721687039239856e-06	1.5080796907142788e-06
0.33162529262417134	3.3721687039239856e-06	1.5080796907142788e-06
0.3323365412862943	3.3721687039239856e-06	1.5080796907142788e-06
0.3330477874175298	2.0233012223543915e-06	1.1681535053780068e-06
0.3337590310124614	2.6977349631391886e-06	1.3488674815695943e-06
0.3344702720656726	2.6977349631391886e-06	1.3488674815695943e-06
0.33518151057174694	6.744337407847971e-07	6.744337407847971e-07
0.33589274652526824	2.0233012223543915e-06	1.1681535053780068e-06
0.3366039799208199	1.3488674815695943e-06	9.537933431398807e-07
0.33731521075298576	6.744337407847971e-07	6.744337407847971e-07
0.33802643901634927	2.6977349631391886e-06	1.3488674815695943e-06
0.3387376647054943	6.744337407847971e-07	6.744337407847971e-07
0.3394488878150046	2.0233012223543915e-06	1.1681535053780068e-06
0.3401601083394637	3.3721687039239856e-06	1.5080796907142788e-06
0.34087132627345545	1.3488674815695943e-06	9.537933431398807e-07
0.34158254161156354	2.6977349631391886e-06	1.3488674815695943e-06
0.34229375434837184	1.3488674815695943e-06	9.537933431398807e-07
0.34300496447846435	4.046602444708783e-06	1.6520185302392492e-06
0.34371617199642446	1.3488674815695943e-06	9.537933431398807e-07
0.3444273768968362	2.0233012223543915e-06	1.1681535053780068e-06
0.34513857917428353	2.0233012223543915e-06	1.1681535053780068e-06
0.3458497788233503	2.0233012223543915e-06	1.1681535053780068e-06
0.34656097583862044	2.0233012223543915e-06	1.1681535053780068e-06
0.34727217021467777	6.744337407847971e-07	6.744337407847971e-07
0.34798336194610624	2.0233012223543915e-06	1.1681535053780068e-06
0.34869455102749	1.3488674815695943e-06	9.537933431398807e-07
0.34940573745341275	1.3488674815695943e-06	9.537933431398807e-07
0.3501169212184587	2.6977349631391886e-06	1.3488674815695943e-06
0.35082810231721184	6.744337407847971e-07	6.744337407847971e-07
0.3515392807442562	1.3488674815695943e-06	9.537933431398807e-07
0.35225045649417586	3.3721687039239856e-06	1.5080796907142788e-06
0.35296162956155486	2.0233012223543915e-06	1.1681535053780068e-06
0.3536727999409773	3.3721687039239856e-06	1.5080796907142788e-06
0.35438396762702745	2.6977349631391886e-06	1.3488674815695943e-06
0.35509513261428927	4.046602444708783e-06	1.6520185302392492e-06
0.3558062948973471	3.3721687039239856e-06	1.5080796907142788e-06
0.356517454470785	1.3488674815695943e-06	9.537933431398807e-07
0.35722861132918715	1.3488674815695943e-06	9.537933431398807e-07
0.35793976546713796	6.744337407847971e-07	6.744337407847971e-07
0.3586509168792215	6.744337407847971e-07	6.744337407847971e-07
0.3593620655600222	3.3721687039239856e-06	1.5080796907142788e-06
0.3600732115041242	6.744337407847971e-07	6.744337407847971e-07
0.3607843547061119	1.3488674815695943e-06	9.537933431398807e-07
0.3614954951605697	2.6977349631391886e-06	1.3488674815695943e-06
0.36220663286208177	2.6977349631391886e-06	1.3488674815695943e-06
0.3629177678052326	6.744337407847971e-07	6.744337407847971e-07
0.3636288999846067	2.0233012223543915e-06	1.1681535053780068e-06
0.36505115603036187	2.6977349631391886e-06	1.3488674815695943e-06
0.3657622798859119	2.6977349631391886e-06	1.3488674815695943e-06
0.36647340095602304	4.046602444708783e-06	1.6520185302392492e-06
0.36718451923527945	3.3721687039239856e-06	1.5080796907142788e-06
0.36789563471826586	3.3721687039239856e-06	1.5080796907142788e-06
0.3686067473995669	2.6977349631391886e-06	1.3488674815695943e-06
0.36931785727376704	1.3488674815695943e-06	9.537933431398807e-07
0.37002896433545074	2.0233012223543915e-06	1.1681535053780068e-06
0.3707400685792028	3.3721687039239856e-06	1.5080796907142788e-06
0.37145116999960776	1.3488674815695943e-06	9.537933431398807e-07
0.37287336434871515	1.3488674815695943e-06	9.537933431398807e-07
0.37358445726658696	2.0233012223543915e-06	1.1681535053780068e-06
0.3750066345618901	1.3488674815695943e-06	9.537933431398807e-07
0.37642880043383814	6.744337407847971e-07	6.744337407847971e-07
0.3771398790725157	2.0233012223543915e-06	1.1681535053780068e-06
0.3785620277282028	1.3488674815695943e-06	9.537933431398807e-07
0.3792730977343818	3.3721687039239856e-06	1.5080796907142788e-06
0.37998416485223097	1.3488674815695943e-06	9.537933431398807e-07
0.38069522907633524	2.6977349631391886e-06	1.3488674815695943e-06
0.38140629040127966	2.0233012223543915e-06	1.1681535053780068e-06
0.38211734882164894	2.6977349631391886e-06	1.3488674815695943e-06
0.3828284043320283	6.744337407847971e-07	6.744337407847971e-07
0.3835394569270026	2.6977349631391886e-06	1.3488674815695943e-06
0.3842505066011569	2.6977349631391886e-06	1.3488674815695943e-06
0.38496155334907634	4.046602444708783e-06	1.6520185302392492e-06
0.3856725971653458	2.0233012223543915e-06	1.1681535053780068e-06
0.38638363804455045	1.3488674815695943e-06	9.537933431398807e-07
0.3870946759812756	2.6977349631391886e-06	1.3488674815695943e-06
0.3878057109701061	2.0233012223543915e-06	1.1681535053780068e-06
0.3885167430056271	6.744337407847971e-07	6.744337407847971e-07
0.3892277720824241	2.0233012223543915e-06	1.1681535053780068e-06
0.3899387981950821	1.3488674815695943e-06	9.537933431398807e-07
0.39064982133818626	6.744337407847971e-07	6.744337407847971e-07
0.3913608415063219	2.6977349631391886e-06	1.3488674815695943e-06
0.39207185869407435	6.744337407847971e-07	6.744337407847971e-07
0.39278287289602876	6.744337407847971e-07	6.744337407847971e-07
0.3942048923208853	2.6977349631391886e-06	1.3488674815695943e-06
0.39491589753295786	6.744337407847971e-07	6.744337407847971e-07
0.3956268997375739	4.046602444708783e-06	1.6520185302392492e-06
0.39633789892931903	6.744337407847971e-07	6.744337407847971e-07
0.39704889510277824	2.0233012223543915e-06	1.1681535053780068e-06
0.3977598882525372	2.0233012223543915e-06	1.1681535053780068e-06
0.39918186545929646	2.6977349631391886e-06	1.3488674815695943e-06
0.39989284950546766	1.3488674815695943e-06	9.537933431398807e-07
0.40060383050628073	1.3488674815695943e-06	9.537933431398807e-07
0.4013148084563211	2.0233012223543915e-06	1.1681535053780068e-06
0.4020257833501745	2.0233012223543915e-06	1.1681535053780068e-06
0.4027367551824264	6.744337407847971e-07	6.744337407847971e-07
0.40344772394766265	2.6977349631391886e-06	1.3488674815695943e-06
0.4041586896404687	2.6977349631391886e-06	1.3488674815695943e-06
0.4048696522554303	4.046602444708783e-06	1.6520185302392492e-06
0.4055806117871333	1.3488674815695943e-06	9.537933431398807e-07
0.40629156823016316	2.6977349631391886e-06	1.3488674815695943e-06
0.4070025215791058	1.3488674815695943e-06	9.537933431398807e-07
0.4084244189730727	6.744337407847971e-07	6.744337407847971e-07
0.4091353630072685	3.3721687039239856e-06	1.5080796907142788e-06
0.40984630392572036	6.744337407847971e-07	6.744337407847971e-07
0.41055724172301405	2.0233012223543915e-06	1.1681535053780068e-06
0.4112681763937356	2.6977349631391886e-06	1.3488674815695943e-06
0.4119791079324709	6.744337407847971e-07	6.744337407847971e-07
0.41269003633380585	1.3488674815695943e-06	9.537933431398807e-07
0.4134009615923265	3.3721687039239856e-06	1.5080796907142788e-06
0.4141118837026187	1.3488674815695943e-06	9.537933431398807e-07
0.41482280265926874	1.3488674815695943e-06	9.537933431398807e-07
0.4155337184568623	3.3721687039239856e-06	1.5080796907142788e-06
0.41695554055322503	2.0233012223543915e-06	1.1681535053780068e-06
0.4176664468411663	2.6977349631391886e-06	1.3488674815695943e-06
0.41837734994839554	2.0233012223543915e-06	1.1681535053780068e-06
0.4197991465990634	2.0233012223543915e-06	1.1681535053780068e-06
0.42051004013167415	1.3488674815695943e-06	9.537933431398807e-07
0.42122093046191794	1.3488674815695943e-06	9.537933431398807e-07
0.4219318175843808	2.0233012223543915e-06	1.1681535053780068e-06
0.4226427014936492	6.744337407847971e-07	6.744337407847971e-07
0.42335358218430924	1.3488674815695943e-06	9.537933431398807e-07
0.42477533388815014	6.744337407847971e-07	6.744337407847971e-07
0.42548620489050376	2.6977349631391886e-06	1.3488674815695943e-06
0.42619707265259454	6.744337407847971e-07	6.744337407847971e-07
0.426907937169009	6.744337407847971e-07	6.744337407847971e-07
