#File generated by ModelExp v0.6.7
#Read datafile: 
#Started Fit at 2019-01-04 17:59:20.463670
#Finished Fit at 2019-01-04 17:59:20.470586
#[[Fit Statistics]]
#    # fitting method   = leastsq
#    # function evals   = 0
#    # data points      = 264
#    # variables        = 0
#    chi-square         = 39851.1291
#    reduced chi-square = 150.951247
#    Akaike info crit   = 1324.47663
#    Bayesian info crit = 1324.47663
#[[Variables]]
#    Ms:            0.052 (fixed)
#    mu:            23490.22 (fixed)
#    chi:          -0.042 (fixed)
#    sigMu:         0 (fixed)
#    orderHermite:  50 (fixed)
#    T:             300 (fixed)

#[[Data]] 0
#B / T	M / kAm-1	sM / kAm-1	Mmodel / kAm-1
8.9999625	-0.332125985681386	0.00148604801697604	-0.32610827812758425
8.9812984375	-0.332220812893972	0.0017241636334533398	-0.32532461578868926
8.9617	-0.331135584042459	0.00142209047504833	-0.3245017221519093
8.94331328125	-0.329626571980358	0.00157581974916549	-0.3237297067777071
8.924318359375	-0.329967725705038	0.00151981968714347	-0.3229321553563628
8.9021875	-0.32827636936341104	0.00209485374248841	-0.32200293467255414
8.877941015625	-0.326985303990272	0.00199789956715843	-0.3209848856431211
8.856528515625	-0.326253158032704	0.0019031852233270898	-0.32008582988630735
8.83509140625	-0.323721375682849	0.00139288617010269	-0.319185742152497
8.811677734375	-0.323672841367921	0.00123810309605994	-0.318202665273517
8.788256640625	-0.32296255135615204	0.00153842385091996	-0.3172192783551391
8.7628984375	-0.321384158734655	0.00169516264048733	-0.3161545593764327
8.738491015625	-0.320727769517892	0.0019857482388425597	-0.31512976278845334
8.714075	-0.319657367320898	0.00180525944413454	-0.3141046071401744
8.688693359375	-0.31841770432125405	0.0013852642844441102	-0.3130389096679202
8.666240234375	-0.318125988539354	0.00143110270540459	-0.31209617322962746
8.6467265625	-0.316094845917878	0.00185029178489779	-0.31127685647082404
8.625240625	-0.31552473010626597	0.00181675070561527	-0.31037473192501014
8.600824609375	-0.314661656926887	0.00245872190589786	-0.309349584668056
8.579345703125	-0.313427544227584	0.00177096355572354	-0.30844775839246125
8.557865625	-0.312441868007237	0.00172516092288892	-0.30754588435853647
8.535421875	-0.311628802958914	0.00176250732260466	-0.3066035506377784
8.51392734375	-0.311325953498353	0.00121030898691966	-0.3057010727581393
8.489495703125	-0.309413322830905	0.00127463732701122	-0.3046752780422546
8.466066796875	-0.307704850471663	0.00200542268829394	-0.3036915862658411
8.44263046875	-0.307611241968038	0.00157320028162225	-0.3027075846623565
8.418221484375	-0.307535376696801	0.0025310686235251	-0.3016827468693663
8.395765625	-0.30572223147230204	0.00151997874742067	-0.30073991490036317
8.373301953125	-0.30594833618357703	0.0014716714664539299	-0.29979675660138977
8.348883203125	-0.30293318193756197	0.0018623078542477302	-0.29877151444499317
8.326436328125	-0.30195099527860597	0.00136227241202368	-0.29782906493805184
8.3049640625	-0.30129372877043703	0.00239474268076943	-0.2969275367787612
8.281527734375	-0.30136518425726	0.001845893073744	-0.2959435478924431
8.259069921875	-0.299616022218555	0.00124772459318359	-0.29500064439020907
8.235630078125	-0.29838527346167604	0.0016722479014131201	-0.29401651165877385
8.210238671875	-0.29674491655769103	0.00111075215705572	-0.29295044386405855
8.186812890625	-0.296137903916066	0.00121262845974559	-0.29196690562084415
8.166316796875	-0.295173671601492	0.0015537895726060898	-0.2911063727813901
8.1272359375	-0.29524476548372697	0.00136896487892862	-0.28946555885538533
8.117476953125	-0.29392191779495797	0.00178617394418439	-0.28905582776094224
8.096994921875	-0.291650032536408	0.0013326392118578599	-0.28819589054100814
8.073556640625	-0.291314060525872	0.0014903938933418098	-0.28721183720719146
8.051071484375	-0.290737304385173	0.0019661172309238502	-0.2862678026481175
8.0295640625	-0.290100128007442	0.00206447387679538	-0.2853648198535696
8.007110546875	-0.289206465910251	0.00145942201704554	-0.2844221174759368
7.980753515625	-0.28671065737237	0.0015351920372502499	-0.28331552994716774
7.953405078125	-0.287150860253241	0.0011862236556703799	-0.282167321551614
7.9280203125	-0.28393643971395705	0.00167017993222709	-0.28110155941860104
7.88895390625	-0.28457419315946403	0.00129744559691602	-0.27946138790651215
7.857708203125	-0.282969976678007	0.00187924164275794	-0.27814956671797525
7.82648046875	-0.280508716840618	0.00140646077582169	-0.276838503905993
7.812813671875	-0.279960861387487	0.0019816316769963	-0.27626471941364245
7.78938359375	-0.27953408141811	0.00182256588761225	-0.27528103677403976
7.76497421875	-0.277292599943587	0.00135055584065495	-0.2742562420183254
7.725910546875	-0.277022899064894	0.00150554577567587	-0.27261621157811555
7.695629296875	-0.274285678739389	0.00211491291280087	-0.27134490261711186
7.665372265625	-0.273578250460794	0.0020034001643316297	-0.2700746144144655
7.65561484375	-0.272864024870319	0.00164326348225482	-0.26966496708552107
7.63608359375	-0.272114982319969	0.00128061788422309	-0.26884498490365394
7.612619140625	-0.27155021856566697	0.0010844639395623	-0.26785987695132196
7.589153125	-0.269598165416047	0.00123781827963509	-0.2668747058685881
7.56667734375	-0.26891177100915004	0.0016075217752610802	-0.2659311100190438
7.52569296875	-0.26813948026912904	0.00200035125843124	-0.2642104778424867
7.513001953125	-0.267415866479255	0.00142134436917269	-0.26367767710269213
7.492485546875	-0.266839480903451	0.00157658984417191	-0.26281634838228807
7.4729515625	-0.265649706794224	0.00141187759013636	-0.2619962659644973
7.450499609375	-0.263957911106828	0.00117862374398948	-0.2610536826180573
7.4065765625	-0.261493858197381	0.00161875295482676	-0.2592097015912117
7.37531640625	-0.26220127536370497	0.0015231840652178501	-0.25789734080676524
7.36069296875	-0.260668753965127	0.00167408599680973	-0.25728342275143273
7.336274609375	-0.258618048675399	0.00138101942403682	-0.25625829872747363
7.297216015625	-0.258241663872606	0.00155271416826937	-0.2546185591248771
7.2659484375	-0.255334129009173	0.00149273860672305	-0.2533059038829617
7.253260546875	-0.255821260550883	0.00156685197893344	-0.2527732504986363
7.21226640625	-0.254499994766187	0.0013678802557392901	-0.2510522713571736
7.202500390625	-0.253226068706094	0.0018012920757423	-0.2506422845735732
7.182978125	-0.252969949314674	0.00168039322742004	-0.24982272249177478
7.143912109375	-0.250493154441359	0.00126393533507234	-0.2481827025176434
7.1302359375	-0.25010571208212	0.00153921826363185	-0.2476085687458024
7.1048609375	-0.24981887728728802	0.00144490904067974	-0.24654331396753365
7.081426953125	-0.24714057011514598	0.00170450968328243	-0.24555954711664318
7.057980078125	-0.24759635643575298	0.00169789783500016	-0.24457524217320248
7.03357890625	-0.24549814003590098	0.00111462087431906	-0.24355087892171945
7.011121484375	-0.24468712034805304	0.00117183569712446	-0.24260811744824778
6.9876578125	-0.24408328709847402	0.00130909407266139	-0.2416231167403981
6.9632421875	-0.242353745209741	0.00109450458871199	-0.24059815660023914
6.9407921875	-0.242146953453182	0.00174543049720049	-0.23965571584998985
6.919305859375	-0.240428058148728	0.00138277320546627	-0.2387537323960554
6.8958796875	-0.24082710876411198	0.00155166138546983	-0.23777031858007167
6.8714765625	-0.239951256447859	0.0015532878243438599	-0.23674589649540298
6.8470625	-0.237905207890781	0.00109374055143664	-0.23572101889574232
6.823629296875	-0.23688681465029202	0.00149881634060386	-0.23473732023133118
6.80116484375	-0.23562439206305402	0.0018039790000718798	-0.233794291775348
6.777721875	-0.234882607963415	0.0017687054708247398	-0.2328101898918084
6.758192578125	-0.233691245236021	0.00149317244867388	-0.23199038095008667
6.722066015625	-0.23273393061144299	0.000828583835568554	-0.23047385154932665
6.708382421875	-0.231594443489314	0.00122669340865874	-0.22989944061974144
6.66540546875	-0.23049823862819302	0.00148306601195089	-0.22809535885268006
6.6361015625	-0.22947278440377	0.0016540759090082902	-0.22686524978677855
6.624380078125	-0.227490486017869	0.00170003268820795	-0.22637321106249236
6.6038734375	-0.227373910369566	0.00152335548418627	-0.2255123956070706
6.582393359375	-0.22707767846025098	0.00128760854158734	-0.22461072087288625
6.5589556640625	-0.225496841532932	0.00162288928771724	-0.223626874391892
6.53845078125	-0.224093108642179	0.00118562896273917	-0.22276614203037792
6.51796171875	-0.224865589477716	0.00110603797501632	-0.22190607672807072
6.494535546875	-0.22132226842087702	0.00164971309847389	-0.22092272464438414
6.4711029296875	-0.222300317051444	0.00126927108131721	-0.2199391059711321
6.447655859375	-0.22130437806199	0.0016525804537626501	-0.2189548846171342
6.424225	-0.219145745144332	0.00121564285415888	-0.21797134778981378
6.4017763671875	-0.21904323548079702	0.00113484763565453	-0.2170290448736163
6.3812490234375	-0.21841372869577602	0.00126247278200629	-0.21616739323394515
6.359751953125	-0.215492606680991	0.0009749508973188169	-0.21526503998559374
6.31579609375	-0.21462070241624598	0.0017886467234491102	-0.21341997582797315
6.301126953125	-0.212833887908018	0.00140286204310211	-0.21280423634949677
6.2766453125	-0.212575465944978	0.00154063321925875	-0.21177661943818046
6.257039453125	-0.213040724661666	0.00118097881829015	-0.21095366690735404
6.235489453125	-0.21103614023388098	0.00127668212911487	-0.2100491129932476
6.2100328125	-0.20978710681020898	0.0012261106948394899	-0.2089805840517024
6.1875376953125	-0.20963492508344	0.0012494381041863699	-0.2080363679313078
6.16699140625	-0.209258344316007	0.00120320469415737	-0.2071739561383053
6.1258755859375	-0.20717544429498	0.00155764254699448	-0.20544816770574081
6.09554375	-0.20485549953537902	0.0011401135241346	-0.20417503369927528
6.063244921875	-0.20398394473329698	0.0013994488847399599	-0.2028193469351037
6.049537109375	-0.203786604892487	0.0012255491930025	-0.20224398829273213
6.0280052734375	-0.20260249722176799	0.0011536212821887401	-0.20134023494884934
6.0054892578125	-0.201338697778282	0.00101831805025028	-0.20039517721830657
5.98298671875	-0.199865530729014	0.001121290266926	-0.1994506897595309
5.9624466796875	-0.199721604011631	0.00110127531981639	-0.19858857738044677
5.938958984375	-0.19833281111530998	0.0008528989912624519	-0.1976027499581202
5.9125208984375	-0.198407260000621	0.00116629366628673	-0.19649309473804388
5.890987890625	-0.19799860805130698	0.00127878689209836	-0.19558931962914278
5.8704408203125	-0.195269218559475	0.0014322840506367299	-0.19472693008987677
5.846951953125	-0.194671435716858	0.00145532876096444	-0.19374107424146356
5.82540703125	-0.194276986166602	0.000992505714200866	-0.19283681290020893
5.8057869140625	-0.19244973360090598	0.00108634014955283	-0.19201334152314517
5.784233203125	-0.192322740403198	0.00102851716577428	-0.19110872021734304
5.7460701171875	-0.19210016954600698	0.0012705059592716102	-0.18950700582760763
5.7118373046875	-0.188322380005993	0.00138453597421602	-0.18807025891698056
5.7000880859375	-0.18829344129742998	0.00109585728879196	-0.1875771485129464
5.678547265625	-0.188041695013627	0.0011682432448417	-0.1866730920153672
5.6550689453125	-0.186033876776395	0.0010644168000975601	-0.18568772540694073
5.6315796875	-0.18563267643308998	0.00109743108205355	-0.18470190579161463
5.6090693359375	-0.183864365200191	0.0009585071130222419	-0.18375717558011373
5.5875154296875	-0.18397243366831698	0.0011133077619406501	-0.1828525914560177
5.5463703125	-0.182992811320715	0.00141633862598431	-0.18112580916869367
5.5169998046875	-0.18022859781911998	0.00129640908827793	-0.17989319681115223
5.5023314453125	-0.17987412744984402	0.00113540087917506	-0.17927760345008287
5.4817857421875	-0.17920234146945702	0.0010023854854599198	-0.1784153573687905
5.4602337890625	-0.176695092677598	0.0012365267029283901	-0.17751088721700425
5.435752734375	-0.17695057384038	0.0010315346295477102	-0.17648349839826016
5.4152064453125	-0.17601733997277902	0.00111879985151629	-0.17562124435728776
5.3956326171875	-0.175247808084073	0.0013649348251801301	-0.17479980590158517
5.372140234375	-0.17397735179121498	0.00118803387597256	-0.1738139271148622
5.3476744140625	-0.173656692956068	0.0009293571218568311	-0.17278720463947506
5.328104296875	-0.172796962062894	0.000885583109897322	-0.17196593877873773
5.3065884765625	-0.17150587228401998	0.0009593326295926659	-0.17106302668077894
5.26254140625	-0.170766545432253	0.00122265772074802	-0.16921460913371547
5.24786171875	-0.16835984467133902	0.0009341043319975639	-0.1685985877820779
5.223396875	-0.167786191053176	0.00106831928332382	-0.1675719467337386
5.1969646484375	-0.16676517498968202	0.00118645253073367	-0.16646275590285128
5.1724947265625	-0.165500675131962	0.0009532075172668029	-0.16543591917038283
5.149986328125	-0.164789951018642	0.0012203092126892201	-0.1644914018304615
5.1274689453125	-0.16354147308192202	0.00083179943375564	-0.1635465148190107
5.10497265625	-0.16243933130912	0.0009581942478798599	-0.1626025203821667
5.083452734375	-0.162106411337902	0.0011562637908707398	-0.16169950352701856
5.061908984375	-0.160778839461282	0.00127001910748458	-0.16079549378105032
5.0374310546875	-0.16035856462175402	0.00102121399868483	-0.15976836981754083
5.0119833984375	-0.15935939112032202	0.00113496841497483	-0.15870056476622346
4.9884998046875	-0.157135053262216	0.000969071927356774	-0.15771518244886973
4.965998828125	-0.156094487752758	0.0012080178780038	-0.15677103943652054
4.9415171875	-0.155137729252645	0.00110943192241371	-0.15574379687044218
4.91703046875	-0.15558593910066099	0.0012176978988408	-0.15471635105263595
4.893530859375	-0.154828562710735	0.0008193044585289081	-0.153730333039501
4.8700365234375	-0.152919651717741	0.000791247707052565	-0.15274454560944362
4.847537109375	-0.152181183360906	0.00116083940583658	-0.15180051247929208
4.8103544921875	-0.150271204499596	0.0012815323547631801	-0.15024041906061708
4.7966427734375	-0.150071158740862	0.00105025944909677	-0.14966511440381686
4.7760876953125	-0.149260505457246	0.000840572117370111	-0.14880268820216155
4.75848125	-0.148237843611357	0.000818679629432207	-0.14806398342034702
4.7389158203125	-0.14809731603627	0.000808740087430658	-0.1472430931914809
4.718359375	-0.14597003540589398	0.0011418991268099799	-0.14638063141981061
4.6948466796875	-0.14428080952794	0.00108101183204924	-0.1453941476216445
4.655710546875	-0.143198599101011	0.000848359594665736	-0.14375220024887136
4.64201875	-0.143012045619387	0.0009822652011082	-0.1431777711353562
4.617540234375	-0.141664610047026	0.0010599808720805	-0.14215080254847676
4.595036328125	-0.140921835199477	0.000745581404868151	-0.14120668708970696
4.570557421875	-0.14007806131994102	0.000780010691290024	-0.14017972538413243
4.5451158203125	-0.13928800005113698	0.0007860946719481969	-0.13911238894927713
4.5049927734375	-0.137330489590474	0.00147217128906586	-0.13742915833004016
4.4952099609375	-0.13785017053633403	0.0009623335278097339	-0.13701875781434109
4.473648046875	-0.135746127671427	0.0008338304889748489	-0.13611421747930766
4.4501267578125	-0.135208136530056	0.000846653885590507	-0.13512749143875114
4.4305501953125	-0.13361494261599902	0.000779153004605198	-0.13430625747018726
4.4100109375	-0.134029253155466	0.0009303552036733031	-0.13344464794114608
4.384584765625	-0.131307987175601	0.000924883199557627	-0.13237804879009232
4.36010625	-0.131570738218724	0.000797662738809306	-0.1313512170724985
4.338559375	-0.13011373449732802	0.00109348971085127	-0.13044737446876203
4.317028125	-0.129580373523185	0.0009681600390235889	-0.12954419852765942
4.2955029296875	-0.128520999406706	0.000569343294711882	-0.12864128795304552
4.27593984375	-0.12821932635572197	0.0008065885868546721	-0.1278206913837047
4.2583142578125	-0.126783359815033	0.0007775773526275969	-0.12708137380838927
4.238734375	-0.126266824399212	0.000745639788936141	-0.12626009121051507
4.2181833984375	-0.125681217292018	0.00104259808618752	-0.12539808657580134
4.1790439453125	-0.123027391163708	0.00082611197266788	-0.1237564247010261
4.164358984375	-0.12301346715857898	0.000988480084934988	-0.12314049060050244
4.14185	-0.121945786636598	0.0007123590337190029	-0.12219640348485983
4.123256640625	-0.120556031033325	0.0008078387838079671	-0.12141655879747132
4.1017220703125	-0.11940664410004699	0.0006944068329219251	-0.12051336571972565
4.0596478515625	-0.11843887410338	0.000915268594722723	-0.11874874665968987
4.0469103515625	-0.117499025975716	0.00103051796649276	-0.11821453818301719
4.0253455078125	-0.11671940072822999	0.000732620038371384	-0.1173101235437343
4.0037927734375	-0.116140840315486	0.000678805003558113	-0.11640623085004094
3.9832314453125	-0.11521833894098299	0.000747802758217164	-0.11554392973700633
3.961702734375	-0.113790456883178	0.000808616155963517	-0.11464107269678836
3.9392138671875	-0.113165571652365	0.000595552698671765	-0.11369796499405829
3.897110546875	-0.11109038438725301	0.0010699747093776402	-0.11193233708824567
3.8834125	-0.110943441402963	0.0009201480517109231	-0.11135791398037918
3.8599205078125	-0.11026469928799801	0.0007563538158259559	-0.11037279977107106
3.83740546875	-0.109245221475694	0.000760169212246669	-0.1094286709601823
3.8149083984375	-0.10777821891546699	0.0005732334307273371	-0.10848531335515732
3.7904578125	-0.10715804450109401	0.0009662448350233981	-0.10746006047762673
3.7689158203125	-0.106807795116025	0.000695686558832701	-0.10655678764523194
3.726827734375	-0.103891051077848	0.000897965128268326	-0.10479205052348443
3.6984435546875	-0.103683882220338	0.000754123878008852	-0.10360195094560308
3.684761328125	-0.103449281728365	0.0008551404436608719	-0.10302829004660563
3.6602826171875	-0.101416018491105	0.0006836916226543349	-0.10200197858073218
3.6368015625	-0.100307974942991	0.0005365275949945511	-0.10101751824378494
3.614293359375	-0.0995622618385368	0.00102483650936306	-0.10007386668910194
3.59078671875	-0.09929224402838599	0.000842632251611839	-0.09908837851522012
3.5673033203125	-0.0985068670671413	0.000826395168455386	-0.09810388830759365
3.546759375	-0.09711403971009669	0.000953241331078079	-0.0972426479377624
3.525225	-0.0961452603649326	0.000827952623537595	-0.09633990700026715
3.500755859375	-0.0945375110060646	0.000640661339893132	-0.09531416339689303
3.47726171875	-0.093050157006575	0.000718100496728907	-0.09432931764492408
3.453776171875	-0.09333137615866349	0.000762236909396969	-0.09334485807849252
3.42832734375	-0.0919477734862569	0.000920264072364273	-0.09227813222633777
3.4058173828125	-0.090397816637572	0.0006202562592887431	-0.09133461987280281
3.384294140625	-0.08961595035790841	0.000541991463929994	-0.09043248986952185
3.3617875	-0.0893799625711383	0.000749118192171163	-0.08948916676777736
3.3383005859375	-0.0882632950734985	0.0007252511175466851	-0.088504785486239
3.2962021484375	-0.0863860873100952	0.000810791452592416	-0.08674043361898673
3.2825119140625	-0.0855322214660187	0.0006140625111915241	-0.08616669473649508
3.244340625	-0.0850864602808404	0.000785814064829711	-0.08456704429789434
3.2296525390625	-0.08320262382969851	0.000630095354624653	-0.08395153060188983
3.20422451171875	-0.0822050390340287	0.0005011018225466229	-0.08288598278648723
3.18075107421875	-0.081478066052991	0.000608209821230422	-0.08190237548576945
3.15725546875	-0.0804992064750223	0.0007204283355774421	-0.08091787318778133
3.1327583984375	-0.0785108892647438	0.00073280032870848	-0.07989144490683872
3.1082609375	-0.0781701056309621	0.000676198436664448	-0.07886503885695045
3.08575439453125	-0.0772133607161138	0.000634056229552416	-0.07792208402612111
3.06520888671875	-0.0765380081428408	0.000825969540880917	-0.07706132027415347
3.0427056640625	-0.0756763646394602	0.00082770023149557	-0.07611857041382109
3.01921142578125	-0.0749418761207316	0.000800993798014045	-0.07513434089475902
2.995715234375	-0.0728762267924098	0.0006549646693871769	-0.0741500692195138
2.97126328125	-0.0722188672080914	0.00064484129859951	-0.07312580315856404
2.9507201171875	-0.0714902555242297	0.000551275255761719	-0.0722653068692986
2.9311310546875	-0.0707167643552466	0.000547061257519273	-0.07144480549914836
2.90763798828125	-0.0696998857237572	0.000654404553378896	-0.0704608220285663
2.86752763671875	-0.06830905141792719	0.0005992671438160349	-0.06878094347979982
2.852837109375	-0.0677047786305902	0.000664089899523969	-0.06816571677105282
2.8107685546875	-0.06672723015502631	0.000662314906567168	-0.0664040243835055
2.798990625	-0.065293747887151	0.000539219140601201	-0.06591083145194823
2.77747060546875	-0.0642280509508303	0.000549103648381523	-0.06500972744304606
2.75399443359375	-0.0637519137369487	0.0006502668138931771	-0.06402676258969078
2.7305138671875	-0.0629213317128202	0.0005524851890158061	-0.06304366592588051
2.70604873046875	-0.060966677395093205	0.000773986335506122	-0.06201940374722102
2.67959375	-0.0597542072305328	0.000749476037608825	-0.0609119016494226
2.6541251953125	-0.0586803739749625	0.000654559061822436	-0.059845762872653405
2.61594765625	-0.0584543081905212	0.000671451847102349	-0.05824774262198747
2.603217578125	-0.0572237231358432	0.000547271256649363	-0.057714927522485464
2.58069853515625	-0.0562647119513701	0.0006533494032060941	-0.05677244173922507
2.55721953125	-0.0548835373129038	0.000571282301796306	-0.05578984102170584
2.5317896484375	-0.0540276512507158	0.0004915765732216291	-0.054725669251711934
2.50732822265625	-0.0525298013821048	0.0005444827367725699	-0.053702099115446
2.48383330078125	-0.051716689023954	0.000695096308276209	-0.052719042264990204
2.46032998046875	-0.051722917833824	0.0007445155243765239	-0.05173570528838652
2.43684306640625	-0.0507410554645519	0.000667265345599286	-0.05075312799289493
2.413365625	-0.0495443760276874	0.000604605195243939	-0.04977102232733418
2.391847265625	-0.047796464171984396	0.000692643104323026	-0.048870936812509945
2.372270703125	-0.0481411517094111	0.000658254285535907	-0.04805213226724995
2.35072451171875	-0.0462431468754744	0.000583664064322234	-0.04715101217800977
2.32723251953125	-0.0457834696695906	0.00045174360655097	-0.04616859403170499
2.3047314453125	-0.0447171155775897	0.0005488991610245789	-0.045227696508864865
2.28221845703125	-0.0439059166730998	0.000674022975410804	-0.044286382641217134
2.2597021484375	-0.0428277910833613	0.000606240215399392	-0.04334501428127231
2.23717353515625	-0.0429981622822977	0.00048771383508559597	-0.04240321844454679
2.21364970703125	-0.0407457444127615	0.000533813104292994	-0.04141991392783095
2.19113955078125	-0.039915977241895204	0.000596133019581693	-0.040479075674768265
2.168646484375	-0.0389262727136313	0.000548180896050254	-0.03953904685486109
2.14810029296875	-0.0381520373690672	0.00051295260377185	-0.03868046736447363
2.1285111328125	-0.037232566417074	0.000600280587596977	-0.03786195846733194
2.10794423828125	-0.036650881063888	0.0004991112566962699	-0.03700268086468516
2.08739892578125	-0.0368152492269175	0.0005531793414694859	-0.03614439411705562
2.06588662109375	-0.0348024519592971	0.000572379021349043	-0.0352458093776396
2.02869462890625	-0.03443199885933999	0.00060380318671055	-0.03369251933758111
2.01695390625	-0.032682695789558	0.000520977525366703	-0.03320224582902591
1.99443212890625	-0.0315350833894766	0.000462707668752601	-0.03226186647278695
1.9513775390625	-0.031228457421874602	0.0005799124679344381	-0.030464511047051106
1.92203583984375	-0.0286232466320071	0.000449946027489774	-0.029239894239694933
1.90733828125	-0.0283558478042557	0.000575419003502188	-0.028626560554898164
1.88287451171875	-0.0280868452385157	0.00049590839623196	-0.02760581707641766
1.8613482421875	-0.0266838551683135	0.000528055047208486	-0.026707786331139474
1.8398203125	-0.0248582963329258	0.000419351823147838	-0.025809828444779755
1.81732646484375	-0.024774594363309	0.00045451141165095405	-0.024871738173515456
1.79579326171875	-0.0239803233990501	0.000564415949465912	-0.023973867019210483
1.7752490234375	-0.022439846780807998	0.0005183044168477891	-0.023117380303983748
1.75371064453125	-0.022231873362255898	0.000487522887690457	-0.022219608276786353
1.7311826171875	-0.021748273370245	0.0006143628974130819	-0.021280767401107535
1.70964697265625	-0.0206262178915799	0.0005126247234230931	-0.020383464185726584
1.67146689453125	-0.019315576677553	0.000409665903124233	-0.018793110384358977
1.65677265625	-0.0185702090444328	0.00044670958790584	-0.018181198512081345
1.63231201171875	-0.0172791052346896	0.00047930642543985303	-0.01716279385896851
1.6078515625	-0.0161839256692403	0.000498727061548682	-0.016144669420739527
1.58338115234375	-0.015435792655889501	0.000429111638179663	-0.015126415242805648
1.55989404296875	-0.013700333955300601	0.00042899191320187	-0.014149358256757331
1.53931215820313	-0.0132333882399147	0.00045402055597284	-0.01329339364314109
1.50211123046875	-0.012448256107083399	0.000382691030824082	-0.01174686130553728
1.47370546875	-0.010942252788524799	0.0005258115180814289	-0.010566505958051926
1.46097104492187	-0.0102941063291009	0.000625916916006709	-0.010037507790456042
1.44039228515625	-0.0094372738749234	0.000374323544745262	-0.009182868176073444
1.420816015625	-0.00876262553165642	0.00050705909810143	-0.008370122096215724
1.39830541992187	-0.00801028479979928	0.000551288481901835	-0.007435879196900745
1.37480610351562	-0.006986852892806651	0.000669156975948377	-0.006460993414504068
1.35127900390625	-0.00539883834689597	0.000651403493584542	-0.0054853761162018885
1.3257685546875	-0.00519488417606626	0.000600477975025005	-0.004428015817228681
1.30128359375	-0.00442730358361608	0.000519494293426545	-0.0034136792412852376
1.26017065429688	-0.00258756357557523	0.000691737044119231	-0.0017117231479064215
1.24646064453125	-0.00176984713338936	0.000953254760216813	-0.0011445321845836368
1.22589379882812	-0.0008783214181477789	0.0017039271799250701	-0.000294031948174768
1.20434829101562	-0.000459041290086745	0.000393496150506994	0.0005964514205481289
1.16517421875	0.00109949593989387	0.000255665451698176	0.0022141624686258937
1.1514754394531201	0.00259581354111223	0.000336401799436467	0.002779416591323476
1.1289312011718702	0.00315846706212353	0.000328198002826038	0.003709128452371986
1.10834326171875	0.00263151950166652	0.000348860136354649	0.004557554280869347
1.08778891601562	0.00443038629788593	0.000346987248668962	0.005403981446792432
1.068212890625	0.00521936413028148	0.000429156608140326	0.006209518341012049
1.0466783203125	0.00590173812576435	0.00047998226469076095	0.007094928042795018
1.0221970703125	0.00628802469329353	0.000377616029813629	0.008100518133575103
0.998675048828125	0.00814046584218156	0.000391876406936897	0.009065662237723163
0.97711767578125	0.00897636233850265	0.000455109219411932	0.00994923063536926
0.955578466796875	0.00900585982628225	0.00037205495246793804	0.010831070334514109
0.9340533203125	0.010467511505549	0.000391917920037022	0.011711283469317768
0.9134619140625	0.0108166091211323	0.000463070376780251	0.012552262170291185
0.890895703125	0.0113004318966932	0.00045283246222382705	0.013472627637639664
0.866394189453125	0.0131051494688339	0.000465152493304595	0.014470307547823198
0.84288095703125	0.0137597045354122	0.00041262939735585	0.015426029860925498
0.819380859375	0.0142475505626394	0.00047107060921949796	0.01637939282001942
0.7949013671875	0.015155883471486602	0.00033268081344637603	0.01737037313756521
0.769446704101562	0.016160216856618698	0.000390725983267014	0.018398322885830258
0.7439781005859379	0.0173198784639107	0.000501730392085068	0.019424017717670956
0.7204605712890629	0.0175836989859627	0.00038488829437134404	0.0203683754562131
0.6989154541015621	0.018759652882306	0.000404157031803115	0.021230967771839054
0.677363110351562	0.0187152855843385	0.00039757506918266	0.0220911569934947
0.655801196289063	0.019806581103486102	0.00039412023924778497	0.02294876783261561
0.6362044677734371	0.0208245129151797	0.000432459506985481	0.02372539304235435
0.616617163085938	0.020655184793825603	0.000299016573087028	0.024498695255237454
0.5970361083984379	0.0213824219184985	0.000418318941262104	0.02526851320550057
0.578416870117187	0.023048802935167898	0.000429542627774098	0.02599721553342892
0.556854052734375	0.0232023832123954	0.000366417483119283	0.02683666631512809
0.5333357177734379	0.022768493445374897	0.0005688265647064001	0.027746144337394318
0.50982822265625	0.0252595768814253	0.000446134645630959	0.028647984953353255
0.487312744140625	0.0256351898589188	0.000369669303803555	0.029504036153665814
0.465743505859375	0.0250106992811764	0.00043129907701113304	0.03031598624947019
0.44219201660156204	0.0261636592641834	0.000369891001292169	0.031192087545089626
0.419640478515625	0.025914738405043	0.000340457210280598	0.03201909737307342
0.383369946289063	0.0266291780199921	0.00033143670832246703	0.033319558931962506
0.368682641601562	0.0277447998241628	0.000386666253930387	0.03383368929754492
0.345156079101562	0.027756238976822202	0.000335975972484995	0.03463901873066569
0.324561938476562	0.0283672022285569	0.000385415284473719	0.035322218759548926
0.303003723144531	0.0290170328744158	0.000364875670560108	0.03601093313129869
0.259881945800781	0.0291808120013876	0.00035536420448774097	0.03728063848922561
0.249095727539062	0.029231552085586702	0.00042754204352675104	0.037568926909112635
0.23045511474609398	0.0296396569723524	0.000386708381551905	0.03803079151471999
0.210827392578125	0.0292044236390892	0.000413609641645253	0.03845575441549784
0.187291540527344	0.029171163458903897	0.000382110354517412	0.03885495855204881
0.164733666992187	0.0291687109014433	0.000322773640590253	0.03907953777332113
0.126448266601562	0.028214225191564798	0.000367472253856097	0.03887054418396501
0.0989516510009766	0.027664880318940398	0.000416610729496913	0.03785568187573146
0.0695145782470703	0.0263009298745189	0.000304596093634577	0.03492728647734382
0.055792370605468704	0.0243084745763793	0.000445336057101054	0.03223086655525722
0.0303047988891602	0.0218229681055455	0.000366848837234281	0.0225788366787555
0.00581914043426514	0.0156927627930116	0.000508346215767263	0.0050278295007189135
-0.0156778314590454	0.0005798956115451691	0.000374595650690162	-0.013025761593013913
-0.0361864082336426	-0.013325174755565999	0.0006367913230149261	-0.025522507516028633
-0.054732797241210905	-0.0184572802040882	0.000458354583911958	-0.03196717743068635
-0.0742231872558594	-0.022042581726507797	0.000461739960324519	-0.035604646149978235
-0.09756650390625	-0.0260722791202084	0.000438185707804826	-0.037772501491199
-0.120877819824219	-0.0264672048880815	0.000532576061592879	-0.038744325429663024
-0.145153680419922	-0.027757986000701097	0.000412320015771121	-0.039092347133192956
-0.170378704833984	-0.0277788876654569	0.000433413200360144	-0.03904129328939741
-0.191720489501953	-0.027500577320929198	0.000441313545326385	-0.03879088846181312
-0.21209818725585902	-0.0281723650171231	0.000436679501143915	-0.038430478331483484
-0.234443701171875	-0.0277800666769512	0.000465945055568023	-0.037936258169376874
-0.257804064941406	-0.028320249512133498	0.00036154569685489796	-0.03733724696158475
-0.280250805664062	-0.027304735707324102	0.0005196485354539929	-0.036701647476915095
-0.300796923828125	-0.0277379368570118	0.000448677287512125	-0.036079680330606725
-0.321380383300781	-0.0273534339358362	0.00044977136190955204	-0.03542568794516277
-0.342031079101562	-0.0269508398032898	0.000502564995353939	-0.03474409762624996
-0.365668432617188	-0.0262898842576932	0.00045947699025635	-0.03393818128836086
-0.390281994628906	-0.0262930240186676	0.000434051164317868	-0.033074926298576154
-0.41388896484375	-0.0252350238024955	0.000347194122091853	-0.032227921295092984
-0.436488354492188	-0.0256643682736506	0.000515419861141686	-0.03140242517871243
-0.458091748046875	-0.0252845280350185	0.00042780065209807697	-0.030601902009885294
-0.480667578125	-0.024462120674950502	0.000426559300081653	-0.029755084838009132
-0.505188891601562	-0.024199668297636402	0.000613266082518077	-0.02882502821479173
-0.5287291748046871	-0.0226515657582006	0.00033065558795461496	-0.027923468332091597
-0.550303466796875	-0.0215208743272075	0.000399171772039039	-0.027090656538221625
-0.5728561767578121	-0.0220349307260505	0.000433696506862639	-0.026214172777446906
-0.593447436523437	-0.0213364995507441	0.000511596535525505	-0.02540922350647674
-0.612065771484375	-0.0206767049930872	0.0004206235573233	-0.02467793075511007
-0.6336302001953129	-0.020043642589061703	0.00047379478600280704	-0.023827198721832227
-0.656177368164062	-0.0196396373255319	0.00040945286134487697	-0.02293383287701506
-0.679707299804687	-0.019119236528770497	0.000453674089414182	-0.021997734910668826
-0.7218449462890629	-0.0178601323654861	0.000401885681230071	-0.02031286350532132
-0.736555126953125	-0.0171264957877063	0.00046633312268947396	-0.019722389987519212
-0.762037670898438	-0.0151492400866559	0.00039832869537123405	-0.018697009483382085
-0.78652685546875	-0.0151814252350867	0.000370257768710113	-0.01770885964677893
-0.8100555908203121	-0.014159971208307	0.000571648406805536	-0.01675716372864587
-0.834550537109375	-0.0129450623220259	0.000486790540171702	-0.015764199000971153
-0.857077587890625	-0.0123946817585684	0.000461018750067991	-0.01484920043582369
-0.880639208984375	-0.0111311720542208	0.000533198916384906	-0.013890475491889265
-0.905166259765625	-0.010187574492428	0.000453419477423402	-0.012890760260669619
-0.927703076171875	-0.0105884067840309	0.000528873794943755	-0.011970748314609564
-0.95024814453125	-0.009758324438946869	0.00050182339414101	-0.011049140193021667
-0.974750732421875	-0.007541857001322479	0.000589159751497364	-0.010046185282514906
-1.00023833007813	-0.00770554127028454	0.0005092787845557181	-0.009001551682565542
-1.02377392578125	-0.00653424255334556	0.000682842265141644	-0.008035779929615662
-1.04434350585938	-0.00571571276012554	0.0007030220201127969	-0.007190878468721178
-1.06489936523438	-0.00482871286965257	0.000861158267426887	-0.006345806509816865
-1.08940151367187	-0.00398519737475227	0.000721726986579738	-0.005337597730122191
-1.1903517578125	-0.000274241616387867	0.00011371193318292	-0.0011746531733658264
-1.2089544921875	0.000426450080942877	7.909893588799539e-05	-0.00040611873530534137
-1.2305203613281201	0.0006622831357527121	0.000133417351871264	0.0004853152889480461
-1.25307451171875	0.00215962996246491	0.000349015948271249	0.0014181280868607801
-1.27364228515625	0.00355252044431625	0.00026603016374354303	0.002269233203799348
-1.29519033203125	0.00412734192814467	0.000340065851619542	0.0031613366018442626
-1.33440209960938	0.00487600493366919	0.000324701831679033	0.004785799809150004
-1.3481423339843799	0.00639998322308417	0.000378473430128917	0.005355338299359892
-1.37266689453125	0.0071789954929746495	0.00036670194743705696	0.006372267363886373
-1.39423388671875	0.00843108760932728	0.00039749817386333197	0.007266939580690621
-1.4157810058593798	0.00848139562341566	0.00036778895052483703	0.008161126368733847
-1.43831337890625	0.0101964984463878	0.000440957989993563	0.009096546209631538
-1.4589029296875	0.0100450672566733	0.000456287935594252	0.009951606262562807
-1.4794900390625	0.012072765268600601	0.00034613311100978	0.010806834891855722
-1.500054296875	0.0121089482060911	0.000327038823081718	0.01166137263016484
-1.52159775390625	0.012766204516793599	0.000338368204632118	0.012556866105827652
-1.54511337890625	0.0139467056919767	0.000395161259766453	0.01353463342269369
-1.57058837890625	0.0149120378384425	0.000458260501664138	0.014594204683807482
-1.5960677734375	0.0160408881768938	0.00050039697001597	0.015654290122809993
-1.61762294921875	0.0169108893380419	0.000463636703631377	0.01655135328511982
-1.6401494140625	0.0176696522511864	0.00044699111746574697	0.017489070489833745
-1.66464248046875	0.019225466835707	0.000523274318627234	0.018508909926727532
-1.6871958984375	0.0203402638762938	0.000476191021491726	0.0194482142399625
-1.70877294921875	0.020534320327028403	0.00042797836850932703	0.020347050992656088
-1.7322775390625	0.0209885660725311	0.000503973914617461	0.021326393145874638
-1.75577158203125	0.0224632488301971	0.000470265119874723	0.022305505904766765
-1.77928388671875	0.0236450476400807	0.00043777323513624904	0.023285581637200688
-1.80476875	0.0247181926119781	0.00047952314964434204	0.02434809952786615
-1.82926982421875	0.025701141857485402	0.000380648556166957	0.025369807300406638
-1.85178681640625	0.0259915374596503	0.000487852940820745	0.026308949014801568
-1.875316796875	0.027011077684291902	0.0005731806627490761	0.027290509208627148
-1.8998439453125	0.0285827942812756	0.000471247872435955	0.028313843197459367
-1.92433203125	0.0295336627302497	0.000528822871132334	0.029335720488878857
-1.94781396484375	0.0303828681813927	0.000437944502024287	0.030315767866733942
-1.971306640625	0.031447468543401996	0.0005226212544526949	0.03129641124444245
-1.9968005859375	0.0322861041134553	0.000342130464716036	0.03236075368522248
-2.02033017578125	0.0335928918366508	0.0004901609784738431	0.03334322998335111
-2.04089443359375	0.0351924105721073	0.000456357914202534	0.03420199794463869
-2.08009970703125	0.0346724426562313	0.000533846044374967	0.03583948896352815
-2.09087001953125	0.0359309332450223	0.000525439597316012	0.03628939375690422
-2.10948076171875	0.0365110317174095	0.000705164616831131	0.03706687321778036
-2.13005830078125	0.0377486969750085	0.000501049514825505	0.03792660213903547
-2.168276953125	0.0389300230783082	0.000552788597988159	0.039523604238740385
-2.1819869140625	0.040301482315037995	0.0005842436903087811	0.04009655761248555
-2.20354189453125	0.0403383078500038	0.000506793154832662	0.040997434510970814
-2.242767578125	0.0423554983377985	0.00048616485139460296	0.04263706596148313
-2.256502734375	0.0435124157664693	0.000520211929743646	0.04321125924025603
-2.2790412109375	0.0443775374856115	0.000579606568621998	0.04415354224638375
-2.2986189453125	0.0444388283112505	0.0005324481020380769	0.0449721122436604
-2.31918037109375	0.0458330415927652	0.000611503588106385	0.04583187879248829
-2.3417212890625	0.045537854095039	0.0006096204949565649	0.04677449384192366
-2.36133212890625	0.0466599463791873	0.000509742020527273	0.04759464275104126
-2.38287841796875	0.0474746697910787	0.0005723838595532479	0.04849580101337762
-2.4220806640625	0.0493255110026456	0.000512577751365967	0.050135579922969874
-2.436767578125	0.0500774561034137	0.000655110361848167	0.050749970053800775
-2.460288671875	0.0510368675410063	0.00073685099508404	0.05173397707450184
-2.498511328125	0.0516313454069605	0.0005624611143156729	0.053333181022862365
-2.52593486328125	0.053364799341630804	0.0005997457405160889	0.054480673412157274
-2.537688671875	0.0546008987634878	0.000638070096741444	0.054972520483935826
-2.55728798828125	0.054299246670962	0.0006576027198198641	0.05579270586741904
-2.577863671875	0.0548194513628348	0.000560119936135999	0.05665379877807931
-2.6190154296875	0.0574639662375801	0.000589026977678391	0.05837614640658679
-2.62980791015625	0.057977829010523195	0.00047684101230122697	0.05882788136906399
-2.64841328125	0.0585088781019766	0.000621470340102007	0.05960666587426151
-2.6689935546875	0.0605627727020289	0.00054831020493954	0.06046815882714887
-2.6925388671875	0.0606161923998842	0.000634870865400917	0.061453822675213696
-2.71507705078125	0.0614367024390954	0.000736977796240783	0.06239737829536452
-2.7366361328125	0.0626063864321119	0.000633771960946074	0.06329999104700623
-2.78268759765625	0.06375120281532741	0.000681171424006119	0.0652281737561258
-2.7944490234375	0.0649708850015739	0.000572728535848395	0.06572065825588604
-2.81796875	0.0664391817788675	0.0005482577820094131	0.06670553384234033
-2.8424490234375	0.06706223320284051	0.0005197260640975999	0.06773068370193888
-2.882632421875	0.0680036969645852	0.0007442124960554499	0.0694135378197833
-2.89732490234375	0.06966661432577939	0.0006821371369279419	0.0700288827503926
-2.9208359375	0.069656937100082	0.00070927883267863	0.07101359946822075
-2.94141748046875	0.07075113978319329	0.000706745095366164	0.07187565580653298
-2.96100146484375	0.07162007252537529	0.000469654035475817	0.07269596005084639
-2.98157060546875	0.0727046038237463	0.000564430097266132	0.07355756047122482
-3.0021580078125	0.0741273772097622	0.000631110785181847	0.07441995744519947
-3.02371279296875	0.0743124710826614	0.000710673273154845	0.0753229108291128
-3.04428896484375	0.07565775012849581	0.000780318601559833	0.07618490005284759
-3.06486181640625	0.07512939883590519	0.000622082801848387	0.07704677984681851
-3.087389453125	0.0768484744867777	0.000603557299090017	0.07799058680587923
-3.12759248046875	0.0784283485105504	0.0006102265031443229	0.07967499762315589
-3.13937041015625	0.07922397275606381	0.000747336840147886	0.08016848471188515
-3.16192783203125	0.0818608973025077	0.000668617043929647	0.08111364971517424
-3.20408369140625	0.0814961671733405	0.000823238467852807	0.08288008189435986
-3.21682861328125	0.0827690907360274	0.000733953979048144	0.08341414608591405
-3.23840556640625	0.0833663668492256	0.000726090487225279	0.08431833033345547
-3.26097685546875	0.08374124540563099	0.00059427084694575	0.08526421132306511
-3.3002052734375	0.0863721716003354	0.000858435102972175	0.08690820103984218
-3.32962109375	0.0869096377493082	0.000779632331998511	0.08814101883194335
-3.34238515625	0.0869596565127118	0.000757179166942072	0.08867597551520841
-3.3885001953125	0.0896108347561733	0.0007040696894761011	0.09060878154583704
-3.39929140625	0.0894108312970085	0.000743519214814177	0.09106108615697064
-3.420846875	0.0904467744240134	0.000776711979235916	0.09196458315634251
-3.4463419921875	0.09242816605109079	0.000703053361219032	0.09303324002686472
-3.471858203125	0.092756849154729	0.000618685069752839	0.09410281250589739
-3.4934388671875	0.0937410214151695	0.000858948727823189	0.0950074412468048
-3.5159990234375	0.0949451730545716	0.000724467981811232	0.09595315190342199
-3.5571765625	0.0964804749627344	0.000591465586423704	0.09767935348144194
-3.571903515625	0.0968187526834841	0.00067612959062443	0.09829673957530433
-3.5974087890625	0.0982530313489529	0.000683746103035812	0.09936599863227819
-3.6199744140625	0.0985253476133386	0.000692232548926842	0.10031204169358177
-3.6435048828125	0.100791559219461	0.000770977017409953	0.10129855754245971
-3.6680193359375	0.101574406988587	0.00085725973882352	0.1023263510453016
-3.6896001953125	0.102013648969426	0.000790674625316007	0.10323117057748274
-3.7121609375	0.10312625944622	0.000810550123721369	0.10417709320195756
-3.7347173828125	0.10455692099437801	0.0007347042987033839	0.1051228553377435
-3.756287109375	0.10445616337567601	0.0007975301732878181	0.106027263721574
-3.778859765625	0.10673645370705799	0.0010272857668886899	0.10697374305349597
-3.802415625	0.107281829929371	0.000777585903287629	0.10796146833870131
-3.8259630859375	0.107998140044893	0.0009035999325764579	0.10894886141486279
-3.8445904296875	0.108332787812603	0.000877786496645534	0.10972995782679129
-3.8632033203125	0.110609187881916	0.000660343669017309	0.11051046023875083
-3.8857580078125	0.110215749536929	0.000556185796048101	0.11145627163438415
-3.90931328125	0.111728995215336	0.000802177132031588	0.1124440600379391
-3.9318904296875	0.112352771602399	0.000968617429109789	0.11339084809271091
-3.9740580078125	0.113315189662232	0.000879199928130973	0.11515921831037665
-4.00545859375	0.115152682509802	0.000886584209870549	0.11647609260624062
-4.0211673828125	0.11597256669840901	0.0007601425109201941	0.1171348974928943
-4.0447224609375	0.115771954606822	0.0009431274397937661	0.1181227789265406
-4.0633626953125	0.11771273720861401	0.0007111352324823101	0.11890454744871454
-4.0839619140625	0.117994546990877	0.0008490312431715369	0.11976848737614813
-4.107501953125	0.118852690094469	0.00103009925162992	0.12075578161947895
-4.127123046875	0.11955103777843899	0.0008710315727149479	0.12157872322734964
-4.1457552734375	0.120595489364526	0.001002439364117	0.12236020011216599
-4.18696640625	0.123129159866346	0.0006842567927349911	0.12408872041222635
-4.1977517578125	0.12269367783975801	0.000716064292919507	0.12454109848175099
-4.218321875	0.123626613611766	0.000782910115739335	0.12540389489721296
-4.2408880859375	0.12430138814748298	0.00109911356203159	0.12635042861649148
-4.2644376953125	0.125386851584809	0.000849400051264368	0.12733822479618037
-4.286989453125	0.127128176622849	0.0009813149012149508	0.1282841790189122
-4.3075833984375	0.12744563912683698	0.000532171498683086	0.12914802215102178
-4.3458421875	0.128706705302727	0.000701815115811669	0.13075287070862315
-4.3576216796875	0.130249498100379	0.000716703786360707	0.13124699440725582
-4.37821796875	0.13170896415511	0.000799595998317036	0.13211097122651733
-4.4164498046875	0.13233322961709199	0.000925278397202408	0.13371475351216433
-4.429215234375	0.133597812331345	0.00087597275971657	0.13425025636777296
-4.452746875	0.133948839673148	0.0009967758356494612	0.13523740563117048
-4.4723875	0.135407252605325	0.000880458223214499	0.13606133679949
-4.4910720703125	0.135124224236898	0.0008076683854034301	0.13684516905133404
-4.5126521484375	0.13687775324311002	0.000792638768927066	0.1377504795849931
-4.5332439453125	0.136397922321324	0.00108637759952881	0.13861433986278057
-4.5548279296875	0.137203561000591	0.000879746915717813	0.139519833722718
-4.5989630859375	0.138964597875726	0.0010828305596598201	0.14137142720547483
-4.611714453125	0.14050913155544698	0.000726421567549299	0.1419063902153816
-4.6342734375	0.141124664409602	0.000876272265873825	0.14285282397226381
-4.6558359375	0.143085827350381	0.0008999664332753521	0.14375746093593098
-4.678397265625	0.143520958237624	0.000822491730407546	0.14470401266279395
-4.702923828125	0.14610702399397701	0.00100249727604535	0.14573302617823686
-4.7274376953125	0.145645793799102	0.0010276425268504398	0.14676151848792146
-4.7490123046875	0.146550819339322	0.000867358160432361	0.1476667019868335
-4.7696126953125	0.147079041326576	0.00111604734248599	0.1485310192223312
-4.7892375	0.148467873697374	0.0009807325713708309	0.14935441162561452
-4.8274869140625	0.14880691222468098	0.00108596621851329	0.15095925136603242
-4.8431828125	0.150426219566579	0.00115037921920244	0.15161781537668806
-4.868697265625	0.151916749313252	0.00111303181390998	0.15268835262477942
-4.8902796875	0.151826511022156	0.00111686860835715	0.1535939181396198
-4.9108791015625	0.15314433389454	0.000902587133449303	0.15445824549275394
-4.9324810546875	0.153611279650799	0.0008297358468144651	0.1553646458227126
-4.9530904296875	0.154755533724281	0.0008439273753117541	0.15622940555309792
-4.97369296875	0.156089011838716	0.000991201093089194	0.15709388535912136
-5.0119328125	0.156989196084063	0.0012777833697287398	0.1586984421478338
-5.0246962890625	0.15828546502845	0.00121072173010494	0.1592340070834756
-5.043346484375	0.157736343662499	0.0008878089920727539	0.16001658766113888
-5.0629626953125	0.15966734857377798	0.00139595540268434	0.16083970899089287
-5.0855134765625	0.160857717038329	0.000837275592393079	0.16178597588855587
-5.1061044921875	0.159961279612951	0.0008421711307493831	0.16265001456227327
-5.1266919921875	0.162138451402355	0.00111571944333047	0.1635139120096088
-5.1472833984375	0.16265138704781898	0.00117927888651822	0.16437797959361042
-5.1659083984375	0.163565762414245	0.00122396706141614	0.16515953708587947
-5.207104296875	0.165352853831306	0.0013199665660933	0.16688825068689792
-5.2198541015625	0.16625302047233098	0.0010791042604498902	0.16742327871445098
-5.262052734375	0.167662228160898	0.000911660994056929	0.16919410236192475
-5.276759375	0.16906674598167998	0.0010530427219165401	0.16981125761454358
-5.298337109375	0.169518947602931	0.00115964335108613	0.17071675940988476
-5.31991875	0.17089832198237698	0.0014806505100236	0.1716224313211611
-5.3424693359375	0.170678452583587	0.00103281409386873	0.1725687714829714
-5.3630619140625	0.172395469526176	0.00115157474603791	0.1734329491907338
-5.384669921875	0.173213232742031	0.00133975747070378	0.17433974575015043
-5.4062458984375	0.172724625251367	0.0009552877026789091	0.17524520399404572
-5.427808203125	0.174619931032746	0.0013822667103153199	0.1761500943036383
-5.4493875	0.176419047039019	0.00102594171125442	0.17705570346856944
-5.4719505859375	0.17657116400885	0.0014373988772118	0.1780026049743087
-5.4955021484375	0.178228654535004	0.00151816583300277	0.17899099627427117
-5.5180623046875	0.17849734148565702	0.00128518708358661	0.17993778730532078
-5.539634375	0.178058590975297	0.0009297889806789	0.18084311654474405
-5.5621873046875	0.181353824054569	0.00123707496405851	0.18178961594026205
-5.5867142578125	0.181031863247778	0.0011329830490698599	0.18281896761212604
-5.6102568359375	0.181234198454411	0.00111930237242459	0.1838070132711495
-5.632820703125	0.183877809341013	0.00151090467883011	0.18475398976895574
-5.654396875	0.184114161907235	0.00104099774505525	0.1856595192337249
-5.674986328125	0.183607537437369	0.00133001229278081	0.1865236418888495
-5.69558828125	0.18728454291890098	0.000965470145696121	0.18738829374953503
-5.73287109375	0.18794939863042198	0.00112635549871681	0.1889530429860885
-5.744629296875	0.188632557053851	0.0011805801590261701	0.18944653452937305
-5.7662076171875	0.19005572040517	0.00128891392158468	0.19035217993414016
-5.7887771484375	0.189280331435606	0.00113116795265725	0.1912994317510312
-5.8123458984375	0.189902248995004	0.00148225798871195	0.19228862670061722
-5.8339349609375	0.19131046931714002	0.00117198743485054	0.1931947378573016
-5.8535509765625	0.19269334695916998	0.000762297334413054	0.19401804259907834
-5.875125390625	0.193185548832883	0.0010662131970098898	0.19492354775567344
-5.897687109375	0.195124875560929	0.0011705128096771201	0.19587049617954103
-5.937925390625	0.197019991279578	0.0017380582294025302	0.19755936799792162
-5.9506671875	0.196601235732725	0.0015375914606237699	0.1980941669470758
-5.971253515625	0.197065615855917	0.00109812986694944	0.19895821993118012
-5.989876953125	0.197833370658874	0.0009908167302882952	0.19973988951682167
-6.0320689453125	0.199249047760497	0.000937875090913197	0.20151079867534397
-6.0458033203125	0.20104199306877998	0.00114432031700898	0.20208727008361121
-6.0683642578125	0.201968882832935	0.00133926596488878	0.20303422148516448
-6.0938580078125	0.20309583751055002	0.0012842619466252	0.20410427739568826
-6.1193625	0.20323104569515701	0.0014132189864371001	0.2051747898735904
-6.1429087890625	0.205286598598734	0.0011967199105490502	0.20616311472238696
-6.168408203125	0.205234830143612	0.00122983651738187	0.2072334247844708
-6.189005859375	0.207236257962949	0.0012889430488009	0.20809799291759062
-6.2095986328125	0.20822291271131899	0.0013321582446602	0.20896235963662246
-6.2351046875	0.209096663917439	0.00169851889230938	0.21003296262141774
-6.25867578125	0.20863130960508702	0.0011244572708419898	0.21102235137698905
-6.2783212890625	0.21065541593539	0.00107440899078185	0.21184696840536016
-6.2989177734375	0.212403138288154	0.00123025166016152	0.21271150583268328
-6.3214791015625	0.21235228686142799	0.00108171855846316	0.21365852142678363
-6.342084375	0.213956941383209	0.00101255154687987	0.21452343477419758
-6.3626763671875	0.21606077635440402	0.0013659893408732799	0.21538779392461538
-6.3852380859375	0.216200071923176	0.0017599863023260798	0.21633483706656295
-6.4274087890625	0.215903557306471	0.00142171839393037	0.21810499069783615
-6.44015703125	0.21787407964876498	0.00115671312888036	0.21864011238110082
-6.4637021484375	0.218811414353346	0.0010670264921494	0.21962844809135257
-6.489210546875	0.220053400001743	0.00151477838857387	0.22069919956461392
-6.5127501953125	0.220305367773789	0.00126227394854097	0.22168731412214793
-6.532365234375	0.222212473346989	0.00160923745584237	0.22251068992802936
-6.5509935546875	0.223331677254105	0.00132715719623315	0.2232926490040176
-6.572558203125	0.222956803023702	0.0015579527272952	0.22419786906888228
-6.595127734375	0.223890007770188	0.000994547934433066	0.22514527460571154
-6.617696875	0.224880745066355	0.00120895606887857	0.22609266725637478
-6.639263671875	0.22641942586766098	0.00120157224297383	0.22699798742322996
-6.663778515625	0.22693611470396	0.00159803862657822	0.22802706303580877
-6.68733046875	0.228549785282898	0.00145629686795346	0.2290157225424907
-6.70895	0.22986243514055202	0.00130554138704625	0.2299232664327154
-6.7325265625	0.229202613214676	0.00160607206106485	0.23091296599678657
-6.753122265625	0.231233723061862	0.0010752294772634501	0.2317775376631021
-6.774678515625	0.232291331917285	0.0013654546333482201	0.23268243432711724
-6.799188671875	0.231585685148816	0.00161903961884868	0.23371133480764214
-6.82372421875	0.235066355484954	0.00127565074152192	0.23474130493458234
-6.846298828125	0.234249541977228	0.00154691965278672	0.23568896078344045
-6.86788125	0.23596587097378	0.0017066107779773998	0.23659496869154978
-6.890433203125	0.235996186520632	0.00125282630218174	0.2375416795632677
-6.912978515625	0.238619961281543	0.0009745317437918081	0.2384881147402076
-6.9374984375	0.238798247890334	0.00154991539526049	0.23951744597881125
-6.979679296875	0.239676632362422	0.0011300834473849301	0.24128818082068076
-7.0120265625	0.241688016923816	0.00146929811353872	0.2426461125279572
-7.04245	0.243685095637784	0.00125513154889701	0.2439232877952653
-7.072846875	0.24573989938728202	0.00151609220916242	0.2451993532026029
-7.0846015625	0.244288215266053	0.00108571757909623	0.2456928181488849
-7.106178125	0.24701852523856602	0.00158584287854269	0.24659861004910616
-7.125801171875	0.247255377682062	0.0013253537333158	0.24742239488466444
-7.148351953125	0.248069578074892	0.00118596584269879	0.24836908999863175
-7.174855859375	0.250217590737164	0.0016240907049597	0.24948174315171795
-7.19643125	0.250597604728316	0.0016186664822444201	0.25038749643301067
-7.21603515625	0.249934489252332	0.0011056499249599099	0.25121048726260864
-7.23861171875	0.251856856704748	0.00143106687554095	0.2521582755638683
-7.26215	0.251949619852225	0.00155791348072065	0.2531464406785547
-7.28470078125	0.252115417473816	0.0016016317917971	0.2540931520490829
-7.32492421875	0.255128038990262	0.00167238198427704	0.2557817911475357
-7.338651953125	0.254955905706658	0.00137120842842506	0.2563581035080391
-7.35924453125	0.2560018795779	0.00114701834273527	0.25722261481274966
-7.37788046875	0.25708853299678003	0.0015791564316101898	0.25800498484425927
-7.399464453125	0.259044716985108	0.0012447848528674501	0.25891112129955673
-7.422025	0.25856063843836397	0.00160323891919175	0.2598582581243011
-7.44261171875	0.26002467980671196	0.00176556010617266	0.26072253184999045
-7.463215625	0.261111170576161	0.00150464589435152	0.261587529178352
-7.4877640625	0.263048484799827	0.00170112827236693	0.26261812924434136
-7.510326953125	0.262642554633092	0.00112141485269078	0.26356537397372953
-7.528966015625	0.263221697126425	0.00132691115921376	0.2643478886997431
-7.5515296875	0.265420391817298	0.0015752700271433099	0.26529517055135166
-7.5740625	0.26444110868031095	0.00131451867823987	0.26624115917881963
-7.595640234375	0.267076934685361	0.00151994182773654	0.26714705320039395
-7.640808203125	0.26838063684334196	0.0016261676397506999	0.2690433384386068
-7.65452578125	0.26808064566379197	0.00155053184323452	0.269619244834684
-7.678057421875	0.269654704305009	0.000958339493872675	0.270607177886342
-7.701619140625	0.272063777051461	0.00152584917924253	0.27159637613690873
-7.725167578125	0.272281520887282	0.00165804795431264	0.2725850191980091
-7.7487015625	0.272357499842862	0.0019361599880971	0.273573057844263
-7.772229296875	0.273434476409937	0.00132682717428637	0.27456083644672646
-7.79380078125	0.273820142106609	0.00152033477102724	0.27546648671299284
-7.81538515625	0.275899345412136	0.0011166095830875899	0.27637268012041805
-7.83697734375	0.276250084837723	0.00129803643754409	0.2772792034568908
-7.85954375	0.27837596771825596	0.00181226688521628	0.27822663030174705
-7.883071484375	0.278115751565349	0.00128901460634867	0.2792144197055899
-7.922290234375	0.28144029451938796	0.00182658734109807	0.2808609863356124
-7.953700390625	0.280546826337272	0.0014086850579221	0.28217972006117914
-7.96645234375	0.283248486270769	0.00144227128530521	0.28271510311874387
-7.9899875	0.283990336644444	0.00149847822865405	0.28370321412083915
-8.010582421875	0.28425510949837196	0.00198012428934231	0.2845678827107201
-8.03117734375	0.28583672605528604	0.00182487398047682	0.2854325529322022
-8.071432421875	0.285909248768927	0.0020070959626968	0.287122652247951
-8.08516796875	0.28642676989117205	0.00176838525512835	0.2876993371227675
-8.109678125	0.289792301305535	0.00129299967728137	0.28872839410690093
-8.134195703125	0.29025221396150996	0.00136381914859907	0.28975776492612976
-8.156778515625	0.28972696528175795	0.0015825561428063199	0.2907059065412126
-8.1773859375	0.291938092179203	0.00180806749243589	0.2915711128075055
-8.197958984375	0.292412445298851	0.0013921174031878698	0.29243487736512724
-8.22049453125	0.292661119517215	0.00186155475631811	0.29338103972269275
-8.262698046875	0.294391819694279	0.00174054047548652	0.2951529730769431
-8.2744796875	0.295580455552377	0.0015109759835154	0.2956476316119387
-8.29703125	0.29538821123814496	0.0013858491110229699	0.296594472474089
-8.318598828125	0.29713139463299304	0.0013958860957077998	0.29750000181003416
-8.337240625	0.29780289975513996	0.00171951132723779	0.2982826915317779
-8.3578453125	0.298672171642111	0.00214468493997405	0.29914779605718517
-8.3794328125	0.30022959971124197	0.00121490236804818	0.3000541663052132
-8.40396171875	0.30162678811744903	0.0016681364705288999	0.3010840359919167
-8.4294390625	0.30245631300586295	0.00143663624202686	0.30215372885989145
-8.451979296875	0.30239855111820796	0.00117430032964226	0.30310010591249387
-8.473576953125	0.30545967201388696	0.0021808990459871603	0.30400690932517616
-8.51090390625	0.30342828829656504	0.00197975510540784	0.3055741296354704
-8.524630078125	0.30583465352784	0.00199205851808738	0.30615044180696954
-8.550131640625	0.30704274276487603	0.00173052499454444	0.30722116151523443
-8.572676171875	0.30762027063880104	0.0011744196067826902	0.30816772773564993
-8.593272265625	0.309408072978464	0.00168025909201415	0.30903248725726634
-8.614858984375	0.310961655662456	0.0013809667837431702	0.30993884115248543
-8.63545625	0.30987654561918804	0.00148316030141476	0.3108036525744261
-8.65605625	0.311583187356543	0.00227742720216471	0.31166858010674975
-8.677637890625	0.311772798794459	0.002306872185732	0.31257472494913663
-8.698229296875	0.312703311329146	0.00148823885949298	0.3134392942956074
-8.71783984375	0.313249450847679	0.0018865466681091399	0.3142626815806278
-8.74040390625	0.314741155465222	0.00133178907604563	0.3152100794332964
-8.76295390625	0.317992167189619	0.00160846166286589	0.31615688834976013
-8.783546484375	0.31668376004524	0.0015419580807351	0.31702151212020524
-8.80512421875	0.31772580732790295	0.00144077049077265	0.31792750112628426
-8.828673046875	0.32040341179653997	0.00247365868026361	0.3189162524112043
-8.853207421875	0.319465638703402	0.00245021972335879	0.3199463858252803
-8.875755859375	0.32115431741181	0.0014295121458014	0.32089313649750034
-8.899291796875	0.322651623249415	0.00139369814679204	0.32188135127854384
-8.921834375	0.322412100659089	0.00131405098420468	0.3228278588567605
-8.94340859375	0.324820514455476	0.0018302604294955101	0.32373370872455476
-8.966970703125	0.325224581347358	0.00259615404148295	0.32472302683681037
-8.989226953125	0.327927594017889	0.00177654520986908	0.3256575163529187
-8.999965625	0.325079241916249	0.00122364543156112	0.32610840933944063
-8.991654296875	0.327655881920002	0.00169752474426109	0.32575943509958016
-8.9803828125	0.326044978679914	0.00106362284055729	0.32528617076240846
-8.957951171875	0.323745401031637	0.0017062494261830098	0.32434431753956305
-8.935703515625	0.323808380827804	0.0019124042580462599	0.32341019076644684
-8.913718359375	0.32317856437716697	0.00179515615588217	0.32248708709859836
-8.8710890625	0.321252950827722	0.00234699699354077	0.32069718962768723
-8.857452734375	0.320552302145214	0.00177761870478699	0.32012463542569547
-8.83603515625	0.320497884219355	0.0016094643526534198	0.3192253677004689
-8.81359765625	0.318107656878719	0.00144371303081293	0.31828327755093583
-8.77261484375	0.316342976387753	0.00139739501385445	0.3165625234757868
-8.7599296875	0.317019968926948	0.00230816106524605	0.3160299101129523
-8.737478125	0.31598109426389404	0.00177894394429828	0.31508723449795345
-8.71501328125	0.31377038401922996	0.00164517525560369	0.3141440027375803
-8.691603125	0.313931515729249	0.0012334618175960101	0.3131610817301527
-8.66915546875	0.311998254618632	0.00138598799545029	0.31221857470980113
-8.647667578125	0.309930270241221	0.00155700466786878	0.31131636668481477
-8.625226953125	0.31056719075163003	0.00161495501178827	0.31037415788795375
-8.60471953125	0.309546627133237	0.0018417223236398298	0.30951311935426135
-8.584216796875	0.3085673582522	0.0022594484115624302	0.3086522789379389
-8.562746875	0.30779574115248903	0.00179524504776628	0.3077508310009807
-8.540296484375	0.30673931739092597	0.00156504779661048	0.306808218117289
-8.516863671875	0.30444365946994195	0.0014748877232547701	0.30582435850362955
-8.496334765625	0.305309543832335	0.00150321733663918	0.30496242492482833
-8.475806640625	0.304090982593097	0.00160926267942755	0.30410052550647176
-8.456278125	0.301731543583665	0.00203909170333045	0.3032805972281823
-8.43675703125	0.304034108026918	0.0018619651516413101	0.3024609818126094
-8.41430703125	0.30117459912920297	0.0017260747148214902	0.30151839447494966
-8.39087421875	0.301477782290031	0.00128710418430487	0.30053454448451233
-8.369388671875	0.29840557347333896	0.00134063217837317	0.29963245399710386
-8.3479125	0.298443420462512	0.00103053180631179	0.29873075868372223
-8.32352734375	0.296807893587979	0.00213397193227814	0.29770692909237556
-8.2805609375	0.29649765393014005	0.0018136908525062	0.2959029563622607
-8.26493125	0.293688929199261	0.00168783476061906	0.2952467352771121
-8.2414953125	0.293354412295532	0.00127010599105784	0.294262766067558
-8.22098984375	0.294030615085424	0.00188925759351659	0.293401835601492
-8.2014671875	0.292585149432896	0.00175636508448997	0.29258217030934264
-8.180961328125	0.28996840751048697	0.0016784330981266201	0.29172122637436637
-8.159466015625	0.291359695057031	0.00177534358763205	0.2908187416183944
-8.13994140625	0.29122643752638	0.0018812130185357	0.2899989986626891
-8.12043203125	0.28892762112088	0.00162667827573492	0.2891798967199326
-8.097977734375	0.287814801518035	0.00167274893275488	0.28823715384685616
-8.073557421875	0.286674475128821	0.0013682565212836	0.2872118700078416
-8.049125390625	0.286827820998183	0.00128294888793453	0.28618609640091225
-8.025680078125	0.284683177335036	0.0018810380857765799	0.28520175209754234
-8.005180859375	0.284228646955876	0.00165783281461717	0.28434110036506305
-7.986634375	0.283790492607039	0.0013336911111588399	0.28356243482172616
-7.965147265625	0.281555905269494	0.00164392260773739	0.2826603101718706
-7.940721875	0.282262068163124	0.00165796236632403	0.2816348255699503
-7.91630546875	0.27895683289367	0.00131815599762239	0.2806097205261202
-7.892882421875	0.279046454496895	0.001239346384418	0.2796263231854641
-7.871414453125	0.278194760259393	0.00122822528262088	0.2787250101277015
-7.849932421875	0.278309083623076	0.0020103017958143002	0.27782310853913417
-7.82747578125	0.277289020870568	0.0018189830518642299	0.27688029096807865
-7.80697265625	0.274966124875505	0.0013197312291509601	0.27601949143589244
-7.78451484375	0.276099854825888	0.00138816309771008	0.2750766286585845
-7.76206328125	0.27284346962588996	0.00140165946097154	0.2741340303928233
-7.742540234375	0.273153833567773	0.0009345680329470801	0.27331438359784593
-7.72007890625	0.27032723790885	0.0021075673476611398	0.2723713793375797
-7.695670703125	0.271271299700936	0.00158956578328784	0.2713466409883726
-7.671268359375	0.26957452963144596	0.0016064292429569	0.27032215121923253
-7.645891796875	0.26914926006779	0.0018801359492023502	0.26925676334480053
-7.62342421875	0.266968039432915	0.00134239274026523	0.2683135061567081
-7.6009421875	0.266041187443935	0.00152120532508869	0.26736964443763467
-7.57846796875	0.266364424539913	0.00133557779283639	0.2664261129849874
-7.55796640625	0.265043341383788	0.0013857319415803099	0.265565401238107
-7.53550546875	0.26292491203394797	0.0021026705239769804	0.26462243177246514
-7.512083984375	0.263439213613963	0.00149930653827999	0.2636391384959712
-7.4886671875	0.262131757805639	0.00163067315276947	0.26265604457062947
-7.464235546875	0.260275277425275	0.00152285644790615	0.2616303477958461
-7.440805859375	0.259689302021099	0.00123393015265466	0.2606467179959943
-7.420311328125	0.25887890205381103	0.00146621930359211	0.2597863146690873
-7.3822328125	0.257801160977635	0.00181030670833752	0.25818770427632537
-7.372462890625	0.257838443840101	0.00146958490564031	0.25777754503531314
-7.351959375	0.254870939485972	0.00155815890719421	0.25691677137403696
-7.310958203125	0.255084491807137	0.0012147157747641499	0.2551954763300508
-7.298274609375	0.252976478727541	0.00141416597759788	0.25466300041045437
-7.276787890625	0.253853347040082	0.0011789589660869898	0.25376095822600986
-7.257259375	0.252751897621292	0.00109159344414038	0.2529411261729683
-7.237725	0.252296351003293	0.00150147285214388	0.2521210501096706
-7.215270703125	0.251342073191654	0.00146376104736919	0.251178394747551
-7.193788671875	0.24996985904142302	0.00126637995745818	0.2502765586185999
-7.1703265625	0.24955974415768897	0.0013448220353852601	0.24929159972555642
-7.143969921875	0.246707198061888	0.0012504261514899601	0.24818512952269206
-7.12153984375	0.246471904312994	0.00145731436563047	0.2472435021248988
-7.098098828125	0.245563979691627	0.00156986757108031	0.24625943794147503
-7.05614140625	0.24349293042831	0.001432463960712	0.24449805445586362
-7.04342109375	0.242401921332596	0.00188082705772587	0.24396405437715546
-7.01900703125	0.241973334784021	0.00143183364120305	0.24293915199270627
-6.994617578125	0.24132509425336598	0.0012461335945872301	0.2419152861130254
-6.972180859375	0.239969666987875	0.00138102236418506	0.2409733987877287
-6.949716796875	0.239705832833502	0.0017139679244583801	0.2400303665216336
-6.927248828125	0.23827111175083898	0.00164685079666256	0.2390871732463002
-6.90674375	0.238188497748036	0.0016117143806979799	0.23822638368647406
-6.8842953125	0.237466008469594	0.00154828299439601	0.23728401608520683
-6.84134453125	0.234566719967073	0.00114691254541423	0.23548098489209032
-6.80717109375	0.233348563085366	0.00107473194708096	0.23404642601082118
-6.794478125	0.232181894294317	0.0013864663869369998	0.23351359265066646
-6.7544484375	0.230970507563302	0.00153772769565335	0.2318332081371087
-6.740778515625	0.229752573047844	0.00138131758455572	0.23125936825616286
-6.716358984375	0.22940128174826002	0.00138520425795405	0.23023428121285025
-6.690935546875	0.228086465359855	0.00160409461927088	0.22916705616596508
-6.6684671875	0.226431291810387	0.00144976686934096	0.22822388293724524
-6.64798203125	0.22637745095477502	0.00123014378300381	0.22736396322781904
-6.627465234375	0.223782867375447	0.00145088743257593	0.22650271814854717
-6.604985546875	0.22457162668066702	0.0015304660584767001	0.2255590789933067
-6.5815515625	0.222974208539992	0.00150944780809414	0.22457538461506296
-6.5581328125	0.222117773766807	0.00143646353387763	0.22359233353923647
-6.517139453125	0.221008881305615	0.000888787339265363	0.22187156070981595
-6.5044423828125	0.21994627159416	0.00117374522937975	0.22133857989157232
-6.4819734375	0.219046546200628	0.00144436475730363	0.2203954110766749
-6.4585408203125	0.217317489054009	0.0011270492712988698	0.21941179454602414
-6.4351171875	0.217145963294147	0.0013111441673745701	0.21842855917482834
-6.4146236328125	0.216175447246382	0.0013909120506725	0.2175683207211557
-6.39314453125	0.215099749432341	0.00105024702231864	0.21666671628115186
-6.3697068359375	0.21321452261566198	0.0010326256548063499	0.21568290210658467
-6.349204296875	0.213600120024502	0.0009755644200692311	0.21482229667861477
-6.32967421875	0.212095771182607	0.00145117846700756	0.2140025138564909
-6.308173046875	0.21310793189800098	0.00157689205345646	0.21309999702824467
-6.28466796875	0.211197281204202	0.00156026083405541	0.2121133699241493
-6.2435267578125	0.210353259649539	0.00115372835616498	0.21038647568071042
-6.228850390625	0.208373224813026	0.00109363969239097	0.20977044136619677
-6.20536640625	0.207390869429706	0.00120709026680674	0.20878471471130786
-6.183830078125	0.207068681498703	0.00140109879191182	0.20788074381099864
-6.1632654296875	0.205379168687783	0.0015961122543748	0.20701756204170377
-6.1417423828125	0.20392781370065202	0.00143702146472175	0.20611415622579493
-6.098688671875	0.203269019366257	0.00151671922433894	0.20430703677801637
-6.0888982421875	0.20372133805013	0.00105534211797325	0.203896099394327
-6.0683494140625	0.20185942685563102	0.00120374087515065	0.20303359844618857
-6.0429068359375	0.20030458418036298	0.00115130335006056	0.20196569612331622
-6.01745625	0.200690892377229	0.00138754467588897	0.20089746349159696
-5.99496328125	0.197602870022858	0.00153884726467898	0.19995337525775922
-5.95485546875	0.197113161479131	0.00124424186287466	0.1982699579032904
-5.9401625	0.195325057692565	0.00125708101949303	0.1976532638859339
-5.91569140625	0.19548910448021797	0.0009650631729422749	0.19662616644641354
-5.8765498046875	0.194349676385864	0.000977385453217311	0.19498333235666365
-5.8462162109375	0.191935641739673	0.00109421995285615	0.19371019434972397
-5.8334796875	0.19252609474788202	0.00108529088351234	0.19317562959915946
-5.8128943359375	0.191806196772514	0.00149695827397751	0.19231164502704548
-5.792316796875	0.19015586785556798	0.00096719084452142	0.19144799261578238
-5.7688443359375	0.18904294735388702	0.00117031541758038	0.1904628437538072
-5.744392578125	0.188856248667956	0.00119689401430711	0.18943659943405164
-5.721877734375	0.187306179828436	0.00108206853541042	0.18849165323152467
-5.70035234375	0.185618516635355	0.0014853706790719401	0.1875882393003004
-5.6788173828125	0.18554885050688702	0.0013197782923764201	0.1866844286557195
-5.6572826171875	0.185158182693941	0.00100119655828192	0.1857806312155326
-5.6328271484375	0.18229023796701502	0.000851454975308982	0.1847542602712433
-5.5907306640625	0.182286210363215	0.000941470228687463	0.1829875295394495
-5.577025390625	0.18059940573368	0.0010970395737774999	0.1824123426349773
-5.5545345703125	0.180280972221762	0.00134981116380341	0.18146844598957418
-5.5320341796875	0.179256126485886	0.00153818880624532	0.1805241535367957
-5.50853984375	0.177244749860338	0.00132560323849796	0.1795381536730634
-5.4860208984375	0.176458679417135	0.000733959727894987	0.17859309469801218
-5.4635123046875	0.176449095752326	0.00105643349509538	0.1776484762188787
-5.4410095703125	0.174972977036677	0.00109523464231907	0.17670410978068718
-5.41849453125	0.17402224465905802	0.00102312108143745	0.17575923317613576
-5.39794453125	0.173078823381561	0.00136160836260804	0.17489682781310842
-5.376407421875	0.17046764198342598	0.000947131764405577	0.173993002921776
-5.3519384765625	0.17048510827042201	0.0012165529916250098	0.17296614796519733
-5.3284654296875	0.170987422561637	0.00120874076159732	0.1719810937807852
-5.30498515625	0.170080128531782	0.0010006607014722301	0.17099574353613833
-5.2834533203125	0.168719598369664	0.00124882949189077	0.1700921659343916
-5.24331953125	0.166953019750908	0.000895837598596435	0.1684079791105809
-5.230600390625	0.16660686049698298	0.001219964110476	0.16787423371878232
-5.209087109375	0.16539385565911802	0.00137302228973666	0.16697145653876558
-5.1875751953125	0.16523072942060898	0.000952068644491026	0.16606874320508505
-5.163106640625	0.16225380203616802	0.0011344278175894201	0.1650419671123985
-5.1376353515625	0.162135139634438	0.00108598485165469	0.16397312232903943
-5.115131640625	0.161878824113922	0.00100932044105993	0.16302881308703518
-5.094609765625	0.16094960531054	0.0010906899320497201	0.1621676729155682
-5.0711208984375	0.158697263288113	0.00114030417186948	0.16118203937077993
-5.0466283203125	0.159237503031544	0.000816215300183576	0.160154297288221
-5.0241109375	0.15703990058770698	0.000928653133339666	0.15920944524240332
-4.9840109375	0.156563216944122	0.00108480023575436	0.15752682852811073
-4.970314453125	0.15551951633889202	0.0012344222655278601	0.15695212282180826
-4.94585	0.153194638910415	0.000936295703537006	0.15592559971971784
-4.9213462890625	0.15435540888233099	0.0011257375078393	0.15489743917436077
-4.8988140625	0.151434871486188	0.0011709351377764902	0.15395200968082712
-4.8763111328125	0.1511621404334	0.00105494548556418	0.1530078179773179
-4.8538041015625	0.150837180735631	0.00100652936437667	0.15206346281598082
-4.8352125	0.14929441749356	0.00106918592592171	0.15128339874934743
-4.8146642578125	0.149077704786982	0.000896134100152575	0.15042124523980102
-4.791176953125	0.147612565100231	0.00109633847555558	0.14943578509197797
-4.7696490234375	0.147011412112329	0.0010229583459372702	0.14853254342478317
-4.7471421875	0.145957421030272	0.0008376315475793639	0.1475882390786599
-4.72267265625	0.144476483545223	0.00103822411339282	0.14656159785870332
-4.699168359375	0.144641572876055	0.0009568746574980831	0.1455754644981051
-4.677651171875	0.143860407277322	0.000939365314159347	0.1446727104324102
-4.6365578125	0.141215311266467	0.0008960065982803729	0.14294866261246855
-4.6228634765625	0.141512593398557	0.000913835078579706	0.14237413216888242
-4.6042654296875	0.14000977555917798	0.00117757813776124	0.14159387807142826
-4.5866232421875	0.13918348905990402	0.00108057261656533	0.1408537321433515
-4.5484921875	0.13812634818332098	0.000810190276308006	0.13925403490169347
-4.5347923828125	0.13600496175119	0.000880412668736696	0.13867929976795995
-4.51032734375	0.134861157244855	0.000547219838320993	0.13765295071560887
-4.4877984375	0.13535555265972898	0.000774345667763207	0.1367078370562669
-4.4652533203125	0.133722296771859	0.00110991138424076	0.13576205444525302
-4.441758984375	0.133035999285785	0.000806330806406626	0.13477646349312114
-4.416327734375	0.132541113758888	0.00101794993512089	0.13370963274672992
-4.3928509765625	0.13160416009691	0.00104843648403637	0.1327248053380984
-4.3713138671875	0.129779537186792	0.000906164189003203	0.13182135561803646
-4.3478171875	0.129882504551881	0.00083386996551418	0.13083571736706645
-4.3262875	0.128548526130909	0.000885853465194399	0.12993260212140992
-4.30476484375	0.12785053324107798	0.000788794098550829	0.129029793132513
-4.2803056640625	0.126074159968565	0.00103609632271124	0.12800381999946542
-4.2568177734375	0.12534002537755198	0.00074694757767889	0.1270186030857583
-4.237246875	0.12415401086580201	0.00099386591946373	0.12619769809283343
-4.217680859375	0.123714259857492	0.0007690701972773799	0.12537700786214379
-4.179515625	0.12281660700215201	0.000699717526086206	0.12377620854875271
-4.1677734375	0.122154269023274	0.000888670499585481	0.12328370313067202
-4.1472044921875	0.119918275478956	0.00101216645751264	0.12242098396456652
-4.123716796875	0.119651052073605	0.00071832642058206	0.12143585860347446
-4.099266015625	0.11845894740025299	0.000840690292899888	0.12041035584001954
-4.0777330078125	0.118107513348677	0.000710069034539195	0.11950724311155653
-4.0571759765625	0.117584230841838	0.000719202960449135	0.11864507628697583
-4.0336755859375	0.116214886393424	0.000824674204167999	0.11765947960299755
-4.01114140625	0.115315193128361	0.000731523011014673	0.11671442103075627
-3.9915642578125	0.11431593826456901	0.000977753551100471	0.11589338969939976
-3.970042578125	0.113942702122708	0.000981429793931316	0.11499082188965873
-3.9495005859375	0.11217072755414399	0.0007338723286935971	0.1141293534819132
-3.93090859375	0.112014315644087	0.000662568495531061	0.11334967378883892
-3.9113216796875	0.111663922275139	0.0006543293943413061	0.11252828291124001
-3.8917681640625	0.110691658308293	0.000947677203311072	0.11170830526598959
-3.8516041015625	0.108723943861139	0.0010439125959684598	0.11002406376420495
-3.837905859375	0.108268030416596	0.0007895749108561641	0.10944965377486382
-3.81541640625	0.107552558626339	0.000579198593185286	0.1085066151770565
-3.795844140625	0.10620727623889199	0.000921373341992628	0.10768591613603058
-3.7743052734375	0.106278406978002	0.000857466386219606	0.10678277009667321
-3.7518109375	0.10531052496896501	0.0007408154602393121	0.10583957852488168
-3.7332224609375	0.10341682649219401	0.0007694201274822999	0.1050601746248867
-3.7136447265625	0.102919252924064	0.0007128262820318011	0.10423930592873618
-3.690153515625	0.101918798834169	0.000902946479977338	0.10325436985097186
-3.668625390625	0.100569373631825	0.0008441325324255609	0.10235176081450799
-3.64807734375	0.0997873747363284	0.000656993431490712	0.10149026079157208
-3.6275201171875	0.10013844931499301	0.000756232444989923	0.10062839310819169
-3.6059978515625	0.0982567476821685	0.000894281721266399	0.09972608464577318
-3.583479296875	0.097182929640141	0.000706930097241939	0.09878202826160987
-3.559983203125	0.0965897368273875	0.000649735674344459	0.09779701326539988
-3.537488671875	0.0949132013584264	0.0007240700779445639	0.09685400893812939
-3.5149865234375	0.0949745797854199	0.000894282767502025	0.09591070790169288
-3.49248125	0.09341885795447419	0.0009341284272638239	0.094967298924234
-3.4709451171875	0.0927287274883509	0.000737316949771058	0.09406453780915405
-3.4464701171875	0.0922268328237262	0.000642155442310069	0.09303861061203034
-3.42396796875	0.0910519564057628	0.00070064332672062	0.0920954056448075
-3.4014759765625	0.0898768405487611	0.0007835590609525189	0.09115265131591203
-3.3770072265625	0.08831091978824991	0.000815689593326585	0.09012706985055915
-3.35350859375	0.08812715776803949	0.000751441573125041	0.08914217873835772
-3.3309890625	0.087641903459582	0.000731577569774379	0.08819835157520611
-3.308485546875	0.08581949131566409	0.000838982106943459	0.08725522275499487
-3.28502080078125	0.0848554465291154	0.000753227641449151	0.08627183794589438
-3.2625154296875	0.0835711838956112	0.000660813809467229	0.08532868846157168
-3.24098056640625	0.0823939523062973	0.0004936617695996211	0.08442623777149445
-3.2184654296875	0.0829170521220115	0.000729310524109997	0.08348273606873385
-3.19498974609375	0.08146226589608581	0.000863001607965456	0.08249901446951755
-3.17248251953125	0.0805553914456701	0.0007358042595658741	0.08155590631720418
-3.1519099609375	0.07952291505958439	0.000623116494415504	0.08069389293797011
-3.1333158203125	0.0797791948279311	0.000745145278367856	0.07991480048123858
-3.113719921875	0.07813963287050439	0.0007221664442966279	0.07909375854266905
-3.092156640625	0.0770612671387631	0.000606154625058834	0.07819031498164075
-3.06867431640625	0.076005735245826	0.000623984916263956	0.07720650407121084
-3.04421611328125	0.07411944214031971	0.000618989037112179	0.07618184805918415
-3.0226873046875	0.0732940097220808	0.0004993974282144829	0.07527995125156989
-3.00409287109375	0.073582885373928	0.000578685686151736	0.07450100959527611
-2.98353056640625	0.072584506591962	0.000548353542309097	0.0736396609969581
-2.96005166015625	0.0715181467090258	0.000492988756217269	0.07265617539344829
-2.93754755859375	0.07125655007587689	0.0005515066617645909	0.07171356189403902
-2.91796318359375	0.06923177336615559	0.000690627897959573	0.07089327704987669
-2.88176259765625	0.06810803123855311	0.000667100339378948	0.06937710872566857
-2.8680689453125	0.0678311371388704	0.000623652025316174	0.06880361336773438
-2.84261845703125	0.0672612538638686	0.00066490116914271	0.06773777918086722
-2.8171751953125	0.0660912087709082	0.000724948923714875	0.06667230337345445
-2.79566142578125	0.0654980777306725	0.000686142736680737	0.06577142572119961
-2.7741310546875	0.0634257405174862	0.000575913065052455	0.0648698948239542
-2.750633203125	0.061856367367465005	0.000451209376212227	0.06388602959792616
-2.73007607421875	0.06206294003336191	0.000532323096489092	0.06302533668463442
-2.708545703125	0.061585923604121	0.0005581470744860689	0.06212393978090877
-2.68503251953125	0.0605817907266578	0.0006614355346053171	0.06113958260039809
-2.6634908203125	0.0585365923544367	0.000490573534867109	0.06023780928557083
-2.64097900390625	0.0592434194089728	0.00066192597578997	0.05929547707691435
-2.617484375	0.0565949545759883	0.000635677089777263	0.05831206292120495
-2.5940041015625	0.0561119756048576	0.000550545507262756	0.057329310455873576
-2.5714833984375	0.0557748135173293	0.000481459429375685	0.056386778881243244
-2.54993828125	0.0546585165714796	0.000551346897844092	0.05548513250216671
-2.5284169921875	0.053967856457104994	0.000623075329402025	0.054584538582647946
-2.50886533203125	0.0534011358758191	0.000647995414352735	0.05376641612453403
-2.489295703125	0.051707829321773806	0.000635384458292984	0.05294758971377421
-2.4657927734375	0.0517521033350959	0.000629953882070853	0.051964252330874865
-2.4442578125	0.050240143870577396	0.000675679411518042	0.05106331656468538
-2.42371826171875	0.0497750220471175	0.000617951611828701	0.05020408322749522
-2.40024345703125	0.04776258884318	0.000516611725937068	0.049222130923404654
-2.37772919921875	0.0468310381181716	0.0005484480788016111	0.04828043235093525
-2.3561732421875	0.0470146988235243	0.000556308562378149	0.04737888624598356
-2.33366513671875	0.0455071286305021	0.00047166833185722997	0.046437592938419626
-2.3101884765625	0.045017702333719004	0.0005512901014027079	0.045455878512536955
-2.28669697265625	0.0449709440342727	0.000496215143198483	0.0444736318569704
-2.26321826171875	0.042234758999012696	0.000632867350458085	0.04349201130609653
-2.23873994140625	0.041409284179668	0.000526483309451994	0.04246869829656143
-2.215232421875	0.0407070109621294	0.000456869748898554	0.0414860688506807
-2.1927193359375	0.0407645966939598	0.0005027550554517871	0.04054510156547779
-2.1711927734375	0.0394226471908612	0.000548718477373414	0.03964545634042391
-2.15259921875	0.039066027774474696	0.00048259579591229	0.03886846031561934
-2.1320361328125	0.0377141885768522	0.000585286229638013	0.03800924050174295
-2.109535546875	0.0363772065105072	0.00044765260968855	0.037069162022576346
-2.0860421875	0.0354351830626345	0.0005814123305205469	0.0360877191588523
-2.0596173828125	0.0345925871231174	0.000447260314541424	0.034983958085762455
-2.03515390625	0.0338245721695826	0.000369230139074997	0.0339622622253469
-2.01458876953125	0.033094432444427606	0.00048342918493184497	0.03310348556254462
-1.99403515625	0.031875649513821706	0.000520236405673558	0.032245292308610646
-1.97153271484375	0.0302887757553786	0.0005500442291023561	0.031305848851282445
-1.9480458984375	0.0299386103173064	0.0004930645616238099	0.03032544864523236
-1.92455	0.0295202573941701	0.00038767802513477395	0.029344816987746193
-1.90301845703125	0.027918607691750197	0.00045596115178862703	0.028446304590896664
-1.88344482421875	0.0276522914453098	0.0005099784404128199	0.02762961120338967
-1.8609310546875	0.0269267745406663	0.00042773058776994	0.02669038353275887
-1.83843212890625	0.025330837044473798	0.0005258364097495009	0.025751930501121255
-1.817880078125	0.024704811685846602	0.000464564312935916	0.024894824254624373
-1.77873056640625	0.0238628226551572	0.000436616394130205	0.023262515036042458
-1.7660216796875	0.0221233268376957	0.000429983786522972	0.022732741742685636
-1.74448056640625	0.0222589110094118	0.000366929791803437	0.021834927866242852
-1.7239185546875	0.0219116003463693	0.00047528247723539996	0.020978083205211426
-1.70238466796875	0.0210622047123556	0.000352351707941458	0.020080914356479913
-1.681828515625	0.0195839193847221	0.000474917268710212	0.019224654277529583
-1.6603013671875	0.017769443891617602	0.000406437905436338	0.018328136079127297
-1.6358354003906201	0.0171951881159495	0.00047996404759109506	0.01730947160263263
-1.61139370117188	0.0158906464678618	0.00045472856281420903	0.01629208757372333
-1.58888461914062	0.0156672086681529	0.000426781535583958	0.015355398071761471
-1.5663544921875	0.0147347942629811	0.0005190330744021941	0.01441808297284465
-1.54383232421875	0.014413111368079599	0.00039650704490016403	0.013481360083995086
-1.52228315429687	0.012463619268084501	0.000385201436998493	0.01258536037083853
-1.49976591796875	0.011859713146957501	0.00038074935344205	0.011649387448063889
-1.46060444335938	0.010740893989040701	0.00043443163722483604	0.01002228037782732
-1.44688623046875	0.010745717381393401	0.000444507687140293	0.009452533199244002
-1.42437109375	0.00800227786974577	0.000429866731424488	0.008517698611581345
-1.40185546875	0.00788059353683496	0.000486872320022596	0.007583190715335177
-1.37834140625	0.00675874407518203	0.000402944283528561	0.00660763161736623
-1.35481069335938	0.00677418517392585	0.00036452501470555804	0.005631799804058736
-1.3322611328125	0.005224725081691171	0.000386012499764536	0.004697069861541336
-1.31070981445313	0.00453347810712637	0.000420716344022532	0.003804116491522909
-1.29014072265625	0.0040548832727914106	0.00024898586922525505	0.0029522407304156117
-1.2705716796875	0.00309591068259804	0.000242321861367378	0.002142143764050239
-1.09427421875	-0.00353152089907884	0.000810547932945903	-0.005136985305361094
-1.07273793945312	-0.00491989484633463	0.000887063070443016	-0.006023370426257155
-1.0472931152343798	-0.00553609739699295	0.000609616013237028	-0.007069661156548161
-1.0218259765625	-0.0058818137888195805	0.000644547941467707	-0.008115752813907529
-0.9983154296875	-0.00703222420524609	0.00056212236810706	-0.009080409623069573
-0.977733203125	-0.00780908366280777	0.00041030071898983	-0.009924015477853675
-0.9591322265625	-0.008382602065934339	0.000485169324300055	-0.010685645932181714
-0.938587158203125	-0.008802879745367332	0.000451867475360959	-0.011525975243115279
-0.915070458984375	-0.010855299275546099	0.0005385833218627579	-0.01248660585661946
-0.8895716796875	-0.0106382579600828	0.000417119498822338	-0.013526584884676597
-0.86702158203125	-0.0122327074373776	0.000494413645455992	-0.014444782806654267
-0.84548369140625	-0.013463572672766601	0.000567611188609466	-0.015320325884214683
-0.8219920654296881	-0.0137873389910669	0.000561905250965706	-0.016273555183468714
-0.79847939453125	-0.015227592075098	0.000460417792424851	-0.017225669384130914
-0.77496337890625	-0.0151430875405644	0.00041893431090644597	-0.018175769377792368
-0.737752954101562	-0.0159065051557264	0.000376073274929997	-0.019674260617764512
-0.72696474609375	-0.0165900992095415	0.000450830924473193	-0.020107477948553224
-0.70933525390625	-0.0182419907769173	0.000453175282273819	-0.020814115738382655
-0.690738037109375	-0.0183730231918109	0.00047713202227521397	-0.021557672507840624
-0.6691753662109371	-0.0184553947632879	0.0005430425958682791	-0.022417183298173514
-0.6476265625	-0.0194375410471791	0.000438895922402011	-0.023273073074576364
-0.6260869384765629	-0.0207232725276694	0.00036312048055384697	-0.02412521640918971
-0.604539868164062	-0.0210526940044124	0.000494172627485725	-0.024973909775747722
-0.584945239257812	-0.020841368622645202	0.00041516763032917403	-0.025742100660001554
-0.5653402587890629	-0.022080217485383902	0.000548173969009437	-0.02650689677688917
-0.5437806396484379	-0.0227739276229048	0.00037032177335576	-0.02734306449783324
-0.521236938476562	-0.024115664479869202	0.00047050409192951896	-0.028211264308379044
-0.49969504394531294	-0.0243230990450477	0.00048655319162751597	-0.029034253352229977
-0.47718913574218796	-0.0247637764570485	0.000419585494229831	-0.02988618593398985
-0.453646337890625	-0.0252746212760706	0.000406650012980647	-0.030767459980872842
-0.432049560546875	-0.026073466384618202	0.000514605556848261	-0.03156558369396475
-0.409527087402344	-0.0270241079207958	0.000429544414411287	-0.032385677628797
-0.386025024414063	-0.0268898274039929	0.000355603258194038	-0.03322578333446024
-0.36346334228515603	-0.0276128346303869	0.000454751099925545	-0.03401439177485918
-0.34286556396484397	-0.0275427414241141	0.000433910054234026	-0.03471608455435983
-0.322281030273438	-0.0268632801695254	0.000516888791742329	-0.03539645790464464
-0.29876558837890604	-0.0281190956652052	0.000344233128197676	-0.03614264882362414
-0.278181396484375	-0.0289036511311311	0.000446411526359554	-0.03676231899389676
-0.25661141357421896	-0.0278088054909616	0.00033455062818958696	-0.037369514494155036
-0.232096020507813	-0.0287376913605076	0.000523206682487515	-0.037992204192276516
-0.21150404052734398	-0.029160537845767	0.000422538772869132	-0.03844233792637847
-0.18992081909179698	-0.028952209951885702	0.000410472990021529	-0.03881760885850869
-0.16734098510742199	-0.0289974756677705	0.000395410523129684	-0.03906354061712315
-0.147710949707031	-0.0289452164172402	0.000454018727726796	-0.03910285646240322
-0.128086114501953	-0.027779096885214	0.000446668832144807	-0.03890170673060493
-0.10845885925293	-0.027477877053346398	0.000358093862145364	-0.0383302224113093
-0.0868586822509766	-0.0266811790326506	0.000408206662461913	-0.03698057188929914
-0.0652816925048828	-0.0250879194685119	0.000492455961220489	-0.03422186366260284
-0.0446866744995117	-0.0237872134051289	0.000441712441224843	-0.028952538535083706
-0.023124254989624	-0.0192991129279251	0.000635036355762298	-0.01828644492682446
-0.00354436511993408	-0.0115897366138331	0.000841911771954468	-0.0030749267244145023
0.0160105936050415	0.00416905135583342	0.00073434259741996	0.013277246300569917
0.037492889404296896	0.0158687466314023	0.0005242076361952	0.026110139496435186
0.0579750869750977	0.020670386179230598	0.00036129641046373504	0.03274575630586551
0.0793894195556641	0.0234837437350726	0.00038010714236493405	0.03623673533545347
0.101751913452148	0.027436444757961902	0.000325561306179985	0.03801224099446475
0.124098364257812	0.0279532811011587	0.000386098270752178	0.038821233540191846
0.148361572265625	0.0282668937915346	0.000372309899965244	0.03910488179070614
0.172620343017578	0.0287388777192635	0.000460313194049223	0.03902249900111508
0.19494375	0.029162942206862903	0.00041491155631298197	0.03874077644718704
0.2153302734375	0.0294074363374651	0.00037730049851696296	0.03836469782766016
