#Initialized App on 2018-12-28 20:01:32.614716
#Set wavelength to 5.1836 A
#Load data from ../boxed_data/ES_S13_300K_4mT_Remanence_refl_uu.xy
#Select data from 0.0038
#Select data above noise threshold of 0.0.
#Applying footprint correction for a equidistributed beam using a sample size of 15 and a beam size of 0.5.
#Rescaling data by setting mean value between 0.0066 .. 0.0092 (Imean = 0.9632614816545796) to 1.
#[[Data]]
#q / A-1	I / a.u.	sI / a.u.
0.004097447982740846	1.0838636865688782	0.012829998645876747
0.0044389016207246924	1.0746801808239355	0.01248696787058538
0.004780355172169867	1.0675058101462245	0.012393339409787303
0.005121808630419555	1.0684476992389165	0.012450539964063461
0.005463261988816949	1.0587989456716522	0.012328881230127323
0.005804715240705238	1.0552576221832581	0.012228035461877937
0.006146168379427613	1.0490306884739853	0.012209977846936662
0.006487621398327273	1.035440143252829	0.011951553008306172
0.006829074290747414	1.0422679942426056	0.011784467679542854
0.007170527050031234	1.0423670301694565	0.012032424965222905
0.007511979669521937	1.0364506149881243	0.012199867441121084
0.00785343214256273	1.0248316234216766	0.012190998444075053
0.008194884462496822	0.9963618075389804	0.012077904433452679
0.00853633662266742	0.9559395589488779	0.011863506758494199
0.008877788616417743	0.9017813706902789	0.011906217408993301
0.009219240437091004	0.8587472553819229	0.011984390507675715
0.009560692078030425	0.8534116512545891	0.011870652756637415
0.009902143532579236	0.8936303276700873	0.011869557420202492
0.010243594794080657	0.9613550695167323	0.011858431476813664
0.010585045855877929	1.0217588000021534	0.01212874281917785
0.010926496711314277	1.0649295249936361	0.012569705567382636
0.011267947353732948	1.0624625137285195	0.012765151880350413
0.011609397776477185	1.0053334445301274	0.012757255923402622
0.011950847972890236	0.9001846978197005	0.012092750748461273
0.01229229793631535	0.7476727232017586	0.010656967940382808
0.012633747660095791	0.5850334288117123	0.008927443012166664
0.012975197137574815	0.44111126318653765	0.007639713351872675
0.01331664636209569	0.33836975421450916	0.006815045365748496
0.013658095327001692	0.2929424217649927	0.006343741081958641
0.013999544025636088	0.30919892020201806	0.006339843128908015
0.01434099245134217	0.38459143497261267	0.006573276100410236
0.01468244059746322	0.5063468730358037	0.00701410736047348
0.015023888457342531	0.6457971364017212	0.007817789570674945
0.015365336024323401	0.7419598635305554	0.008648574991547659
0.015706783291749137	0.7220392481817126	0.008883432101200314
0.016048230252963046	0.595751967214203	0.008136783577667228
0.016389676901308443	0.4216597378731651	0.006683279690095675
0.01673112323012865	0.26095596594872655	0.005129290115544837
0.017072569232766996	0.15126124841724847	0.0037444052568996636
0.017414014902566815	0.08630077733333487	0.002743530706890849
0.017755460232871452	0.05332918254389759	0.0020937233035464263
0.018096905217024246	0.03638629389521473	0.0016764724775006014
0.01843834984836856	0.02747732994624474	0.0014376927197923145
0.018779794120247748	0.024077395818260433	0.0013195604136599425
0.01912123802600518	0.02684552029996211	0.0013040781557103786
0.019462681558984233	0.037246996605353994	0.0013835939677677679
0.019804124712528293	0.05756680147353888	0.0015693611385781737
0.020145567479980742	0.08352138905165071	0.0017471094495747949
0.02048700985468498	0.10266076365730438	0.00184377991304314
0.02082845182998442	0.10315175542180444	0.0017960243518045586
0.02116989339922247	0.08504243512988233	0.0015904453985874493
0.021511334555742535	0.059280721242871384	0.0013254356839348899
0.02185277529288807	0.03727784941941423	0.0010578650120665416
0.022194215604002494	0.023936866806358894	0.0008544592122722257
0.02253565548242926	0.017103344322068826	0.0007196882368445723
0.022877094921511826	0.014000457334694093	0.0006568584284992237
0.023218533914593643	0.012732285503582626	0.000627736680593811
0.023559972455018188	0.013159840854846965	0.0006252526549258504
0.02390141053612894	0.015768515545336065	0.0006733245633766563
0.024242848151269387	0.02178268143767995	0.0007664786319240734
0.024584285293783033	0.03357394214627577	0.0009151759555885119
0.024925721957013376	0.054408246406131025	0.0011302720002944768
0.02526715813430394	0.08293933965762414	0.0013654782792524836
0.025608593818998247	0.10988395376620341	0.0015307265625303871
0.025950029004439837	0.12123238244503286	0.0015835464911938375
0.026291463683972244	0.11326546169782682	0.0014940903714355481
0.026632897850939034	0.09065260369477512	0.0013008370578701945
0.02697433149868377	0.06368206345808546	0.0010773907057809065
0.027315764620550024	0.04217305461522729	0.0008641141553307435
0.02765719720988138	0.02671561490376756	0.0006849864164892667
0.027998629260021446	0.017342935708562338	0.0005455897901008691
0.02834006076431381	0.012161851238665297	0.00045294628135067233
0.028681491716102115	0.009095547344556615	0.00039366366330080755
0.02902292210872996	0.0069684417747920184	0.0003451194556632161
0.029364351935540996	0.005432073977961439	0.00030262751352608475
0.02970578118987888	0.004461159091646549	0.0002738466612356415
0.03004720986508726	0.003743523168519703	0.00025049212478275634
0.030388637954509818	0.00327739348013228	0.00023403503665351836
0.03073006545149023	0.0033674896819530877	0.00023512269333302388
0.0310714923493722	0.0034918979201699445	0.00023843618424869637
0.03141291864149943	0.00347908437988562	0.00023838081976136792
0.03175434432121564	0.003687179554308733	0.0002415410512859309
0.03209576938186455	0.003584304115699484	0.00023345204837526163
0.03243719381678992	0.00313671285597909	0.0002164945898998326
0.032778617619335496	0.0026465327538424065	0.00019903173995703216
0.03312004078284504	0.0022288217855703603	0.0001815014641510886
0.033461463300662346	0.002146563143558176	0.00017848620688712527
0.03380288516613119	0.002298001885568895	0.00018421784595243915
0.03414430637259539	0.002328659482434628	0.0001852306716675159
0.03448572691339876	0.0024987954350144436	0.0001933179454657854
0.03482714678188512	0.002951375394727743	0.0002059753027442078
0.035168565971398336	0.0037005934967251322	0.00022498252428376935
0.035509984475282245	0.005180419361866528	0.00026401446787580887
0.035851402286880725	0.00780664315264917	0.0003208749716089236
0.03619281939953766	0.011326406354416507	0.0003816760880024141
0.036534235806596954	0.015640419870807803	0.0004416357939157603
0.036875651501402505	0.01982073426920383	0.0004928024360056471
0.03721706647729824	0.022748043226200314	0.0005211576748389138
0.037558480727628116	0.02331567832945126	0.000520209647078597
0.03789989424573607	0.021354628225636905	0.0004970378962114461
0.038241307024966066	0.01819695494553696	0.00045523108016205045
0.038582719058662104	0.014175264437363356	0.0003964756752478187
0.03892413034016816	0.010246650445212988	0.0003356024753747246
0.03926554086282827	0.007419065610354023	0.00028432844128285626
0.03960695061998643	0.005365278059995303	0.00024128595929152948
0.0399483596049867	0.003933452034479747	0.0002067945814883416
0.04028976781117314	0.0030842088372085214	0.000183364029898552
0.04063117523188981	0.0024704686998828214	0.00016484983304684955
0.04097258186048079	0.0019733422024150586	0.00014805310218391965
0.04131398769029021	0.0015806142990350287	0.00013458414680800126
0.04165539271466216	0.0014010344688734108	0.00012699484341291593
0.041996796926940784	0.0014171377632771892	0.00012403671775131542
0.04233820032047024	0.0014663805270387004	0.00012427843051925007
0.04267960288859467	0.001374934333884576	0.00012080947853134369
0.04302100462465828	0.0013713235639399156	0.0001200875966346941
0.043362405522005244	0.0013996668494699015	0.00011886069119829422
0.04370380557397979	0.0013038688636807178	0.00011399697625744138
0.04404520477392616	0.0012872060944863703	0.0001139206515701205
0.04438660311518858	0.001237805699327902	0.00011161518905111132
0.04472800059111132	0.0011692354824461965	0.00010961719683154624
0.04506939719503866	0.0012836888474224485	0.00011429791196896568
0.04541079292031489	0.0013873081789282477	0.00011669577594627476
0.04575218776028434	0.0014129698099559422	0.00011841588067811782
0.046093581708291344	0.0015292770484912708	0.00012297642905071435
0.046434974757680235	0.0015539207465545687	0.00012398598594317477
0.04677636690179539	0.0017574578492962015	0.00013070988220348313
0.04711775813398118	0.0022226243326501863	0.00014384197456382243
0.04745914844758201	0.00269273806742072	0.00015596876470689637
0.04780053783594233	0.0033470163457685657	0.0001707239015761104
0.048141926292406545	0.004189780830802689	0.00019035149935776334
0.04848331381031912	0.0051034629666754225	0.00020887849100991167
0.04882470038302454	0.0055997514458729115	0.00021733489154827045
0.04916608600386728	0.005785008482926923	0.0002198505346824501
0.04950747066619186	0.005605289722818752	0.00021564536255520609
0.04984885436334282	0.005040668690763264	0.0002037186942323189
0.05019023708866469	0.004246906386491475	0.00018479756118070106
0.050531618835502064	0.003341645176906197	0.0001629222960980087
0.0508729995971995	0.0027975343389982058	0.0001493216157502924
0.05121437936710162	0.002361303874078957	0.00013703141477054947
0.05155575813855305	0.0018693483907997613	0.00012210890322091747
0.05189713590489843	0.001530119642291587	0.00011065655445623206
0.052238512659482414	0.001411817147785903	0.00010655214324808933
0.05257988839564973	0.0013379672235729336	0.00010374840209218437
0.052921263106745026	0.0013086551483669356	0.00010190845804345332
0.05326263678611306	0.0014531766118262303	0.00010769005714770122
0.05360400942709858	0.0017132409915213889	0.00011588767047193803
0.05394538102304632	0.002039444930932372	0.00012466596429746565
0.0542867515673011	0.0023291933869356335	0.00013134939420440337
0.054628121053207704	0.0024938610983365173	0.0001342505217743364
0.054969489474110955	0.00256285593083027	0.0001364361341393441
0.05531085682335571	0.0025509854567578693	0.00013661632608769048
0.05565222309428684	0.0024738735610392443	0.00013380072192374442
0.05599358828024923	0.0023233766329784694	0.00012874730397305505
0.0563349523745878	0.0020706901817377746	0.00012084475355011884
0.05667631537064744	0.0018729599497045342	0.00011529919632759392
0.05701767726177316	0.001781497487108514	0.00011237903988563206
0.0573590380413099	0.0016339365777673055	0.0001064496496901337
0.057700397702602664	0.0013872739570405588	9.834516009629975e-05
0.05804175623899646	0.001232298818692726	9.325376891335098e-05
0.05838311364383634	0.0011874939930623983	9.117135215694487e-05
0.05872446991046737	0.0011109263243255006	8.713663424721356e-05
0.05906582503223463	0.0010889873923528215	8.536766567763526e-05
0.05940717900248321	0.001062050762802129	8.45486765487207e-05
0.05974853181455825	0.001049581775513676	8.472678709113451e-05
0.060089883461804904	0.001090908148263948	8.713828064881332e-05
0.06043123393756834	0.0010714838168286109	8.528987132052179e-05
0.06077258323519376	0.0010649839345895351	8.426421903926057e-05
0.061113931348026396	0.0010239430430682196	8.244204429990011e-05
0.06145527826941146	0.0009579620360946244	7.861054546979412e-05
0.061796623992694234	0.0009174006774683221	7.678659927224726e-05
0.06213796851122002	0.0008086600258782814	7.269256243342023e-05
0.062479311818334105	0.0007062075460204163	6.81305938086471e-05
0.06282065390738184	0.0006594742052219065	6.707809161672397e-05
0.0631619947717086	0.000605004663371147	6.548004767688221e-05
0.06350333440465976	0.0006015359424087736	6.519273196711537e-05
0.0638446727995807	0.0006826471243604628	6.804430079162659e-05
0.0641860099498169	0.0008243288650283107	7.352357881770943e-05
0.06452734584871375	0.0009620368461189977	7.729395139168696e-05
0.0648686804896168	0.00115155158563985	8.280423313437593e-05
0.06521001386587152	0.0014020420127129301	9.144387992148864e-05
0.06555134597082346	0.0016626335699668157	9.810317102864328e-05
0.06589267679781816	0.0018429347649782163	0.00010196878836281772
0.06623400634020118	0.0018660108016332702	0.00010281949958557501
0.06657533459131816	0.001794116394293908	0.00010021434078369396
0.06691666154451471	0.0016580257829472676	9.597383919799398e-05
0.06725798719313651	0.001487941131788378	9.153408176752654e-05
0.0675993115305292	0.0013531327123509035	8.714316768539645e-05
0.06794063455003851	0.0012967656373940788	8.365811404142697e-05
0.06828195624501021	0.0011694813530824264	7.910860241842449e-05
0.06862327660878999	0.0009719976875949379	7.224534626340256e-05
0.06896459563472367	0.0008284816591793918	6.597598318739042e-05
0.06930591331615704	0.0007201359697485482	6.131480998747949e-05
0.06964722964643595	0.0006740523727503807	5.905034153257332e-05
0.06998854461890629	0.0006136054120658103	5.679901559067976e-05
0.07032985822691389	0.0005065669632718235	5.283531798624145e-05
0.07067117046380471	0.0005084769290855553	5.244084519305522e-05
0.07101248132292466	0.0005938865904781982	5.5468348630455286e-05
0.07135379079761973	0.0006190676696700611	5.725644973095691e-05
0.07169509888123593	0.0005914813811593896	5.618379263759333e-05
0.07203640556711927	0.0005861194002750996	5.480888783584583e-05
0.07237771084861576	0.0005595641776800547	5.306903403784244e-05
0.07271901471907155	0.000535645865417822	5.1674835691643355e-05
0.0730603171718327	0.0005336428542571856	5.121074475628679e-05
0.07340161820024535	0.0004709579885853507	4.782156073615593e-05
0.07374291779765567	0.00035452484488081667	4.210550818589463e-05
0.07408421595740983	0.0003127801785600843	3.9732127268428365e-05
0.07442551267285406	0.00026910531817483187	3.6446652165777575e-05
0.07476680793733462	0.00024015176842754745	3.407966885224437e-05
0.07510810174419776	0.0002389906417679893	3.429120167616044e-05
0.07544939408678977	0.0001996146137937068	3.1739277658700694e-05
0.07579068495845702	0.00019515931041817888	3.076787655466026e-05
0.07613197435254583	0.00021914610111021613	3.237694354450716e-05
0.07647326226240261	0.0002174441422976168	3.144512706450874e-05
0.07681454868137379	0.00018956042345533018	2.9143758929358294e-05
0.07715583360280578	0.0001931503072171609	2.9773726664009978e-05
0.07749711702004507	0.00019390844902625028	2.970400889344117e-05
0.07783839892643818	0.00015059068195905366	2.639200032684747e-05
0.07817967931533162	0.00011164167329009188	2.361335641397029e-05
0.07852095818007195	0.0001138129396061182	2.404337838831171e-05
0.07886223551400579	0.00010043944956877139	2.2007296350665664e-05
0.07920351131047974	8.14838987186109e-05	1.946551705034477e-05
0.07954478556284046	8.536104428190313e-05	1.985989410263626e-05
0.07988605826443464	9.266969764423964e-05	2.0472934354361216e-05
0.080227329408609	9.666276170597476e-05	2.0426236475312406e-05
0.08056859898871023	8.503117421079143e-05	1.918104147026165e-05
0.08090986699808517	6.178124832754854e-05	1.6940413343204442e-05
0.08125113343008059	5.3719889009292186e-05	1.6242009019053324e-05
0.08159239827804332	6.47429734795577e-05	1.7550759605851045e-05
0.08193366153532027	8.410467443206681e-05	1.933086143212063e-05
0.08227492319525828	8.89618623304451e-05	1.9706296810442605e-05
0.08261618325120433	8.554130311947304e-05	1.9761654406148803e-05
0.08295744169650533	8.710599198131512e-05	1.9767614078857844e-05
0.08329869852450832	8.505914033241718e-05	1.9980123719906795e-05
0.08363995372856027	8.604674300726487e-05	1.9714720324719355e-05
0.08398120730200825	9.075378890455392e-05	1.9230808040833884e-05
0.0843224592381994	8.210304879344198e-05	1.8617181809373107e-05
0.08466370953048077	7.068488540421017e-05	1.757746142086402e-05
0.08500495817219954	6.24058108081482e-05	1.703421144601265e-05
0.08534620515670287	6.305964907258482e-05	1.728634343336594e-05
0.08568745047733803	7.411959846197927e-05	1.801671064682428e-05
0.08602869412745219	6.683522914531262e-05	1.739301838429426e-05
0.08636993610039269	6.29040110016821e-05	1.667638193787434e-05
0.0867111763895068	7.648353606383231e-05	1.7674795763129653e-05
0.08705241498814191	8.91987831380142e-05	1.9027855905095177e-05
0.08739365188964536	8.847656502111527e-05	1.9158466393373092e-05
0.08773488708736457	8.852184995532166e-05	1.90937405607892e-05
0.08807612057464699	8.078945385448191e-05	1.8240392813291733e-05
0.08841735234484009	5.9506001597147825e-05	1.6847096394936517e-05
0.08875858239129139	4.41457219356289e-05	1.565522255243783e-05
0.08909981070734843	5.0554094721747275e-05	1.566241728339695e-05
0.08944103728635878	6.293356635767627e-05	1.7040691542963823e-05
0.08978226212167006	5.5167248879277764e-05	1.6545808762596646e-05
0.09012348520662994	5.108916654570547e-05	1.548806779840428e-05
0.09046470653458605	5.66479707904296e-05	1.5639986545676217e-05
0.09080592609888616	4.968769416866793e-05	1.4873137424191198e-05
0.09114714389287798	3.696577307876538e-05	1.3612386810604844e-05
0.0914883599099093	4.993783778166961e-05	1.5025199945839832e-05
0.09182957414332793	4.9992885551951964e-05	1.519827796484831e-05
0.09217078658648177	4.068241105603556e-05	1.4789358576788538e-05
0.09251199723271863	5.3513862690160635e-05	1.6501138682757447e-05
0.09285320607538651	6.158379959304844e-05	1.677959378293447e-05
0.0931944131078333	5.849195611948561e-05	1.615620410892261e-05
0.09353561832340705	6.02325138970068e-05	1.6362633279919563e-05
0.09387682171545576	6.688000436641025e-05	1.682465134102643e-05
0.0942180232773275	6.336132425819974e-05	1.6267319547896866e-05
0.09455922300237037	5.665841487263183e-05	1.6303706190643766e-05
0.09490042088393251	3.955499715610721e-05	1.4544252623446947e-05
0.09524161691536208	2.6758362635675503e-05	1.1758899710175854e-05
0.0955828110900073	3.40339308356211e-05	1.2464632135577393e-05
0.0959240034012164	5.5253196368575325e-05	1.578720790483715e-05
0.09626519384233766	5.3639699916352746e-05	1.522410611201541e-05
0.09660638240671944	3.401513977113402e-05	1.1958593055032586e-05
0.09694756908771003	4.176252428439545e-05	1.314682788347853e-05
0.09728875387865786	4.936485250097216e-05	1.43224813239567e-05
0.09762993677291136	4.265642474665154e-05	1.378561498680933e-05
0.09797111776381892	3.209191021941986e-05	1.2658728482934601e-05
0.09831229684472916	3.955272457501027e-05	1.3701034872996655e-05
0.09865347400899055	4.65915940675823e-05	1.5015911820313808e-05
0.09899464924995166	3.180313625706306e-05	1.3112916773141676e-05
0.09933582256096112	2.7306549078971837e-05	1.2015297359045252e-05
0.09967699393536757	3.710489032226799e-05	1.4272934261428577e-05
0.10001816336651974	4.1711280877524406e-05	1.5032144102479592e-05
0.10035933084776628	4.030609619240822e-05	1.4105228495304501e-05
0.10070049637245602	3.64819340754753e-05	1.3760593000937546e-05
0.10104165993393774	3.777154682817079e-05	1.3869015298160862e-05
0.10138282152556025	5.0582026022772775e-05	1.5167814596989034e-05
0.10172398114067249	4.5957952075881485e-05	1.4504442391631248e-05
0.10206513877262335	5.0285348816161865e-05	1.526804127654325e-05
0.10240629441476176	6.21945366644717e-05	1.642647460891246e-05
0.10274744806043674	5.5319974864704685e-05	1.528285856213919e-05
0.10308859970299734	4.746496491197225e-05	1.4257819851839437e-05
0.1034297493357926	3.32239486531835e-05	1.3148966886843598e-05
0.10377089695217166	2.3025614967359165e-05	1.1772128989825077e-05
0.10411204254548366	2.014071860633366e-05	1.1060387853577321e-05
0.10445318610907776	2.561160933061775e-05	1.1615741793379614e-05
0.10479432763630327	3.135781993718957e-05	1.244185875384396e-05
0.10513546712050939	2.7563537009238733e-05	1.2170684468692943e-05
0.10547660455504543	2.5748702690959932e-05	1.199398307718652e-05
0.10581773993326077	3.7500224481263287e-05	1.3576605354591837e-05
0.1061588732485048	4.6197911167390506e-05	1.4472378912690571e-05
0.10650000449412694	4.198291968533271e-05	1.3595866084502126e-05
0.10684113366347668	4.077736877713651e-05	1.3168948970829855e-05
0.10718226074990349	2.936517988755967e-05	1.1553414704712883e-05
0.10752338574675696	1.8677518795955476e-05	1.0189471308796895e-05
0.10786450864738666	2.2875230174959866e-05	1.0959499320354213e-05
0.10820562944514223	3.3848643981076566e-05	1.3153756107127061e-05
0.10854674813337334	3.331418150910139e-05	1.344077873101758e-05
0.10888786470542973	3.529054197815001e-05	1.3203501566865024e-05
0.10922897915466113	4.30350420854759e-05	1.396599509498152e-05
0.10957009147441733	3.3494577150410785e-05	1.3013427348012028e-05
0.1099112016580482	3.8809621333938646e-05	1.3279226247248037e-05
0.1102523096989036	4.3310001163691495e-05	1.338142559178712e-05
0.11059341559033346	3.896216915609896e-05	1.3090560498618848e-05
0.11093451932568776	4.459631782738508e-05	1.3851575964827185e-05
0.11127562089831648	4.206127250401178e-05	1.3775354067032672e-05
0.11161672030156972	3.026193958184733e-05	1.2271299344387175e-05
0.11195781752879749	2.6053129216722787e-05	1.1200323269336197e-05
0.11229891257335	3.068707712472796e-05	1.1823461108492142e-05
0.11264000542857737	2.9074571432410098e-05	1.214352655925523e-05
0.11298109608782982	2.0965047757417338e-05	1.109033098060625e-05
0.11332218454445767	1.5438579334652774e-05	1.0248452752157883e-05
0.11366327079181117	1.699567433711396e-05	1.0527221326802247e-05
0.11400435482324071	2.9562018621681426e-05	1.243548221848146e-05
0.11434543663209665	3.020674227081137e-05	1.2115533584145689e-05
0.11468651621172946	2.1374334361197874e-05	1.0274822158961081e-05
0.11502759355548954	2.2275536955329825e-05	1.0928299113139758e-05
0.11536866865672751	2.2293936697928872e-05	1.0888881244643022e-05
0.11570974150879386	3.176152905147472e-05	1.1866826418405913e-05
0.11605081210503923	3.570500798925701e-05	1.3133134639858938e-05
0.11639188043881428	3.336859517570605e-05	1.3332538867668114e-05
0.11673294650346969	3.471195409091152e-05	1.2907167424706588e-05
0.11707401029235621	2.663440575090596e-05	1.15419603745142e-05
0.11741507179882463	2.0306470849933477e-05	1.1029592914510692e-05
0.11775613101622578	2.1851912901265593e-05	1.1490258196820949e-05
0.11809718793791055	1.7768514409632116e-05	1.059637166597829e-05
0.1184382425572298	9.774591855622439e-06	8.666402809641438e-06
0.11877929486753457	1.3348260904720807e-05	9.421799520908656e-06
0.11912034486217582	2.5115035824040084e-05	1.1709819242862841e-05
0.11946139253450458	2.472938275054726e-05	1.232309282126671e-05
0.11980243787787204	1.9838127843513488e-05	1.1320466201284247e-05
0.12014348088562929	2.850909645827058e-05	1.1697784440712421e-05
0.12048452155112753	3.620811659099978e-05	1.2412828969678564e-05
0.12082555986771797	3.2724280286240344e-05	1.2182409729595529e-05
0.12116659582875193	2.287126276934333e-05	1.1055859716715983e-05
0.12150762942758071	2.2555433394122412e-05	1.1105604014456533e-05
0.12184866065755572	3.364665463297891e-05	1.2289778682068163e-05
0.12218968951202835	3.21722096768043e-05	1.1800549404631123e-05
0.12253071598435004	2.6130501056016467e-05	1.0563362916232533e-05
0.12287174006787238	1.6391098949302053e-05	9.3149325287449e-06
0.12321276175594688	8.729367350251083e-06	9.332753381935057e-06
0.12355378104192517	1.6509052617142157e-05	1.026307790494088e-05
0.12389479791915886	2.1760366041840246e-05	1.0537162746691084e-05
0.1242358123809997	3.0541088666989886e-05	1.1437028253000468e-05
0.12457682442079943	3.6719963334027103e-05	1.2041815867656265e-05
0.1249178340319098	3.16727920752218e-05	1.099841101179521e-05
0.12525884120768271	2.6595167207826366e-05	1.008443216778274e-05
0.12559984594146997	2.6292843990305285e-05	1.0258630765388274e-05
0.12594084822662363	2.953392312023281e-05	1.0599472303087719e-05
0.1262818480564956	2.319999874861886e-05	9.421107257105597e-06
0.1266228454244379	1.6488895365502923e-05	8.238535073107347e-06
0.12696384032380267	1.8287298387920475e-05	8.813102627271114e-06
0.127304832747942	1.5109828175867783e-05	7.751432121938347e-06
0.12764582269020808	5.2558850546069755e-06	4.181840241085448e-06
