#Initialized App on 2018-12-28 20:01:32.690636
#Set wavelength to 5.1836 A
#Load data from ../boxed_data/ES_S13_30K_730mT_ZFC_refl_uu.xy
#Select data from 0.0038
#Select data above noise threshold of 0.0.
#Applying footprint correction for a equidistributed beam using a sample size of 15 and a beam size of 1.
#Rescaling data by setting mean value between 0.0066 .. 0.0092 (Imean = 2.7622425713450927) to 1.
#Load data from ../boxed_data/ES_S13_30K_730mT_ZFC_refl_dd.xy
#Select data from 0.0038
#Select data above noise threshold of 0.0.
#Applying footprint correction for a equidistributed beam using a sample size of 15 and a beam size of 1.
#Rescaling data by renormalization factor 2.7622425713450927.
#[[Data]]
#q / A-1	I / a.u.	sI / a.u.
0.0038080100094056712	0.1982142249121095	0.010790639433184422
0.004569611184448563	0.4898458973240287	0.012934422032102422
0.0053312119084889115	0.8423513668191721	0.015776086370437387
0.006092812106359739	1.0237179720586456	0.01769201481239239
0.006854411702894121	1.0518893464855907	0.018883408336308697
0.007616010622925187	1.0459375870156737	0.01870009153130366
0.00837760879128614	1.0022673623173504	0.017848011171106667
0.009139206132810255	0.9107144756187036	0.017073912641190528
0.009900802572330888	0.8823567984995312	0.01674604058597944
0.010662398034681482	0.9502178014206958	0.016846149283967507
0.011423992444695578	0.9636484020544746	0.017724213728391145
0.012185585727206821	0.7882707396389149	0.01749714443916411
0.012947177807048968	0.5148992911701384	0.014254902841200847
0.013708768609055899	0.34335966391247674	0.01008713289089676
0.01447035805806161	0.36347715450632867	0.007902600228088998
0.015231946078900232	0.5032267678693993	0.007894792461428053
0.01599353259640605	0.5198707652099466	0.008579369596374103
0.016755117535413484	0.3285869922078649	0.008129069299795141
0.017516700820757115	0.132364660259841	0.0054929378309433174
0.018278282377271683	0.04649719409293718	0.002707311067494436
0.019039862129792105	0.028346887019933348	0.0014227016173920728
0.019801440003153474	0.0422624781442211	0.0012668416400546552
0.02056301592219106	0.06720640826057893	0.0014628497216466532
0.02132458981174034	0.0688337672305973	0.0015706697668980171
0.022086161596636983	0.043249808799721484	0.00144599731390644
0.02284773120171687	0.020495649959667663	0.001006577790191825
0.023609298551816087	0.01321426076003478	0.0006847281100189343
0.024370863571770957	0.017573872233243717	0.0006825867545191741
0.02513242618641802	0.034961098399271744	0.0008789012467823285
0.025893986320594062	0.06341756144148862	0.0011359014453473093
0.026655543899136113	0.07788114168911779	0.0013381305618409775
0.027417098846881455	0.0594771730610797	0.0013235841364879638
0.028178651088667628	0.029898260136125256	0.0010020358461238171
0.028940200549332426	0.012595052660010427	0.0005933190593349957
0.02970174715371395	0.006315650027059648	0.0003527415867362083
0.030463290826650537	0.004035468461216658	0.0002483771642916084
0.031224831492980876	0.0028566131878086294	0.00019842583241467908
0.03198636907754389	0.0026463762531097226	0.00018411757833241746
0.03274790350517884	0.0024619497469609655	0.0001734990045953399
0.03350943470072528	0.0020045217951675837	0.00015474716492891498
0.034270962589023124	0.001773721531335829	0.00014490949580640023
0.03503248709491255	0.0019585689812933963	0.0001487674262479687
0.03579400814323413	0.0031259366039122086	0.00017933224763579125
0.03655552565882872	0.0060776110545055296	0.00023790653539998758
0.03731703956653758	0.010917000092493315	0.0003073475751748752
0.03807854979120229	0.01440969016194115	0.00035953959641953916
0.0388400562576648	0.013297464078436749	0.00036230724473899743
0.03960155889076744	0.008961035756436763	0.00030065999116894417
0.04036305761535292	0.004988301083238915	0.00021463661035495268
0.04112455235626432	0.002766853496104138	0.0001486665868539848
0.04188604303834512	0.001665064074246129	0.00011115363857180206
0.04264752958643921	0.001196357159752314	9.286152322635655e-05
0.04340901192539087	0.0011551207554452018	8.82605827017255e-05
0.04417048998004482	0.00126476385047018	8.879542371405032e-05
0.04493196367524619	0.001236514943689696	8.5804301500046e-05
0.04569343293584052	0.0011617722409551176	8.154361742632612e-05
0.04645489768667383	0.0011691545392114588	7.993196352996463e-05
0.047216357852592546	0.0012704594995556334	8.080600055908159e-05
0.04797781335844356	0.0015390041470468253	8.784216250015093e-05
0.04873926412907425	0.0021223316856396066	9.972852752219874e-05
0.04950071008933241	0.002818277059941268	0.00011157057187905075
0.050262151164066356	0.0030782437020105045	0.00011683993641708765
0.05102358727812485	0.0026683978117923307	0.00010961540634867685
0.05178501835635717	0.001924593205947655	9.04144279612182e-05
0.05254644432361309	0.0012812477402370775	7.164833045165335e-05
0.05330786510474286	0.0009615409038914597	6.061210312864883e-05
0.05406928062459729	0.00098043391379156	5.940733673549625e-05
0.05483069080802765	0.001257136270437261	6.566307303845226e-05
0.05559209557988579	0.001630988088955738	7.341906309797428e-05
0.05635349486502406	0.0017748344003713655	7.57577039911063e-05
0.05711488858829535	0.0016254217070539015	7.166342548382677e-05
0.057876276674553154	0.0013688522756807372	6.413415063697575e-05
0.05863765904865145	0.0011020713149470947	5.603080631460286e-05
0.05939903563544481	0.000828417451784404	4.8016544297417924e-05
0.06016040635978837	0.0006694475017554405	4.242053311285556e-05
0.06092177114653788	0.0006351264504514835	3.952895235951737e-05
0.06168312992054964	0.0005971533783134614	3.7518371022832326e-05
0.06244448260668054	0.0005801626535504915	3.6217591198099525e-05
0.06320582912978807	0.0005048324866428784	3.285787885078175e-05
0.06396716941473038	0.00039342765190756706	2.8614277937153037e-05
0.06472850338636617	0.0003816337782362804	2.8085084562473942e-05
0.06548983096955478	0.0004922146889682756	3.120243377581366e-05
0.0662511520891562	0.0006879416696405678	3.541974400527593e-05
0.06701246667003107	0.0008703693692733031	3.9106357708266824e-05
0.06777377463704064	0.000914993208572131	3.9819272267792424e-05
0.0685350759150468	0.0008183614973126538	3.6622554743498604e-05
0.06929637042891215	0.0006841703018726531	3.2635802473301156e-05
0.07005765810349994	0.0005469653393997992	2.889167390649753e-05
0.07081893886367407	0.0004081913042530254	2.4511768715122145e-05
0.07158021263429917	0.00033529001183966436	2.158163691526202e-05
0.07234147934024049	0.00034430088796604034	2.1283320890292856e-05
0.07310273890636404	0.0003348369648052729	2.076842225089679e-05
0.07386399125753652	0.0003049304825696441	1.9490794807980266e-05
0.07462523631862535	0.00027362200328147595	1.8003945377866983e-05
0.0753864740144986	0.0002210027116559464	1.5871950747724815e-05
0.07614770427002518	0.00017772013028907887	1.4101916050093739e-05
0.07690892701007462	0.0001689904807629319	1.3487417109997313e-05
0.0776701421595173	0.0001668175003016115	1.306595790240686e-05
0.07843134964322425	0.00014130532704831255	1.1925074982038272e-05
0.07919254938606736	0.0001153884890724886	1.0804706893550175e-05
0.07995374131291917	0.00010102047850423377	9.870387056705848e-06
0.08071492534865309	8.991886303856972e-05	9.133368574771395e-06
0.08147610141814324	8.09458067939189e-05	8.636512750739036e-06
0.08223726944626457	7.012453248744702e-05	7.918633256952235e-06
0.0829984293578928	5.726369487801233e-05	7.0283207421378065e-06
0.08375958107790445	5.379908813128415e-05	6.7544560918761806e-06
0.08452072453117689	4.979297585325385e-05	6.439102105115245e-06
0.08528185964258823	3.576191961903443e-05	5.448050907027168e-06
0.08604298633701747	2.5697917019678452e-05	4.647725468117136e-06
0.08680410453934441	2.2501049116996572e-05	4.3025932449877486e-06
0.08756521417444975	1.6795822822960186e-05	3.6549856043821063e-06
0.08832631516721486	1.2569210632474119e-05	3.0364086664658018e-06
0.08908740744252218	1.3822023525935337e-05	3.0694833133667665e-06
0.08984849092525489	1.3285598364181168e-05	3.0140193855586663e-06
0.09060956554029706	8.6012610408551e-06	2.4014216729311334e-06
0.09137063121253362	8.06276506899909e-06	2.2206428265284373e-06
0.09213168786685041	1.1758839153983517e-05	2.623639834122984e-06
0.09289273542813418	1.5481616976426783e-05	2.9874754962210026e-06
0.0936537738212725	1.3626091926271455e-05	2.80528255443737e-06
0.09441480297115393	8.49413286473554e-06	2.1533034592096467e-06
0.09517582280266788	9.218451140558198e-06	2.0787536343413908e-06
0.09593683324070472	1.1427983864488148e-05	2.2865984416635644e-06
0.09669783421015571	9.673424232191768e-06	2.1310002048952887e-06
0.09745882563591307	5.351037632671441e-06	1.617889192221448e-06
0.09821980744286998	5.04555865758245e-06	1.4812198473402148e-06
0.09898077955592054	7.213158848207253e-06	1.7401335163315e-06
0.09974174189995977	9.322667699900698e-06	1.981499237505845e-06
0.10050269439988377	8.838404388508156e-06	1.938208977862762e-06
0.10126363698058949	7.101703518051749e-06	1.6875448735001437e-06
0.10202456956697491	1.0675218841383229e-05	1.9662272132555395e-06
0.102785492083939	1.349793058106415e-05	2.2048991244771104e-06
0.10354640445638173	1.1834851133937935e-05	2.0752730912688662e-06
0.10430730660920408	6.978981927183893e-06	1.6214651862961183e-06
0.10506819846730797	4.324501261979408e-06	1.2826171350699908e-06
0.10582907995559639	6.718848644638864e-06	1.540752334579945e-06
0.10658995099897337	8.466473493829438e-06	1.7070959443466426e-06
0.10735081152234396	6.15712091636738e-06	1.4783416928635771e-06
0.1081116614506142	4.854619725651958e-06	1.267820234075239e-06
0.10887250070869124	6.367280166870523e-06	1.4082930498380648e-06
0.10963332922148326	7.824205254080246e-06	1.56139617595041e-06
0.11039414691389944	6.5559070158866325e-06	1.4226218571351258e-06
0.11115495371085017	4.039886017318941e-06	1.1469885044888039e-06
0.11191574953724674	4.633620080516344e-06	1.2124938715410829e-06
0.11267653431800172	7.129061904055709e-06	1.479884725038038e-06
0.11343730797802859	7.199890189282551e-06	1.482044144928307e-06
0.11419807044224196	4.599028803152337e-06	1.2022206983969328e-06
0.11495882163555769	4.080397046081462e-06	1.1049437994494538e-06
0.11571956148289257	5.506053634541069e-06	1.2523015988035814e-06
0.1164802899091646	5.821358309051652e-06	1.2934594743825569e-06
0.11724100683929292	3.5077360306762693e-06	1.027345035441951e-06
0.11800171219819777	2.1995725368020402e-06	8.25823515862893e-07
0.11876240591080055	2.6884697020128022e-06	9.284891512069606e-07
0.11952308790202376	3.0664890364685945e-06	1.011523867394249e-06
0.12028375809679111	2.8353801361589613e-06	9.711588359429132e-07
0.1210444164200275	1.913546415937154e-06	8.242668786052322e-07
0.12180506279665891	2.668403502291905e-06	8.767620595329385e-07
0.12256569715161263	4.334759700722866e-06	1.0761107043394493e-06
0.12332631940981698	4.1550988286263044e-06	1.0560473563396051e-06
0.12408692949620158	2.1594064271799544e-06	8.124044076734377e-07
0.12484752733569723	1.6857422452767524e-06	7.324650787567399e-07
0.12560811285323595	2.678470021333432e-06	8.356823267145474e-07
0.12636868597375087	3.4607279135086425e-06	9.399238955799418e-07
0.12712924662217656	3.299014641350571e-06	9.29520101270079e-07
0.1278897947234486	1.8299671020580122e-06	6.959905197919583e-07
0.12865033020250397	4.1903332969248164e-07	3.5371415144951417e-07
0.14613898986297502	2.426930873233944e-07	2.6560397076552535e-07
0.14689919989325273	4.6304693618970024e-07	3.2164886329469195e-07
0.14765939542516063	7.545391321594566e-07	4.038569257180816e-07
0.14841957638367048	6.942631691480139e-07	3.8639692642546945e-07
0.14917974269375542	2.2535788685743868e-07	2.2414408285102785e-07
0.16741914456447018	2.343696394622221e-07	2.1513365989644163e-07
0.16817892028456366	3.949529617137461e-07	2.792739174767286e-07
0.16893867940606316	1.6058332224715623e-07	1.7807703209987042e-07
