#Initialized App on 2018-12-28 20:01:32.658660
#Set wavelength to 5.1836 A
#Load data from ../boxed_data/ES_S13_30K_2mT_ZFC_Remanence_refl_uu.xy
#Select data from 0.0038
#Select data above noise threshold of 0.0.
#Applying footprint correction for a equidistributed beam using a sample size of 15 and a beam size of 1.
#Rescaling data by setting mean value between 0.0066 .. 0.0092 (Imean = 2.6511727055204624) to 1.
#Load data from ../boxed_data/ES_S13_30K_2mT_ZFC_Remanence_refl_dd.xy
#Select data from 0.0038
#Select data above noise threshold of 0.0.
#Applying footprint correction for a equidistributed beam using a sample size of 15 and a beam size of 1.
#Rescaling data by renormalization factor 2.6511727055204624.
#[[Data]]
#q / A-1	I / a.u.	sI / a.u.
0.0038080100094056712	0.1625180306398539	0.010671949297544099
0.004569611184448563	0.43475488335743817	0.012334619322075472
0.0053312119084889115	0.7960926964042874	0.015132088188510329
0.006092812106359739	1.0112104268992348	0.01685034704786512
0.006854411702894121	1.050642170305233	0.01784645642616752
0.007616010622925187	1.0170651408390503	0.01750048071303181
0.00837760879128614	0.9805808721676658	0.01733053797306309
0.009139206132810255	0.9377643342587306	0.01691367913717338
0.009900802572330888	0.9337375893772725	0.016322073833009154
0.010662398034681482	0.9925025189542218	0.01647086511820703
0.011423992444695578	1.0197403846553075	0.016518350858411582
0.012185585727206821	0.898122952679633	0.016033146741782064
0.012947177807048968	0.6404202319907029	0.014071833608064573
0.013708768609055899	0.43413568708176115	0.010872087472296567
0.01447035805806161	0.42766019026705593	0.008788073787998864
0.015231946078900232	0.5731918542466665	0.008464086425004576
0.01599353259640605	0.623006761378978	0.008860262853154987
0.016755117535413484	0.4372536425735778	0.008484321688894177
0.017516700820757115	0.19607775573342653	0.0060282404319602165
0.018278282377271683	0.0691672789999254	0.0032129418878405103
0.019039862129792105	0.03606821249383891	0.0017336779733573974
0.019801440003153474	0.043715869505564525	0.0014090497089638654
0.02056301592219106	0.06747986322417675	0.0015279486097816138
0.02132458981174034	0.07489409046086676	0.0015790394596674013
0.022086161596636983	0.051910999591608636	0.001395413593889586
0.02284773120171687	0.025213957605726523	0.001026697386135106
0.023609298551816087	0.01583225325201718	0.0007509988404137372
0.024370863571770957	0.020979403984141658	0.000797108557484878
0.02513242618641802	0.042821088901095795	0.0010185518369224295
0.025893986320594062	0.07979089337091275	0.0012933740323561966
0.026655543899136113	0.10049982252232563	0.0014747536045906652
0.027417098846881455	0.07911794205534058	0.0014295971668227263
0.028178651088667628	0.04041712694750014	0.0011035668132915054
0.028940200549332426	0.01693461560074003	0.0006576400625759609
0.02970174715371395	0.008221980152320703	0.00040128400247323664
0.030463290826650537	0.0045219000052605825	0.0002792665691904849
0.031224831492980876	0.003134509110315481	0.00021298044444359327
0.03198636907754389	0.0028868590900051018	0.0001922645327262196
0.03274790350517884	0.0024473306900024447	0.0001712655006629591
0.03350943470072528	0.0020824463348931817	0.00015546223059517448
0.034270962589023124	0.0020285302912571982	0.00015273069095267722
0.03503248709491255	0.0023424964736787185	0.0001642120713056478
0.03579400814323413	0.0038633370449948005	0.00020315211747109224
0.03655552565882872	0.007537066987045381	0.00027270563720015255
0.03731703956653758	0.013745156549604532	0.0003570812170290475
0.03807854979120229	0.018339335615340763	0.00040747807118684154
0.0388400562576648	0.017001547295194354	0.0004023163245387754
0.03960155889076744	0.011446113345916374	0.00033674815068472283
0.04036305761535292	0.006082392239496125	0.0002435419695068407
0.04112455235626432	0.0031399870974482746	0.00016946065240212293
0.04188604303834512	0.001991493220496999	0.000125127753235928
0.04264752958643921	0.0017400380438678316	0.00010935606009226996
0.04340901192539087	0.0017803405377123255	0.00010602052529130659
0.04417048998004482	0.0017110554439898533	0.00010292196626737235
0.04493196367524619	0.0015344318947301096	9.711676888147366e-05
0.04569343293584052	0.0013784645409719361	9.068512489680315e-05
0.04645489768667383	0.0013400801072318042	8.77177229805313e-05
0.047216357852592546	0.0014583015521077785	8.989520107694312e-05
0.04797781335844356	0.0018727917686106451	0.0001011789045233966
0.04873926412907425	0.002711179276063704	0.00011647670794789158
0.04950071008933241	0.003785880591008204	0.00013305810648833757
0.050262151164066356	0.0041195258971865245	0.0001358741456146004
0.05102358727812485	0.0033483646695093806	0.00012091337142288398
0.05178501835635717	0.002308730586554962	9.99125841074115e-05
0.05254644432361309	0.0015108053149888953	7.998718435475987e-05
0.05330786510474286	0.0011221290023030672	6.848834512181936e-05
0.05406928062459729	0.0011633938749012983	6.756244999225501e-05
0.05483069080802765	0.001583965568421865	7.563192267481942e-05
0.05559209557988579	0.0021686906593040706	8.608996647553548e-05
0.05635349486502406	0.0023723319782954014	8.76260075033557e-05
0.05711488858829535	0.0021907041121926223	8.1949633286864e-05
0.057876276674553154	0.0018341648139468785	7.455697945528018e-05
0.05863765904865145	0.0014156538599664253	6.485707704185704e-05
0.05939903563544481	0.0011433010561034593	5.689880372977073e-05
0.06016040635978837	0.0009385785945616665	5.0317154433656347e-05
0.06092177114653788	0.0007810201442757112	4.4632543971462156e-05
0.06168312992054964	0.0007643182407508504	4.317215140326888e-05
0.06244448260668054	0.0007704716892223373	4.206292427405057e-05
0.06320582912978807	0.0006415916684961977	3.8170689684487006e-05
0.06396716941473038	0.0005110040278529599	3.381263520907874e-05
0.06472850338636617	0.0005050265077441685	3.284330618747946e-05
0.06548983096955478	0.0006631393825306583	3.693232445235774e-05
0.0662511520891562	0.0008940563365373539	4.215432092665472e-05
0.06701246667003107	0.0010735770873962914	4.4717814460612585e-05
0.06777377463704064	0.0011675082998587	4.53728307518727e-05
0.0685350759150468	0.0011120979667921436	4.3813600809190704e-05
0.06929637042891215	0.0009253701949731772	3.9314864319676394e-05
0.07005765810349994	0.0007018412502607925	3.3349240237318884e-05
0.07081893886367407	0.0005451930209015472	2.89107648599171e-05
0.07158021263429917	0.0004503518358943215	2.5890064902935027e-05
0.07234147934024049	0.00041041161440402235	2.4214967288759733e-05
0.07310273890636404	0.00040984990317164874	2.353120553142539e-05
0.07386399125753652	0.00038311073485816025	2.2376384827896485e-05
0.07462523631862535	0.00033497335189102995	2.0642852806149463e-05
0.0753864740144986	0.0002777123176054255	1.8339364657222202e-05
0.07614770427002518	0.00022939443410332117	1.6281650096750502e-05
0.07690892701007462	0.00021646415361019965	1.5382103437097157e-05
0.0776701421595173	0.00019477923289971832	1.4433909111274051e-05
0.07843134964322425	0.00015685391364967096	1.2888774914494312e-05
0.07919254938606736	0.00013364529468109013	1.1626744165619458e-05
0.07995374131291917	0.00011282714884659256	1.0553193925191805e-05
0.08071492534865309	9.466757829927031e-05	9.615505269056694e-06
0.08147610141814324	7.978407554773045e-05	8.751566391343507e-06
0.08223726944626457	6.861641117605763e-05	7.992312986964798e-06
0.0829984293578928	6.773304565260845e-05	7.784462829508489e-06
0.08375958107790445	7.044439695230432e-05	7.90850218937642e-06
0.08452072453117689	5.6570364960083675e-05	7.036537143138449e-06
0.08528185964258823	3.408544971812271e-05	5.342095023678705e-06
0.08604298633701747	2.5240050894897226e-05	4.516921742022702e-06
0.08680410453934441	2.177551201968712e-05	4.182895751496082e-06
0.08756521417444975	1.6791614390580626e-05	3.6358962576983868e-06
0.08832631516721486	1.3989732273267659e-05	3.2190867369122977e-06
0.08908740744252218	1.602763141928372e-05	3.3621969000010282e-06
0.08984849092525489	1.6870799640450205e-05	3.4195796299218234e-06
0.09060956554029706	1.0321802804387892e-05	2.702204578666292e-06
0.09137063121253362	7.855274554197087e-06	2.343810921027736e-06
0.09213168786685041	1.1372615796137575e-05	2.7024852359323197e-06
0.09289273542813418	1.331081085146634e-05	2.8247163078126394e-06
0.0936537738212725	1.07896573613767e-05	2.5428428600174235e-06
0.09441480297115393	9.337763367047924e-06	2.304214444948833e-06
0.09517582280266788	1.0333643243844017e-05	2.3138348419305714e-06
0.09593683324070472	1.1479109523307934e-05	2.3813196564778915e-06
0.09669783421015571	1.1715369371308361e-05	2.4067641109695097e-06
0.09745882563591307	7.852070953815674e-06	2.0672427196585155e-06
0.09821980744286998	7.3302149383539305e-06	1.8875195265661236e-06
0.09898077955592054	1.0018866640128523e-05	2.075350592272694e-06
0.09974174189995977	8.41674736893973e-06	1.9046132558140212e-06
0.10050269439988377	5.740220951342574e-06	1.6125060803395247e-06
0.10126363698058949	6.0575740605407125e-06	1.57733010518787e-06
0.10202456956697491	1.0799975724385619e-05	2.0382311156708032e-06
0.102785492083939	1.4747188253083354e-05	2.364184325744923e-06
0.10354640445638173	1.012133147155917e-05	1.9563295484563083e-06
0.10430730660920408	5.283961623358523e-06	1.4250520932590007e-06
0.10506819846730797	6.3106546588551205e-06	1.4952517822112116e-06
0.10582907995559639	8.111348211786427e-06	1.6738964850685487e-06
0.10658995099897337	8.5184150452501e-06	1.7031658727976667e-06
0.10735081152234396	4.899992348041778e-06	1.3994902627649713e-06
0.1081116614506142	3.091115409453357e-06	1.1657614424514474e-06
0.10887250070869124	5.11644361178481e-06	1.3054618280576383e-06
0.10963332922148326	5.856178584089956e-06	1.3923741131631352e-06
0.11039414691389944	4.713705827394587e-06	1.2886122583054448e-06
0.11115495371085017	3.786550670949047e-06	1.1444371316849203e-06
0.11191574953724674	5.189117905520204e-06	1.2496749540803498e-06
0.11267653431800172	7.759912205728107e-06	1.525986505663909e-06
0.11343730797802859	7.732509545919301e-06	1.5550282532933921e-06
0.11419807044224196	4.608337574278865e-06	1.2334550537780968e-06
0.11495882163555769	5.502799892518279e-06	1.293135910657834e-06
0.11571956148289257	6.5524205832722524e-06	1.38296543870797e-06
0.1164802899091646	4.987987477833262e-06	1.215994000376019e-06
0.11724100683929292	3.3718403988995213e-06	1.025145711205944e-06
0.11800171219819777	2.6594850802154697e-06	8.964605639412007e-07
0.11876240591080055	4.175488484916658e-06	1.1043646653877223e-06
0.11952308790202376	4.285350900272537e-06	1.11970293190596e-06
0.12028375809679111	3.2644952092721743e-06	9.826523581107789e-07
0.1210444164200275	2.1111159859914036e-06	8.650252717014944e-07
0.12180506279665891	2.2461984649740232e-06	8.689198996124392e-07
0.12256569715161263	3.5120026637494844e-06	9.9409084849842e-07
0.12332631940981698	3.88646600974107e-06	1.0437085544764598e-06
0.12408692949620158	3.537319144558238e-06	1.0392668350945605e-06
0.12484752733569723	2.8506635169799814e-06	9.598700469681763e-07
0.12560811285323595	2.5850513123053774e-06	8.681631974812237e-07
0.12636868597375087	2.906576125843857e-06	9.080842410126988e-07
0.12712924662217656	2.6105154806219844e-06	8.441707917074361e-07
0.1278897947234486	1.2883020829347019e-06	5.807031652084687e-07
0.12865033020250397	3.6706973179470886e-07	3.3822752204726596e-07
0.14613898986297502	5.159201512116119e-07	3.5824228218263214e-07
0.14689919989325273	1.2209263894476742e-06	5.256455133964081e-07
0.14765939542516063	1.228503713837718e-06	5.259150880850394e-07
0.14841957638367048	6.747223044540072e-07	3.8875400506151657e-07
0.14917974269375542	2.083989117944873e-07	2.1550171624771772e-07
0.14993989428038998	1.1085841816321218e-07	1.5677747846825547e-07
0.15070003106855032	3.541399803096986e-08	8.838707156816634e-08
0.16741914456447018	1.3824965479415948e-07	1.73681620029277e-07
0.16817892028456366	2.7614787351210395e-07	2.3832821398874867e-07
0.16893867940606316	1.6219465508690396e-07	1.8265134561183812e-07
