#Initialized App on 2018-12-28 20:01:32.667271
#Set wavelength to 5.1836 A
#Load data from ../boxed_data/ES_S13_30K_2mT_ZFC_refl_uu.xy
#Select data from 0.0038
#Select data above noise threshold of 0.0.
#Applying footprint correction for a equidistributed beam using a sample size of 15 and a beam size of 1.
#Rescaling data by setting mean value between 0.0066 .. 0.0092 (Imean = 2.6673099787113763) to 1.
#[[Data]]
#q / A-1	I / a.u.	sI / a.u.
0.0038080100094056712	0.5998398224878889	0.016744277007509377
0.004569611184448563	0.8898020798676525	0.01768525321935621
0.0053312119084889115	1.030836561762415	0.018472924965024506
0.006092812106359739	1.0503857836165347	0.018321631827959282
0.006854411702894121	1.0284952675742514	0.017427511526382788
0.007616010622925187	1.0109496115533192	0.01650486538241203
0.00837760879128614	0.9969354021887603	0.015879974257998784
0.009139206132810255	0.9636197186836689	0.015425896953474502
0.009900802572330888	0.9399943620045109	0.015065475943777298
0.010662398034681482	0.9794936062060495	0.014801898923033161
0.011423992444695578	1.0191232016017784	0.014425309256365431
0.012185585727206821	0.9465296667367357	0.013840592812529607
0.012947177807048968	0.729959484757012	0.012082405746577924
0.013708768609055899	0.5006552745633349	0.009740434737130658
0.01447035805806161	0.43185539623081376	0.008794027448719354
0.015231946078900232	0.5581188654907115	0.008712359827369183
0.01599353259640605	0.6643218309513492	0.008449749666876859
0.016755117535413484	0.5212548533076312	0.007962448637270098
0.017516700820757115	0.25884500896250795	0.006025469599906908
0.018278282377271683	0.09474949176234129	0.003427726727110771
0.019039862129792105	0.040259711912193144	0.0018741270992975124
0.019801440003153474	0.03813073659517928	0.0014064283260778524
0.02056301592219106	0.06102145424848965	0.0014606753631202167
0.02132458981174034	0.07604244611899319	0.0015451369326816109
0.022086161596636983	0.05872439054077553	0.0014156945801421439
0.02284773120171687	0.03131316078709305	0.001066742205841746
0.023609298551816087	0.01777785911111097	0.0007791408275167787
0.024370863571770957	0.01960429669697595	0.000809142132534006
0.02513242618641802	0.04034797766179445	0.001062658477544704
0.025893986320594062	0.08102447656528515	0.0013339766503436994
0.026655543899136113	0.11027319365084773	0.0015024929962824344
0.027417098846881455	0.0929214867384962	0.0014530942945127994
0.028178651088667628	0.05027821483863074	0.001111523138983648
0.028940200549332426	0.021508226607827183	0.0006911706147372635
0.02970174715371395	0.009791505757190637	0.0004200499594215702
0.030463290826650537	0.005117215630458053	0.0002757403905041698
0.031224831492980876	0.003336230658798411	0.00021069774202510594
0.03198636907754389	0.0027390880661151305	0.00018486040667162602
0.03274790350517884	0.0023855292105900328	0.00016832650060542381
0.03350943470072528	0.0021386368709561355	0.00015722283497276643
0.034270962589023124	0.0020707055002670144	0.0001585569883888252
0.03503248709491255	0.002702824166811197	0.00017997821090597247
0.03579400814323413	0.004692379681703167	0.00022534288293904868
0.03655552565882872	0.00871502595142226	0.00029675012844935345
0.03731703956653758	0.014636178002748737	0.0003708355409996344
0.03807854979120229	0.01907806462189975	0.00040919957946004257
0.0388400562576648	0.01815391791228561	0.000388922734390342
0.03960155889076744	0.012799097736430606	0.00031940028950264924
0.04036305761535292	0.007082891588107617	0.00023699852723926793
0.04112455235626432	0.003640697834458319	0.00016874581570366952
0.04188604303834512	0.0022547797008452253	0.0001280165877440457
0.04264752958643921	0.0019115049246943804	0.00011439431237765917
0.04340901192539087	0.002029038286474352	0.00011471583858638717
0.04417048998004482	0.0021149934583013707	0.00011341078955623806
0.04493196367524619	0.0019552437893844356	0.00010696449500084516
0.04569343293584052	0.0017512300535662657	0.00010013122816133235
0.04645489768667383	0.0015995950968151747	9.479281259354787e-05
0.047216357852592546	0.0015933431805798127	9.458598648541235e-05
0.04797781335844356	0.0020477284932716574	0.00010645793745849168
0.04873926412907425	0.0029810221287593134	0.0001244774429994161
0.04950071008933241	0.00401142392914875	0.00013764763413063067
0.050262151164066356	0.004397836146198494	0.00013970808736918437
0.05102358727812485	0.0038405084058465567	0.0001274974580036331
0.05178501835635717	0.0027291365470930454	0.00010574135732282402
0.05254644432361309	0.0017308958964725246	8.396127593806034e-05
0.05330786510474286	0.0012483393608717643	7.11481411538171e-05
0.05406928062459729	0.0013802718176635044	7.372082372958987e-05
0.05483069080802765	0.001979448002296902	8.577604023961658e-05
0.05559209557988579	0.00259256100678686	9.59819991525473e-05
0.05635349486502406	0.0028378200945758597	9.714768894149212e-05
0.05711488858829535	0.002613301803390981	8.947932577369086e-05
0.057876276674553154	0.0020843857382214833	7.775384479224313e-05
0.05863765904865145	0.001548309277007605	6.63043163358036e-05
0.05939903563544481	0.0011984121409952446	5.717323724859915e-05
0.06016040635978837	0.0009943840517004823	5.0886552160706636e-05
0.06092177114653788	0.0009090853579460318	4.7534934998221536e-05
0.06168312992054964	0.0008743473659774776	4.523926934964754e-05
0.06244448260668054	0.0007900038541633189	4.218273643566038e-05
0.06320582912978807	0.0006990984496649787	3.9310063487720176e-05
0.06396716941473038	0.0006024431383732558	3.6324141080295226e-05
0.06472850338636617	0.0006067180003703526	3.582193510791264e-05
0.06548983096955478	0.0007690255424060943	3.951345688237894e-05
0.0662511520891562	0.0010138866461163589	4.424485266411057e-05
0.06701246667003107	0.001264679642124983	4.7632183297433046e-05
0.06777377463704064	0.0013619737572129254	4.783398012076974e-05
0.0685350759150468	0.0012101812698433968	4.452448181363053e-05
0.06929637042891215	0.0009637448097869063	3.939560323165345e-05
0.07005765810349994	0.00077365352658554	3.43996375312702e-05
0.07081893886367407	0.000582473697370564	2.919742826389525e-05
0.07158021263429917	0.0004587570890147261	2.5526066814174398e-05
0.07234147934024049	0.00045793990437561154	2.517092514700186e-05
0.07310273890636404	0.0004905914523138104	2.5422324876381993e-05
0.07386399125753652	0.00048481315126534493	2.478183439216278e-05
0.07462523631862535	0.0004190429092728964	2.2792519680715654e-05
0.0753864740144986	0.00032580534818816095	1.9818241277569907e-05
0.07614770427002518	0.0002680618120728008	1.7703107346689182e-05
0.07690892701007462	0.0002441097543556045	1.6451760031800264e-05
0.0776701421595173	0.0002013390171232849	1.4678113819116422e-05
0.07843134964322425	0.0001635716004555165	1.3081802103897168e-05
0.07919254938606736	0.00014079410338497736	1.198280959868335e-05
0.07995374131291917	0.00012072837568340019	1.0953685983310103e-05
0.08071492534865309	0.00010590201654528904	1.0091500131611944e-05
0.08147610141814324	8.673034441200051e-05	8.966280602958399e-06
0.08223726944626457	7.48003535462082e-05	8.209402150233135e-06
0.0829984293578928	6.712480868315342e-05	7.721298747405665e-06
0.08375958107790445	5.842308690819623e-05	7.2305525067371645e-06
0.08452072453117689	5.037893305550587e-05	6.6628739358112435e-06
0.08528185964258823	4.0532983873148396e-05	5.893717749631876e-06
0.08604298633701747	3.4408361528874695e-05	5.3445036873161285e-06
0.08680410453934441	2.4134521879266398e-05	4.487221906452818e-06
0.08756521417444975	1.3129316226243232e-05	3.277944145742422e-06
0.08832631516721486	1.3934410292375601e-05	3.0231593650007657e-06
0.08908740744252218	1.8682432991913606e-05	3.407630034751814e-06
0.08984849092525489	1.4996251391962709e-05	3.08182954707048e-06
0.09060956554029706	9.455353128586973e-06	2.482184171258849e-06
0.09137063121253362	1.0370829702328126e-05	2.517680408707769e-06
0.09213168786685041	1.5410491488168357e-05	3.0361614979412216e-06
0.09289273542813418	1.696754094274301e-05	3.1847939407876924e-06
0.0936537738212725	1.2636987318830725e-05	2.724245849570032e-06
0.09441480297115393	1.1277841564824339e-05	2.436543056014597e-06
0.09517582280266788	1.555139446911438e-05	2.7076692737305606e-06
0.09593683324070472	1.5367976851217656e-05	2.6770905977714266e-06
0.09669783421015571	8.975260985196378e-06	2.078332093242302e-06
0.09745882563591307	5.3414115623615785e-06	1.6662559431694235e-06
0.09821980744286998	8.200162095311926e-06	1.986385334872889e-06
0.09898077955592054	1.0174410520034797e-05	2.1702877000344154e-06
0.09974174189995977	7.201672257364964e-06	1.8512712833019694e-06
0.10050269439988377	4.190248067487751e-06	1.5328116222258859e-06
0.10126363698058949	5.605283152864413e-06	1.6163969884310893e-06
0.10202456956697491	9.647912580856348e-06	1.9706815735901084e-06
0.102785492083939	9.24242563035545e-06	1.9550540711564835e-06
0.10354640445638173	4.278059176348101e-06	1.3954312408012022e-06
0.10430730660920408	3.2454142147466002e-06	1.2658092522132479e-06
0.10506819846730797	7.173066865544646e-06	1.6950840552194918e-06
0.10582907995559639	9.840244300645786e-06	1.9404729239881665e-06
0.10658995099897337	9.054413876777978e-06	1.8463567240072448e-06
0.10735081152234396	4.945810960739028e-06	1.4031053302223023e-06
0.1081116614506142	4.282213740070757e-06	1.2580936422243317e-06
0.10887250070869124	6.937029718689625e-06	1.4957964588568293e-06
0.10963332922148326	7.362496833930088e-06	1.5559668321340315e-06
0.11039414691389944	5.162503461600675e-06	1.3247391219601577e-06
0.11115495371085017	4.440005511892944e-06	1.2101556324272028e-06
0.11191574953724674	6.47902102709959e-06	1.433181175908239e-06
0.11267653431800172	7.706508607266746e-06	1.5644205387011878e-06
0.11343730797802859	6.248169561393519e-06	1.4111070861017473e-06
0.11419807044224196	2.819326325933341e-06	1.008960148237521e-06
0.11495882163555769	3.766414748154326e-06	1.1215171158192752e-06
0.11571956148289257	6.60404086160304e-06	1.4011890574756586e-06
0.1164802899091646	5.6175577817105694e-06	1.3075470288804328e-06
0.11724100683929292	2.6606131254722023e-06	1.0065008135884316e-06
0.11800171219819777	2.7192321090003634e-06	1.0331459310497634e-06
0.11876240591080055	4.381221003231554e-06	1.1621762538631365e-06
0.11952308790202376	4.47894543674133e-06	1.1582946127532185e-06
0.12028375809679111	3.3014589413209604e-06	1.0009693950562981e-06
0.1210444164200275	1.3833369036646817e-06	7.495259934872731e-07
0.12180506279665891	2.5712556011180303e-06	9.363135126071631e-07
0.12256569715161263	5.0155724316651415e-06	1.2084327945474974e-06
0.12332631940981698	4.80797272734317e-06	1.1934660976960875e-06
0.12408692949620158	2.6367876273191116e-06	9.464329919130771e-07
0.12484752733569723	2.384623105998383e-06	8.713865066794463e-07
0.12560811285323595	3.733187343449781e-06	1.0158588188895815e-06
0.12636868597375087	3.6173527083872417e-06	1.0098928907939194e-06
0.12712924662217656	2.2720110651157913e-06	7.918344816208824e-07
0.1278897947234486	1.0819410252425956e-06	5.306005236929628e-07
0.12865033020250397	3.5890916329397216e-07	3.779678396317236e-07
0.14613898986297502	5.168019390383308e-07	3.417198178182698e-07
0.14689919989325273	9.775218614736864e-07	4.687536621742393e-07
0.14765939542516063	6.487462068005185e-07	3.808886419903746e-07
0.14841957638367048	3.0452790108296555e-07	2.6029096902366677e-07
0.14917974269375542	2.548150009267517e-07	2.3749185420868808e-07
0.14993989428038998	1.2473047572073383e-07	1.657367577720317e-07
0.16665935232076964	9.914883719667402e-08	1.424213580076787e-07
0.16741914456447018	3.779211328289386e-07	2.780557617528089e-07
0.16817892028456366	5.145903792243462e-07	3.2446073009612324e-07
0.16893867940606316	2.3581808359434392e-07	2.196442622692172e-07
