#Initialized App on 2018-12-28 20:01:32.667271
#Set wavelength to 5.1836 A
#Load data from ../boxed_data/ES_S13_30K_2mT_ZFC_refl_uu.xy
#Select data from 0.0038
#Select data above noise threshold of 0.0.
#Applying footprint correction for a equidistributed beam using a sample size of 15 and a beam size of 1.
#Rescaling data by setting mean value between 0.0066 .. 0.0092 (Imean = 2.6673099787113763) to 1.
#Load data from ../boxed_data/ES_S13_30K_2mT_ZFC_refl_dd.xy
#Select data from 0.0038
#Select data above noise threshold of 0.0.
#Applying footprint correction for a equidistributed beam using a sample size of 15 and a beam size of 1.
#Rescaling data by renormalization factor 2.6673099787113763.
#[[Data]]
#q / A-1	I / a.u.	sI / a.u.
0.0038080100094056712	0.6096853547422596	0.01682377821330814
0.004569611184448563	0.8706548776744132	0.01742357182685986
0.0053312119084889115	1.000991827995952	0.017955044169712678
0.006092812106359739	1.0319623633572448	0.017854474024299176
0.006854411702894121	1.0228695441617486	0.016995211263501127
0.007616010622925187	1.0172580934985347	0.0165636842614201
0.00837760879128614	1.0117133105881768	0.0162250046454998
0.009139206132810255	0.9615973792825016	0.015264454723412622
0.009900802572330888	0.9251235782372538	0.014870622024162332
0.010662398034681482	0.9687821920106594	0.015058549713870967
0.011423992444695578	1.0135837603248445	0.014811780939739894
0.012185585727206821	0.93138884857972	0.014048494441574275
0.012947177807048968	0.7013835941102514	0.01220557714236205
0.013708768609055899	0.4727998943947029	0.009828622645194641
0.01447035805806161	0.42027086664190205	0.008647896341863798
0.015231946078900232	0.5582815276876877	0.008418333302069123
0.01599353259640605	0.6494308061323859	0.00812615633599659
0.016755117535413484	0.4905232512347011	0.007428129091287075
0.017516700820757115	0.23547919668561673	0.00564281235348056
0.018278282377271683	0.08668098468919166	0.003206672584021005
0.019039862129792105	0.03886669682416609	0.0016939927710628404
0.019801440003153474	0.0393086791974223	0.001346749749887186
0.02056301592219106	0.06444918129681945	0.001478462217436088
0.02132458981174034	0.07712570743447195	0.0015466468671158043
0.022086161596636983	0.057243358641686774	0.0013471978964230513
0.02284773120171687	0.03024908145986963	0.0010149503225917456
0.023609298551816087	0.01740032519717765	0.0007675312340235736
0.024370863571770957	0.019495172690149457	0.0008023575607926448
0.02513242618641802	0.04012969810968125	0.001038790340332775
0.025893986320594062	0.08068197671132869	0.0012993942345524761
0.026655543899136113	0.10514870479115912	0.001426827799715627
0.027417098846881455	0.08445336202340607	0.0013378020718371013
0.028178651088667628	0.04547233968762535	0.0010472918450266835
0.028940200549332426	0.019631461476340265	0.0006805371916263633
0.02970174715371395	0.008886511076106518	0.0004119841483474918
0.030463290826650537	0.004895821761658321	0.00027919586625679675
0.031224831492980876	0.003253939376572891	0.0002149436776648276
0.03198636907754389	0.0027148691239173633	0.0001897757070146622
0.03274790350517884	0.0024794662801417428	0.00017211957465592997
0.03350943470072528	0.0021278017481144306	0.00015539906910200097
0.034270962589023124	0.0020006604542407557	0.00015708378936823178
0.03503248709491255	0.0025742269754321944	0.00017968122638176457
0.03579400814323413	0.004548530338904443	0.00022969655923772714
0.03655552565882872	0.008334132921697006	0.0002954880770993831
0.03731703956653758	0.013963628167535302	0.0003632042622336597
0.03807854979120229	0.01776630387725514	0.00040091754242858917
0.0388400562576648	0.01643851074127374	0.00037761379184486236
0.03960155889076744	0.011566104856400757	0.0003072388355175829
0.04036305761535292	0.0064210813583781045	0.0002303136463336155
0.04112455235626432	0.0034019551887083483	0.00016650969051285638
0.04188604303834512	0.0021034124769495916	0.00012561265799584186
0.04264752958643921	0.0016743778321105169	0.00010869824884263371
0.04340901192539087	0.0018663278886042643	0.00010983319967006135
0.04417048998004482	0.0019949893263965803	0.00010949474021904652
0.04493196367524619	0.0017776082194045294	0.00010279306946483497
0.04569343293584052	0.0015372113062423777	9.501992417841149e-05
0.04645489768667383	0.0014158593623805052	8.898592744708601e-05
0.047216357852592546	0.0015323789059278285	9.17216622961014e-05
0.04797781335844356	0.001969739714074431	0.00010118827236263338
0.04873926412907425	0.0027900560490234766	0.00011744809757440907
0.04950071008933241	0.003743208404135105	0.00013281535522435437
0.050262151164066356	0.004248138050289631	0.00013669566805670543
0.05102358727812485	0.003787814102224848	0.00012576789374485464
0.05178501835635717	0.0026356297222981605	0.00010346519199397954
0.05254644432361309	0.0016898390349303553	8.223448656193595e-05
0.05330786510474286	0.001225255664496473	6.960935475851615e-05
0.05406928062459729	0.0012633038724085856	7.056078075123205e-05
0.05483069080802765	0.0017770935664161956	8.114859019831839e-05
0.05559209557988579	0.002424441078840303	9.01880086887761e-05
0.05635349486502406	0.002692852784084661	9.214485560482895e-05
0.05711488858829535	0.0024012860800452615	8.57954248602754e-05
0.057876276674553154	0.0019131621133053713	7.500408045334184e-05
0.05863765904865145	0.0015048184808174616	6.55827326662847e-05
0.05939903563544481	0.0011727225283192323	5.665006808123769e-05
0.06016040635978837	0.0009650444593982235	5.043077545920002e-05
0.06092177114653788	0.0008548536580303576	4.656852960772376e-05
0.06168312992054964	0.000798842081582849	4.340287984648685e-05
0.06244448260668054	0.0007243938144094774	4.041433796106765e-05
0.06320582912978807	0.0006286570855702885	3.724785176443036e-05
0.06396716941473038	0.0005396555030786821	3.451298388832892e-05
0.06472850338636617	0.0005220873858280901	3.378123842951304e-05
0.06548983096955478	0.0006658384989955787	3.696909325339441e-05
0.0662511520891562	0.0009390940540492967	4.225206039785799e-05
0.06701246667003107	0.001190642710351099	4.596880255652755e-05
0.06777377463704064	0.001230799154898323	4.586754353858839e-05
0.0685350759150468	0.0011217983241502705	4.266941221005045e-05
0.06929637042891215	0.0009416122108083589	3.815550210482127e-05
0.07005765810349994	0.0007173781648274856	3.3102814848318244e-05
0.07081893886367407	0.0005396956091275625	2.8685254051114585e-05
0.07158021263429917	0.00045387100602714266	2.5769105960221652e-05
0.07234147934024049	0.0004353934556667772	2.43360592608628e-05
0.07310273890636404	0.00043232871451702015	2.3695891036239075e-05
0.07386399125753652	0.0004182827200605461	2.2890742934351235e-05
0.07462523631862535	0.0003613163263070736	2.095168186991593e-05
0.0753864740144986	0.00028949508341208206	1.8530091120780233e-05
0.07614770427002518	0.0002441667700007776	1.6693517302993296e-05
0.07690892701007462	0.00022013646179009657	1.5599985548147016e-05
0.0776701421595173	0.0001857357776526081	1.4169791653076537e-05
0.07843134964322425	0.000161420612931158	1.2939427709665519e-05
0.07919254938606736	0.00014418412941967536	1.196568849719952e-05
0.07995374131291917	0.00011536658000051374	1.0719500128723093e-05
0.08071492534865309	0.00010440481581273883	1.01315730150657e-05
0.08147610141814324	9.647269127867289e-05	9.502653445839913e-06
0.08223726944626457	8.018758201774214e-05	8.527589280354252e-06
0.0829984293578928	7.853689368043293e-05	8.412189125257637e-06
0.08375958107790445	7.415009654019575e-05	8.110622170786901e-06
0.08452072453117689	5.1966881362529824e-05	6.705116091050558e-06
0.08528185964258823	3.5012620536600175e-05	5.5132139641546075e-06
0.08604298633701747	3.0671539954009854e-05	5.0273394453123925e-06
0.08680410453934441	2.313875979150871e-05	4.282809695672625e-06
0.08756521417444975	1.401379640708542e-05	3.2488084507396386e-06
0.08832631516721486	1.3902024375929047e-05	3.1295134918753054e-06
0.08908740744252218	1.4859637968369985e-05	3.1611708940237563e-06
0.08984849092525489	1.2152543759340616e-05	2.8312228742027673e-06
0.09060956554029706	8.261580723514802e-06	2.54657518965106e-06
0.09137063121253362	1.1340541039543502e-05	2.7338470626181242e-06
0.09213168786685041	1.5733658058664597e-05	3.0704270258008476e-06
0.09289273542813418	1.5397299599379944e-05	3.0822306470728633e-06
0.0936537738212725	1.0309313343274776e-05	2.5532504289800353e-06
0.09441480297115393	7.721644881957723e-06	2.087033868003827e-06
0.09517582280266788	1.1552994097997382e-05	2.350927766553206e-06
0.09593683324070472	1.2941057740536302e-05	2.4824733281103923e-06
0.09669783421015571	8.899211902994362e-06	2.0794968876254957e-06
0.09745882563591307	5.598665461318514e-06	1.68127811112724e-06
0.09821980744286998	8.751943353224387e-06	2.0187685935747567e-06
0.09898077955592054	1.200916605698386e-05	2.3094885797521227e-06
0.09974174189995977	8.972407032626713e-06	2.0313634046784996e-06
0.10050269439988377	4.33743578969315e-06	1.558188287427505e-06
0.10126363698058949	5.676932765147319e-06	1.6142407240238917e-06
0.10202456956697491	1.2751960967546992e-05	2.1960606322108485e-06
0.102785492083939	1.3611702846149693e-05	2.259449147603596e-06
0.10354640445638173	6.215642258225396e-06	1.6175891713479046e-06
0.10430730660920408	2.919179140278952e-06	1.305513084378502e-06
0.10506819846730797	6.40247361229039e-06	1.6682197792510502e-06
0.10582907995559639	9.799717747681898e-06	1.953896304093346e-06
0.10658995099897337	8.525385011587514e-06	1.7900235633628599e-06
0.10735081152234396	4.479361135014809e-06	1.3259857538535358e-06
0.1081116614506142	5.034588871577459e-06	1.3074641431067709e-06
0.10887250070869124	8.347808093307523e-06	1.6355122716208182e-06
0.10963332922148326	7.91098783870538e-06	1.617686378345841e-06
0.11039414691389944	4.520876192931641e-06	1.2997372320828313e-06
0.11115495371085017	4.443757496242378e-06	1.2427255363190287e-06
0.11191574953724674	8.06849961061013e-06	1.5468809915554172e-06
0.11267653431800172	8.836250678650379e-06	1.6180547686053027e-06
0.11343730797802859	5.752278163392858e-06	1.3707295807865252e-06
0.11419807044224196	2.7427863087134407e-06	1.0602318232366307e-06
0.11495882163555769	4.067122452624151e-06	1.1512056163834746e-06
0.11571956148289257	7.088016129745612e-06	1.445490298206741e-06
0.1164802899091646	6.440474745560095e-06	1.3855227119072979e-06
0.11724100683929292	3.5117390123717207e-06	1.0232638751070602e-06
0.11800171219819777	3.229609978441677e-06	9.625180970204057e-07
0.11876240591080055	5.159926636001212e-06	1.2167454338773208e-06
0.11952308790202376	5.919755508821734e-06	1.3080909640564711e-06
0.12028375809679111	4.3321540100466084e-06	1.1285951365969147e-06
0.1210444164200275	2.3720800464623016e-06	8.846749227482894e-07
0.12180506279665891	3.307930611605628e-06	9.868350443018164e-07
0.12256569715161263	4.523322515296339e-06	1.1046828318070262e-06
0.12332631940981698	3.903085632359777e-06	1.0318082372820702e-06
0.12408692949620158	2.6365687494018794e-06	8.459002274847975e-07
0.12484752733569723	2.17594676376031e-06	7.576282459005916e-07
0.12560811285323595	3.1311124719012723e-06	9.139870412787579e-07
0.12636868597375087	2.8449054487666876e-06	8.732826887229635e-07
0.12712924662217656	1.300535013580193e-06	5.848604941454549e-07
0.1278897947234486	7.891964569821719e-07	4.508017281182268e-07
0.12865033020250397	5.072582163342092e-07	3.6034628283424236e-07
0.14613898986297502	1.5130476385447054e-07	2.300906460559699e-07
0.14689919989325273	3.635896330400294e-07	2.8549732781954943e-07
0.14765939542516063	5.871429923965427e-07	3.6186569601316766e-07
0.14841957638367048	5.759260272926183e-07	3.574734370261158e-07
0.14917974269375542	1.9179763572677513e-07	2.0576557341869487e-07
0.14993989428038998	1.4579022988100946e-08	5.658634293469212e-08
0.16741914456447018	9.151865086333373e-08	1.778295381818712e-07
0.16817892028456366	3.053378716200924e-07	2.4956028595816583e-07
0.16893867940606316	1.6318755344417096e-07	1.8235105116855404e-07
