#File generated by ModelExp v0.5.1
#Read datafile: ../../experimental_data/DD67.xye
#Started Fit at 2018-12-04 17:15:09.734625
#Finished Fit at 2018-12-04 17:15:09.774598
#[[Fit Statistics]]
#    # fitting method   = leastsq
#    # function evals   = 9
#    # data points      = 134
#    # variables        = 3
#    chi-square         = 5435.37095
#    reduced chi-square = 41.4913813
#    Akaike info crit   = 502.180995
#    Bayesian info crit = 510.874515
#[[Variables]]
#    r:           62.6797060 +/- 0.05643619 (0.09%) (init = 62.64)
#    sldCore:     4.1749e-05 (fixed)
#    sldSolvent:  6.461e-06 (fixed)
#    sigR:        0.09137871 +/- 9.2068e-04 (1.01%) (init = 0.09125)
#    i0:          0.02711204 +/- 9.7484e-05 (0.36%) (init = 0.0271)
#    bg:          0 (fixed)
#[[Correlations]] (unreported correlations are < 0.100)
#    C(r, sigR) = -0.354
#Fit range: 0.05 .. 0.4

#[[Data]] 0
#q / A-1	I / cm-1	sI / cm-1	Imodel / cm-1
0.01453508371212135	34.174	0.027391194786989297	34.57119634905874
0.017132303818981284	32.027164	0.017660766594338486	32.08720508392048
0.019729523925841215	29.108452	0.0156559072203629	29.39503051383969
0.022326744032701146	26.153566	0.013947119139242951	26.56797802194457
0.024923964139561078	23.278095	0.012457793120880264	23.679089184172685
0.027521184246421006	20.433636	0.011099401788816559	20.798282888703092
0.030118404353280937	17.719074	0.00988404729802409	17.989801440438317
0.03271562446014087	15.140042	0.008776251486607675	15.310080346639577
0.0353128445670008	12.705283	0.007740317967548954	12.806129322355668
0.03791006467386074	10.495392	0.006797826989417329	10.51447688629239
0.040507284780720666	8.489903	0.005926838693372752	8.46069437721522
0.0431045048875806	6.6856685	0.005107779895377419	6.65947991396958
0.04570172499444053	5.1506433	0.004369285152257695	5.1152511204415365
0.048298945101300464	3.838947	0.0036892693817793167	3.8231693045881947
0.0508961652081604	2.7768884	0.0030767987952312094	2.770498645047301
0.05349338531502033	1.9430203	0.002538109010573575	1.9381926114710346
0.05609060542188026	1.3037164	0.00206531541569569	1.3025964996324841
0.05868782552874019	0.8388181	0.0016649504648621625	0.8371591676247911
0.061285045635600124	0.51728946	0.001335975368877466	0.5140578568675844
0.06388226574246006	0.3102812	0.0010818142524507458	0.3056560036951952
0.06647948584931998	0.19018719	0.0009052239667976042	0.1857335591633202
0.06907670595617992	0.13335457	0.0008041822095699008	0.13045078640583083
0.07167392606303984	0.12035726	0.0007675728300200816	0.11902808007045357
0.07427114616989978	0.136792	0.0007703298213412788	0.13414450097812639
0.0768683662767597	0.16439493	0.0007889485992877297	0.16207516374725728
0.07946558638361965	0.19762902	0.000814557991155564	0.19260142427111845
0.08206280649047958	0.221715	0.0008312010484335112	0.21873743933279083
0.08466002659733951	0.24129842	0.0008347926347710037	0.23632194835872714
0.08725724670419943	0.24766245	0.0008298441237042297	0.24352524674472395
0.08985446681105938	0.24229646	0.0008337392064227836	0.24031876686099696
0.0924516869179193	0.23106451	0.0008189312784435385	0.2279491629369992
0.09504890702477925	0.21072166	0.0007946879180033235	0.20845115131185668
0.09764612713163917	0.18637398	0.000759525142698083	0.18422447929159952
0.1002433472384991	0.15842165	0.0007252492235815349	0.15769114546203278
0.10284056734535903	0.12987337	0.0007059156284310996	0.1310401366935179
0.10543778745221898	0.10486888	0.0006616884864542128	0.10605910125009058
0.1080350075590789	0.08042233	0.0006069105597850003	0.0840459862568647
0.11063222766593883	0.060886636	0.0005655945074573634	0.06578898718133591
0.11322944777279875	0.04486745	0.0005342104988350859	0.05160026269545323
0.1158266678796587	0.034297116	0.0005050955937100773	0.04138767735145067
0.11842388798651862	0.025781041	0.00048291342048821517	0.03474913730709346
0.12102110809337857	0.0205595	0.00046976982784879075	0.031075582808192535
0.12361832820023849	0.019151507	0.00045526123593567854	0.029651048788603626
0.12621554830709844	0.01907198	0.0004359862598944949	0.029741044810610906
0.12881276841395836	0.019605534	0.0004242423233328388	0.030663502927847
0.13140998852081828	0.020016123	0.00042123622271656146	0.03183940981972366
0.1340072086276782	0.022330206	0.000415277102324231	0.032822755119005606
0.13660442873453815	0.023935406	0.00040870518739678893	0.03331144131335634
0.13920164884139807	0.025053706	0.0004027896023076038	0.03314223491945076
0.14179886894825802	0.025330544	0.0003969078953058868	0.03227368321515826
0.14439608905511794	0.02534136	0.00039147162847523383	0.03076122014341975
0.1469933091619779	0.02504903	0.000383974532024079	0.028728524217500096
0.1495905292688378	0.023914402	0.0003742442649285161	0.02633868066240297
0.15218774937569776	0.021822864	0.0003667218790621806	0.023767960084758778
0.15478496948255768	0.019810067	0.0003563290552516515	0.021184174156125498
0.15738218958941763	0.01831912	0.0003499924726686596	0.018730709240138033
0.15997940969627755	0.015796537	0.00034339368395638794	0.016516555200012176
0.16257662980313747	0.013815369	0.00033710504688276805	0.0146119980608078
0.1651738499099974	0.012677962	0.00032982948213909857	0.013049165940289856
0.16777107001685734	0.010721356	0.0003238645925538478	0.011826318559152844
0.17036829012371726	0.00921317	0.00031793057492415284	0.010914642915878478
0.1729655102305772	0.008484112	0.0003117949990404187	0.010266337792376401
0.17556273033743713	0.0073588453	0.00030765585061449794	0.009822904592579956
0.17815995044429708	0.0070492886	0.000303698449949878	0.009522774242282142
0.180757170551157	0.006006103	0.0002983401360203261	0.009307652358469417
0.18335439065801692	0.005832752	0.00029539258445794987	0.009127224318682297
0.18595161076487687	0.006109832	0.00029158592007612723	0.008942101222491502
0.1885488308717368	0.005657265	0.0002878821064871791	0.008725087693936087
0.19114605097859672	0.005590461	0.0002858696331218064	0.008461001653629318
0.19374327108545664	0.005767826	0.00028249781478094344	0.008145370648673043
0.19634049119231659	0.005475873	0.00028068436820872963	0.007782371382915647
0.1989377112991765	0.0057506654	0.0002761967934158726	0.007382375764228939
0.20153493140603645	0.005346624	0.00027436238616585754	0.006959428118403681
0.20413215151289635	0.0054141544	0.00027149268689015865	0.0065289156241480255
0.2067293716197563	0.005334351	0.00026984224012298064	0.006105618856270586
0.20932659172661625	0.0052843112	0.0002664165379789484	0.005702251760205773
0.2119238118334762	0.0050070044	0.00026437832972654187	0.0053285286508509494
0.2145210319403361	0.0043862537	0.0002624765650414419	0.004990735810208194
0.21711825204719604	0.004104849	0.00026056846616554836	0.004691740394043811
0.21971547215405596	0.0036529787	0.0002579607094283446	0.004431340834441425
0.22231269226091588	0.0042367317	0.0002528028785583071	0.00420685004190174
0.2249099123677758	0.0033774339	0.00025148175924584687	0.004013803357961147
0.22750713247463575	0.0035517756	0.00024923934123874213	0.003846694385932918
0.2301043525814957	0.0035346206	0.0002464082336174598	0.0036996601351309416
0.2327015726883556	0.0028337333	0.00024526841859916367	0.0035670589846762283
0.23529879279521554	0.0026938375	0.0002430760168110379	0.003443907799416818
0.2378960129020755	0.002382189	0.00024111859836864873	0.003326165688238734
0.24049323300893544	0.002334725	0.00023922586169951366	0.003210869657327746
0.24309045311579533	0.0022393	0.0002381812580153486	0.0030961407678328293
0.24568767322265528	0.0022220667	0.0002360552869572085	0.0029810880087278316
0.2482848933295152	0.0021625701	0.00023344247494153648	0.0028656411403187826
0.2508821134363752	0.0020788163	0.00023203566618092622	0.002750343858291139
0.25347933354323504	0.0023166928	0.00022970892840969124	0.0026361356356957907
0.256076553650095	0.002356112	0.00022903639265438018	0.0025241454978383814
0.25867377375695494	0.0024448466	0.0002263129786012019	0.0024155147409084432
0.26127099386381486	0.0021149106	0.0002263569371366752	0.002311259084615416
0.2638682139706748	0.002113374	0.00022483334791702887	0.0022121746515406803
0.2664654340775347	0.0018467586	0.00022355601783947604	0.0021187869928671102
0.2690626541843947	0.0019756593	0.0002212481707078494	0.0020313384299898516
0.27165987429125454	0.0024775565	0.00021901258476815196	0.001949806365724341
0.2742570943981145	0.002048526	0.00021886887623301604	0.0018739438931386582
0.27685431450497444	0.0018939581	0.0002170394316378535	0.0018033338339787208
0.2794515346118344	0.0018264297	0.00021663429158854706	0.0017374480376588263
0.2820487547186943	0.0015432164	0.00021477615915803435	0.0016757050970450124
0.28464597482555426	0.0014579035	0.0002142438752854934	0.001617521319858923
0.2872431949324142	0.0016879365	0.0002121169920520751	0.0015623515918316766
0.2898404150392741	0.0014938079	0.00021016429841480382	0.0015097184810863955
0.292437635146134	0.00192287	0.00020949570529713105	0.0014592294172923763
0.29503485525299394	0.0018609744	0.00021167983135919594	0.0014105829438465173
0.2976320753598539	0.0010314919	0.00021461391204442097	0.0013635658479755394
0.30022929546671384	0.0014356785	0.00021322589676707663	0.0013180434267917667
0.30282651557357376	0.0013830382	0.00021431177012716724	0.001273945284436877
0.3054237356804337	0.0012504924	0.00021583050574361108	0.0012312489356521143
0.30802095578729366	0.0012051761	0.00021927677733498213	0.0011899631845237477
0.3106181758941536	0.00087952055	0.00022198899723124027	0.0011501128255517628
0.3132153960010135	0.0011929087	0.00022396840388361168	0.001111725743754316
0.3158126161078734	0.0011301115	0.0002247200636205307	0.0010748230267797205
0.3184098362147334	0.0009037368	0.00022706256946032494	0.001039412286999811
0.3210070563215933	0.0008190926	0.00022838774088017525	0.0010054840529972824
0.32360427642845324	0.0011621062	0.00022509830233560798	0.0009730108417871011
0.32620149653531316	0.0010908302	0.00022182543731685933	0.0009419483677909241
0.3287987166421731	0.0017046295	0.0002191478162901252	0.0009122382750309278
0.33139593674903306	0.0012146626	0.00021897094002141235	0.0008838117818263855
0.3339931568558929	0.0010377895	0.00021856177148933304	0.000856593685417762
0.3365903769627529	0.0009909999	0.0002169999791629613	0.0008305062691827506
0.3391875970696128	0.0014671907	0.00021539810641583242	0.0008054727700310638
0.3417848171764728	0.0011062399	0.00021546734965103843	0.00078142018300864
0.34438203728333266	0.00065352954	0.00021628417512853956	0.0007582812920881735
0.34697925739019264	0.0009279065	0.00021505602478806844	0.0007359959120737542
0.34957647749705256	0.001074018	0.0002149239620892407	0.0007145114014848668
0.3521736976039125	0.0010787025	0.00021426667440507967	0.0006937825583103158
0.3547709177107724	0.00095453486	0.00021540105985366165	0.0006737710402909638
0.3573681378176323	0.00093445927	0.00021905475227822416	0.0006544444614402182
0.3599653579244923	0.00074548274	0.00022192410809932092	0.0006357753105812807
0.36256257803135217	0.0006562434	0.00022292313866212972	0.0006177398200763595
0.36515979813821214	0.0007403493	0.00022398517576132715	0.0006003168879877387
0.36775701824507206	0.0008929856	0.00022411748591854346	0.0005834871286163634
0.37035423835193204	0.0008423645	0.0002241511214531085	0.0005672320980389681
0.3729514584587919	0.0007556323	0.000224289750797257	0.0005515337154473208
0.3755486785656519	0.0007350072	0.00022485849559949437	0.0005363738794887922
0.3781458986725118	0.0003612209	0.0002251681851572102	0.0005217342623376241
0.3807431187793717	0.0005790703	0.00022577117258417229	0.0005075962531330028
0.38334033888623165	0.00029365718	0.0002273670210174133	0.0004939410164084743
0.38593755899309157	0.00093779527	0.00022635180303698146	0.0004807496295307157
0.38853477909995154	0.0004593674	0.00022811339835332247	0.0004680032650585472
0.3937292193136714	0.00039845333	0.00022843489029363752	0.00044377194646603573
0.3963264394205313	0.00043427385	0.0002291453284073009	0.00043225153164126734
0.3989236595273913	0.0007409267	0.0002290995939634569	0.00042110550771795786
