#Executed at: 2019-01-17 19:00:31.519193
#Loaded File	 = ../data/DD205_6_ZFCW_100OE.DAT
#Magnetic Moment	 = 23130
#Volume Particle	 = 7.200486626101367e-25
#Ms Raw	 = 0.0902
#Ms Calculated	 = 297.90743639970236
#Rescale Factor	 = 3302.743197335946
#[[Data]]
#B/T	M/kAm-1	sM/kAm-1	M_raw/memu	sM_raw/memu
10.0013275000	-0.8337152576	0.9076615740	-0.0002524311	0.0002748205
10.0098333000	-1.5326445940	1.1025332570	-0.0004640520	0.0003338235
10.5462761000	-2.2975458594	0.9867092576	-0.0006956477	0.0002987545
11.0254059000	-1.1442361388	0.9516283829	-0.0003464502	0.0002881327
11.5212078000	-1.1178269817	0.9106329186	-0.0003384541	0.0002757202
12.0576019000	-1.1470820100	0.9640609470	-0.0003473119	0.0002918970
12.5092049000	-0.6341606652	0.9899546235	-0.0001920103	0.0002997371
13.0042305000	-1.6478310849	0.9745681193	-0.0004989280	0.0002950784
13.5359478000	-1.9234886368	1.0577858135	-0.0005823912	0.0003202749
14.0675249000	-1.2660308841	1.0682430061	-0.0003833271	0.0003234411
14.5330553000	-0.5763166556	0.8855420850	-0.0001744964	0.0002681232
15.0016813000	-1.0891551753	1.1290084213	-0.0003297729	0.0003418396
15.5348949000	-0.7254216552	0.9132150798	-0.0002196422	0.0002765020
16.0155315000	-0.8919571671	0.8380781865	-0.0002700656	0.0002537521
16.5088605500	-1.0067297093	0.9964348945	-0.0003048162	0.0003016992
17.0121708000	-1.4666457669	0.9631682884	-0.0004440690	0.0002916268
17.5278339000	-1.0687017658	0.9853731251	-0.0003235800	0.0002983499
18.0523453000	-0.4518400564	1.0129234255	-0.0001368075	0.0003066915
18.5484524000	-1.7960380776	0.9138001549	-0.0005438019	0.0002766791
19.0222473000	-1.0341290477	1.0047242126	-0.0003131122	0.0003042090
19.5394936000	-0.5400303061	1.0250369095	-0.0001635096	0.0003103593
20.8019810000	-0.8025516227	0.8535914158	-0.0002429955	0.0002584492
21.0603828000	-0.7420520022	0.8997586288	-0.0002246775	0.0002724277
21.5022812000	-0.2097623696	0.9204861971	-0.0000635116	0.0002787035
22.0038624000	-1.6156905938	0.8606560660	-0.0004891966	0.0002605882
22.5696449000	-0.8928969172	0.9799138987	-0.0002703501	0.0002966970
23.0119057000	-1.2519031186	0.9094773749	-0.0003790495	0.0002753703
23.5815468000	-0.2381361211	0.9650856906	-0.0000721025	0.0002922073
24.0094395000	-0.6402600582	0.8855038149	-0.0001938571	0.0002681116
24.5273647000	-1.3241134276	0.9654944873	-0.0004009132	0.0002923311
25.0120163000	-0.1519375724	1.0557791605	-0.0000460034	0.0003196673
25.5667439000	-1.3772646871	0.9373796490	-0.0004170063	0.0002838185
26.0458946000	0.0369142804	0.8638715115	0.0000111769	0.0002615618
26.5153847000	-0.3619303034	0.9558955843	-0.0001095848	0.0002894247
27.0342064000	-0.0204861351	0.9922329224	-0.0000062028	0.0003004269
27.5066032000	-1.7257295398	0.9664251612	-0.0005225140	0.0002926129
28.0223160000	-1.0743455707	0.9529428570	-0.0003252889	0.0002885307
28.5351353000	-1.7426783276	0.8137138091	-0.0005276457	0.0002463751
29.0537109000	-0.7212005853	0.9612865151	-0.0002183641	0.0002910570
29.5658226000	-0.7559997008	1.0259813086	-0.0002289005	0.0003106452
30.0590153000	-0.6041327245	0.9952676428	-0.0001829185	0.0003013458
31.2058201000	-0.6677551121	0.9790204940	-0.0002021820	0.0002964265
31.5676365000	-1.2049691284	0.8412553848	-0.0003648389	0.0002547141
32.0668945000	-0.7501854792	0.8635188887	-0.0002271401	0.0002614551
32.5451469000	-1.3946124879	1.2297494943	-0.0004222588	0.0003723418
33.0640221000	-0.0400076192	1.1330716443	-0.0000121135	0.0003430699
33.5239525000	-0.8402435253	0.8735076619	-0.0002544078	0.0002644794
34.0361977000	-0.8486115734	0.9984423512	-0.0002569414	0.0003023070
34.5174141000	-0.8895529818	0.9378835332	-0.0002693376	0.0002839711
35.0304947000	-1.1784456243	1.0272434126	-0.0003568081	0.0003110273
35.5062332000	-0.3157437036	0.9092960360	-0.0000956004	0.0002753154
36.0907402500	-0.4481502996	0.9841223888	-0.0001356903	0.0002979712
36.5148582000	-1.6458553697	0.9819712968	-0.0004983298	0.0002973199
37.0262833000	-0.9420072193	0.9590951390	-0.0002852196	0.0002903935
37.5027275500	-0.6759089318	0.8051102010	-0.0002046508	0.0002437701
38.0545692000	-0.8839860598	0.9156384302	-0.0002676521	0.0002772357
38.5232849000	-1.0010525628	0.9594474907	-0.0003030973	0.0002905002
39.0833263500	-1.0041899574	1.1320524680	-0.0003040472	0.0003427613
39.5891991000	-0.2164120432	1.0210910869	-0.0000655249	0.0003091645
40.0502701000	-0.2024259536	0.9688033353	-0.0000612902	0.0002933329
40.5375213500	-1.1607668182	1.0569657602	-0.0003514554	0.0003200266
41.5848808000	-1.1416604083	1.1053735869	-0.0003456704	0.0003346835
42.0027924000	-1.5344691150	0.9314527261	-0.0004646044	0.0002820240
42.5613975500	-1.8818665231	1.0198425369	-0.0005697889	0.0003087865
43.0307198000	-0.2587252684	0.9993728184	-0.0000783365	0.0003025887
43.5499153000	-0.2661473474	1.0644858911	-0.0000805837	0.0003223036
44.0358734000	-0.5834015948	1.0095168428	-0.0001766415	0.0003056601
44.5367813000	-1.4277420886	0.9134580706	-0.0004322898	0.0002765756
45.0282021000	-1.8535162727	1.0369580728	-0.0005612051	0.0003139687
45.5454788000	-0.3480293019	0.8900669406	-0.0001053758	0.0002694932
46.0508842000	-0.5147406841	0.9899771336	-0.0001558525	0.0002997439
46.5135879500	-1.6395780462	0.9234638466	-0.0004964292	0.0002796051
47.0519638000	-0.8213233301	1.0740571211	-0.0002486791	0.0003252015
47.5673637000	-0.2609928241	1.1270111344	-0.0000790230	0.0003412349
48.0272254500	-0.6982046275	0.9670002314	-0.0002114014	0.0002927870
48.5674896000	-1.5532198662	1.0150480578	-0.0004702818	0.0003073348
49.0501328000	0.0847908751	0.8672898020	0.0000256729	0.0002625968
49.5586586000	-0.1905252960	1.0473825368	-0.0000576870	0.0003171250
50.0270882000	-1.3010696267	1.0239621748	-0.0003939361	0.0003100338
50.5488358000	-1.2022368651	0.9888369658	-0.0003640116	0.0002993987
51.0046692000	-1.3303811629	0.9472982992	-0.0004028110	0.0002868217
52.0269584500	-1.2169505349	1.0024205092	-0.0003684666	0.0003035115
52.5548019000	-0.3767883127	0.8879706931	-0.0001140834	0.0002688585
53.0079918000	0.4553823249	0.9638383068	0.0001378800	0.0002918296
53.5005417000	-0.7458160975	0.9425736109	-0.0002258172	0.0002853911
54.0648346000	-0.8610402732	0.9271077432	-0.0002607046	0.0002807084
54.5161057000	-0.8873510262	1.0424163305	-0.0002686709	0.0003156214
55.0046082000	-1.5787925096	0.9621155788	-0.0004780246	0.0002913080
55.5639343000	-1.0047943855	0.9250783637	-0.0003042302	0.0002800939
56.0067291000	-1.0459729121	1.0719315206	-0.0003166982	0.0003245579
56.5483932000	-1.7078333136	1.0427779767	-0.0005170954	0.0003157309
57.0561790000	-0.8298377341	1.0422448891	-0.0002512571	0.0003155695
57.5616341000	-0.1634612205	0.9700157895	-0.0000494926	0.0002937000
58.0543137000	-0.5845805548	0.8895909935	-0.0001769985	0.0002693491
58.5495796000	-0.7204610625	0.8528208488	-0.0002181402	0.0002582159
59.0137367000	-0.0789037518	0.9285818308	-0.0000238904	0.0002811547
59.5499344000	-1.0355123489	0.9748505882	-0.0003135310	0.0002951639
60.0174866000	-1.4677993405	0.9403871315	-0.0004444182	0.0002847291
60.5218735000	-0.4999826090	1.1308766405	-0.0001513840	0.0003424053
61.0414124000	-0.9990278482	0.7428384092	-0.0003024843	0.0002249156
61.5442619000	-0.9638217872	0.8650638457	-0.0002918246	0.0002619228
62.4415131000	-0.2885896122	0.9200423928	-0.0000873788	0.0002785692
62.5881786500	-0.6316198739	0.9859977469	-0.0001912410	0.0002985390
63.0570259000	-2.0964564486	0.9167280299	-0.0006347622	0.0002775656
63.5671616000	-0.1812908928	0.9750842571	-0.0000548910	0.0002952347
64.0183945000	0.2638686982	0.9196897041	0.0000798938	0.0002784624
64.5184555000	-1.7170624200	1.0766077831	-0.0005198898	0.0003259738
65.0474472000	-1.2196217880	0.9339056962	-0.0003692754	0.0002827667
65.5464630000	-0.3265238733	1.0322038878	-0.0000988644	0.0003125293
66.0536728000	-0.5039874480	1.0582278333	-0.0001525966	0.0003204088
66.5577469000	-1.2827126735	0.8868027553	-0.0003883780	0.0002685049
67.0589523000	-0.2422180030	0.8868323305	-0.0000733384	0.0002685139
67.5593262000	0.0529955829	1.0495462688	0.0000160459	0.0003177802
68.0302963000	-0.7895419833	1.0433797595	-0.0002390564	0.0003159131
68.5328598000	0.5420013972	1.0321204768	0.0001641064	0.0003125040
69.0371552000	-1.3177192518	0.9653859574	-0.0003989772	0.0002922982
69.5361862000	-0.2921604257	1.0396676474	-0.0000884599	0.0003147891
70.0322113000	-1.3041263461	0.9406094396	-0.0003948616	0.0002847964
70.5248489000	-0.1870117912	1.0539001061	-0.0000566232	0.0003190984
71.0240250000	-0.7667048788	0.8979544385	-0.0002321418	0.0002718814
71.5319290000	-0.5900150834	1.0163563856	-0.0001786439	0.0003077310
72.0277481000	-0.7177255317	1.0939628492	-0.0002173119	0.0003312286
72.8723984000	-1.5967973861	0.9939175327	-0.0004834761	0.0003009370
73.0005264000	0.5124824101	0.8896534146	0.0001551687	0.0002693680
73.5256805000	-0.6391485642	1.0809271722	-0.0001935205	0.0003272816
74.0262909000	-0.9694523405	0.9092897328	-0.0002935294	0.0002753135
74.5448303000	0.2628308218	0.9279365907	0.0000795796	0.0002809594
75.0461273000	-1.0846477956	1.0958840720	-0.0003284082	0.0003318103
75.5501022000	-1.6504791412	1.1451745889	-0.0004997298	0.0003467344
76.0108185000	-0.7623881787	0.8930988819	-0.0002308348	0.0002704112
76.5095444000	-0.1791092012	0.9375547631	-0.0000542304	0.0002838715
77.0068207000	-0.2331707880	0.9713039181	-0.0000705991	0.0002940901
77.5109329000	0.4018048057	0.9939546605	0.0001216579	0.0003009482
78.0136337000	-0.8565125396	1.1526707640	-0.0002593337	0.0003490041
78.5053406000	-0.7854458996	0.8745667519	-0.0002378162	0.0002648001
79.0048370000	-0.6301445667	0.9998483274	-0.0001907943	0.0003027327
79.5076065000	-0.2327894068	1.0154635152	-0.0000704837	0.0003074606
80.0670776000	-0.6540239984	0.9798824979	-0.0001980245	0.0002966875
80.5928268000	-1.2730405963	1.0264125225	-0.0003854495	0.0003107758
81.0883408000	0.2798108526	1.1006951061	0.0000847207	0.0003332669
81.5011520000	-1.1192157554	0.8296175108	-0.0003388746	0.0002511904
82.0037613000	-0.7255067786	1.1424054610	-0.0002196679	0.0003458959
83.4684448000	-0.8830931402	1.0041260355	-0.0002673817	0.0003040279
83.5352097000	-0.7587807639	0.9323486254	-0.0002297426	0.0002822952
84.0383835000	-1.5920664954	0.9305897193	-0.0004820437	0.0002817627
84.5098114000	-1.3081724523	0.8774707893	-0.0003960866	0.0002656794
85.0008621000	-0.4984044081	0.9842374199	-0.0001509062	0.0002980060
85.5037537000	-1.4697220449	0.9623968257	-0.0004450004	0.0002913932
86.0360908500	-1.2262205682	1.0317361912	-0.0003712734	0.0003123877
86.6683121000	-0.9939547901	1.0201290318	-0.0003009483	0.0003088733
87.0043716000	-1.2444937574	1.1336617120	-0.0003768061	0.0003432485
87.5911942000	-0.5804983264	0.9935514622	-0.0001757625	0.0003008261
88.0802994000	-0.5606153109	0.9728693210	-0.0001697423	0.0002945640
88.5723953000	-0.7292797246	0.9378548833	-0.0002208103	0.0002839624
89.0995674000	-0.3694036431	1.0771446979	-0.0001118475	0.0003261364
89.5619431000	-1.3142944828	1.0101701962	-0.0003979403	0.0003058579
90.0458221000	0.3205819535	0.9996146926	0.0000970654	0.0003026619
90.5093498000	-0.1015806984	1.0411020318	-0.0000307565	0.0003152234
91.0565414000	-0.6306776847	0.9918544592	-0.0001909557	0.0003003123
91.5788498000	-1.0545922387	1.0741677433	-0.0003193080	0.0003252350
92.0105667000	-0.3618354938	0.9468791128	-0.0001095560	0.0002866947
92.5715179000	-1.3859285899	1.1260965193	-0.0004196295	0.0003409579
93.8850975000	-0.7247197710	0.8364927474	-0.0002194296	0.0002532721
94.0921402000	-0.8990190422	0.9781498686	-0.0002722037	0.0002961629
94.5461006000	0.0145349504	0.9431069292	0.0000044009	0.0002855526
95.0014343000	-0.9279032978	0.9827028695	-0.0002809493	0.0002975414
95.5637283000	-1.3972918687	0.9044273982	-0.0004230701	0.0002738413
96.0742378500	-0.6186011806	0.9347763770	-0.0001872992	0.0002830303
96.5593948500	-0.0734190409	0.8904132534	-0.0000222297	0.0002695981
97.0921631000	-0.3969444236	0.8006488622	-0.0001201863	0.0002424194
97.5690536000	0.1913366708	0.9864862475	0.0000579327	0.0002986869
98.0334702000	-0.6107953826	1.0493482959	-0.0001849358	0.0003177202
98.5245132000	0.5829894051	1.0629863267	0.0001765167	0.0003218495
99.0141602000	-0.4720292658	0.9372649225	-0.0001429204	0.0002837838
99.5085831000	0.3715479100	1.0044112029	0.0001124968	0.0003041142
100.0070801000	-1.0874042276	0.9178325415	-0.0003292427	0.0002779001
100.5258789000	-0.0174993356	1.1468237357	-0.0000052984	0.0003472337
101.0273285000	-0.8930450710	0.8804366991	-0.0002703949	0.0002665774
101.5260162000	-0.2474763056	0.9573547220	-0.0000749305	0.0002898665
102.0361710000	-0.8583799576	1.0098811557	-0.0002598991	0.0003057704
102.5178604000	-0.9048295208	1.0636198622	-0.0002739630	0.0003220413
103.0180054000	-1.3115561837	0.9478941422	-0.0003971112	0.0002870021
104.1781464000	-0.2364942635	1.1277630929	-0.0000716054	0.0003414625
104.5765610000	-0.3915680849	1.0486507062	-0.0001185584	0.0003175090
105.0200882000	-0.7064932168	0.8594512454	-0.0002139110	0.0002602235
105.5130920000	0.2766798552	0.9553462883	0.0000837727	0.0002892584
106.0322647000	-0.6766759226	0.9968142041	-0.0002048830	0.0003018140
106.5303726000	-0.5298039236	0.9821812245	-0.0001604133	0.0002973835
107.0165482000	-0.2087551080	0.9444605433	-0.0000632066	0.0002859625
107.5003815000	-1.3590781487	1.0542743792	-0.0004114998	0.0003192117
108.0000610000	1.2398587709	1.1380385188	0.0003754027	0.0003445737
108.5602951000	-0.8268034131	1.1056466396	-0.0002503384	0.0003347662
109.0656509000	-0.6197438346	0.9930196487	-0.0001876452	0.0003006651
109.5181427000	-2.0445242381	0.8957208386	-0.0006190382	0.0002712051
110.0058289000	-0.4066675437	1.1651389151	-0.0001231302	0.0003527791
110.5000992000	-0.6792723960	0.7324218790	-0.0002056692	0.0002217617
111.0323105000	-0.7127056340	1.1184618610	-0.0002157920	0.0003386463
111.5406723000	0.2080208022	1.0145657234	0.0000629842	0.0003071888
112.0438080000	0.2794330869	0.9414379201	0.0000846064	0.0002850473
112.5367584000	-1.8693356910	1.0538393849	-0.0005659949	0.0003190800
113.0333633000	-0.5821544589	0.9892145399	-0.0001762639	0.0002995130
113.5119858000	0.2082927551	1.0333231333	0.0000630666	0.0003128681
114.5251389000	0.5601627248	0.8896177447	0.0001696053	0.0002693572
115.0221863000	0.0396349248	0.9539534691	0.0000120006	0.0002888367
115.5205307000	-1.2928205737	0.7964488355	-0.0003914384	0.0002411477
116.0030212000	0.1197985176	0.8973770182	0.0000362724	0.0002717066
116.5076294000	-1.1311242626	1.0181638426	-0.0003424802	0.0003082782
117.0618362000	0.0730005872	1.0064133495	0.0000221030	0.0003047204
117.5018845000	-0.8279281162	0.9414765080	-0.0002506789	0.0002850590
118.0073624000	-0.7951901491	1.2010386751	-0.0002407666	0.0003636488
118.5235062000	-0.3220908377	0.9633090792	-0.0000975222	0.0002916694
119.0199509000	0.5845788515	0.9153043276	0.0001769980	0.0002771346
119.5257187000	-0.3636962546	1.1034875735	-0.0001101194	0.0003341124
120.0260544000	-0.0759483381	0.9211637603	-0.0000229955	0.0002789087
120.5402756000	0.1767960350	1.0150018915	0.0000535301	0.0003073209
121.0365906000	-0.7335237745	1.1994791648	-0.0002220953	0.0003631766
121.5419617000	-0.4138118336	1.0873302745	-0.0001252934	0.0003292204
122.0381241000	0.0810259543	1.1614372788	0.0000245329	0.0003516584
122.5691108500	0.3849144609	1.0989137990	0.0001165439	0.0003327276
123.0324478000	-0.6766620913	0.9936266560	-0.0002048788	0.0003008489
123.5351486000	-0.4281836410	0.9996620691	-0.0001296448	0.0003026763
124.0470428000	-0.8609470430	1.1232623799	-0.0002606764	0.0003400998
124.9724045000	-0.0464374170	0.8587196024	-0.0000140603	0.0002600019
125.0300827000	-0.4027918712	0.9453160824	-0.0001219568	0.0002862215
125.5254364000	-0.4557089268	1.1219244221	-0.0001379789	0.0003396947
126.0155716000	-0.3786528658	1.0726620164	-0.0001146480	0.0003247791
126.5270844000	-0.3170999345	0.9268039100	-0.0000960111	0.0002806164
127.0176849000	0.5952172846	1.1340990576	0.0001802191	0.0003433809
127.5112534000	-0.6403752622	1.0014433664	-0.0001938919	0.0003032156
128.0036926000	-0.4853145769	0.9307512341	-0.0001469429	0.0002818116
128.5538788000	-0.4060213666	0.9223746892	-0.0001229346	0.0002792753
129.0389862000	-0.1346618604	0.9144817671	-0.0000407727	0.0002768855
129.5101776000	-0.4169187075	0.9963463760	-0.0001262341	0.0003016724
130.0132446000	-0.6923277024	0.8107002339	-0.0002096220	0.0002454627
130.5006104000	-0.5309223833	1.1412351703	-0.0001607519	0.0003455416
131.0666199000	-0.6382503084	1.0049132968	-0.0001932485	0.0003042663
131.5710297000	0.2970165345	1.1672933139	0.0000899303	0.0003534314
132.0124359000	0.4990320205	0.9824630036	0.0001510962	0.0002974688
132.5235748000	-1.0237182594	1.0388195506	-0.0003099600	0.0003145323
133.0185394000	0.5200014247	0.9527350819	0.0001574453	0.0002884678
133.5222626000	-0.2956014805	1.0131465426	-0.0000895018	0.0003067591
134.0156097000	-0.2295285504	1.1111951506	-0.0000694963	0.0003364461
134.5241241000	0.6428976965	1.0596975050	0.0001946557	0.0003208537
135.3831100500	0.5381530664	1.1195075606	0.0001629412	0.0003389629
135.5434418000	1.1368330615	0.8839653113	0.0003442087	0.0002676458
136.0482330000	0.5531347184	1.1229719834	0.0001674774	0.0003400119
136.5441742000	0.5394178851	0.9479417214	0.0001633242	0.0002870165
137.0496979000	0.4703174457	0.9770309496	0.0001424021	0.0002958241
137.5069275000	0.0719333518	1.0534535011	0.0000217799	0.0003189632
138.0227051000	-0.1227442086	0.7754597820	-0.0000371643	0.0002347926
138.5310822000	0.3891438481	1.0585798678	0.0001178244	0.0003205153
139.0301208000	0.6961060369	1.0419098600	0.0002107660	0.0003154680
139.5383453000	2.0939228160	0.9113973455	0.0006339950	0.0002759516
140.0292816000	0.2445743791	0.9651367447	0.0000740519	0.0002922228
140.5235748000	-0.1146446153	0.9288623905	-0.0000347119	0.0002812397
141.0260620000	-0.1915267751	1.1142785679	-0.0000579902	0.0003373797
141.5258636000	0.4501208913	1.0522482464	0.0001362870	0.0003185983
142.0229034000	-0.7372777763	0.9772084104	-0.0002232319	0.0002958778
142.5305939000	-0.0853447691	0.9270524951	-0.0000258406	0.0002806917
143.0388184000	0.8976063206	0.9933650722	0.0002717760	0.0003007697
143.5463715000	1.0538043947	1.0060234696	0.0003190694	0.0003046024
144.0544281000	-0.4108297599	0.9342291776	-0.0001243905	0.0002828646
144.5241775500	-0.4416536308	0.8818856238	-0.0001337233	0.0002670161
145.7778931000	0.2758639427	1.1274092517	0.0000835257	0.0003413554
146.0356293000	-0.3738663362	0.9809238889	-0.0001131987	0.0002970028
146.5341187000	0.7579494982	1.1941481624	0.0002294909	0.0003615625
147.0281219000	0.2242336047	0.9326083366	0.0000678931	0.0002823739
147.5320892000	1.4384831903	1.0778511679	0.0004355419	0.0003263503
148.0524445000	1.2004941602	0.9917874599	0.0003634840	0.0003002920
148.5489044000	0.5703531382	1.0523352506	0.0001726907	0.0003186246
149.0062103000	-0.8692097147	1.0481276985	-0.0002631781	0.0003173506
149.5221100000	0.9246938805	0.8399822513	0.0002799775	0.0002543287
150.0360718000	1.1782307779	1.0807453512	0.0003567431	0.0003272266
150.5259857000	-0.3092851299	0.9966397212	-0.0000936449	0.0003017612
151.0300293000	0.9926788147	0.9312344269	0.0003005619	0.0002819579
151.5275269000	0.2794681372	0.9739871048	0.0000846170	0.0002949025
152.0268860000	0.9194676928	0.9736454154	0.0002783952	0.0002947990
152.5405273000	1.1419236262	0.8953743614	0.0003457501	0.0002711002
153.0421906000	0.7681139565	0.9084872953	0.0002325685	0.0002750705
153.5552216000	0.0842884760	0.9448349057	0.0000255207	0.0002860758
154.0163116000	0.8297200052	1.1093930309	0.0002512215	0.0003359005
154.5158997000	1.5456429034	1.3132207888	0.0004679876	0.0003976152
155.0547180000	0.8137154200	1.1501675513	0.0002463756	0.0003482461
156.2199707000	-0.2071873263	1.0224411714	-0.0000627319	0.0003095733
156.5331879000	-1.6810474935	1.2448262555	-0.0005089852	0.0003769068
157.0332489000	1.1883551790	1.1582532410	0.0003598085	0.0003506943
157.5394592000	0.1816130706	1.1248302557	0.0000549886	0.0003405745
158.0413971000	0.5161592569	0.9155256568	0.0001562820	0.0002772016
158.5201110500	1.4119738390	1.0871385714	0.0004275155	0.0003291623
159.0006561000	0.6163540176	1.1745596888	0.0001866188	0.0003556316
159.5536804000	0.9033255771	1.0077143072	0.0002735077	0.0003051143
160.0565643000	1.8611325126	0.9949562081	0.0005635111	0.0003012515
160.5024109000	2.2746459441	0.9787780069	0.0006887141	0.0002963530
161.0286942000	1.9204252748	0.9635062259	0.0005814637	0.0002917291
161.5284958000	1.2016520255	1.0955322708	0.0003638345	0.0003317037
162.0001221000	1.4080606645	1.1930922087	0.0004263307	0.0003612428
162.5612030000	-0.6836546760	1.0051667114	-0.0002069960	0.0003043430
163.0167770500	1.2226485044	1.0908557520	0.0003701918	0.0003302878
163.5266418500	1.3497476660	0.9609319726	0.0004086747	0.0002909496
164.0588837000	-0.0238259181	0.9491635530	-0.0000072140	0.0002873864
164.5411072000	1.0730969534	0.9307874359	0.0003249108	0.0002818225
165.0462646000	0.5472513002	1.0104693911	0.0001656960	0.0003059485
165.5010833500	1.1655259005	1.0886408686	0.0003528963	0.0003296172
166.6227722000	1.5644850602	0.9606918200	0.0004736926	0.0002908769
167.0537720000	0.7381664710	0.9986901443	0.0002235010	0.0003023820
167.5540009000	2.1156792351	0.9719412797	0.0006405824	0.0002942830
168.0528870000	1.6076774490	1.1232580313	0.0004867703	0.0003400985
168.5503082000	1.7056968207	0.9558016704	0.0005164485	0.0002893963
169.0514832000	1.4429100163	1.0466005182	0.0004368823	0.0003168883
169.5240402000	0.6960088510	0.9759037688	0.0002107366	0.0002954828
170.0591125000	0.8183842585	1.1342430599	0.0002477892	0.0003434245
170.5550995000	1.8767702579	1.0678812897	0.0005682459	0.0003233316
171.0524292000	1.2751606828	1.0615861563	0.0003860914	0.0003214256
171.5512543000	1.8145119397	1.0339828635	0.0005493954	0.0003130679
172.0579224000	2.0360326811	1.2415746003	0.0006164671	0.0003759222
172.5138245000	1.3890917377	1.1505192073	0.0004205873	0.0003483526
173.0468597000	0.5402207438	1.1121524923	0.0001635673	0.0003367360
173.5522919000	2.4163536570	1.0971390092	0.0007316202	0.0003321902
174.0625153000	1.5976274275	0.8926879553	0.0004837274	0.0002702868
174.5560303000	1.4702905903	0.8912677782	0.0004451725	0.0002698568
175.0364075000	1.5358888857	0.8536876434	0.0004650343	0.0002584784
175.5465088000	1.6838421360	1.2388697247	0.0005098314	0.0003751033
176.0139313000	0.0644840421	1.1879248689	0.0000195244	0.0003596782
177.0214539000	2.1512920315	1.0604025914	0.0006513652	0.0003210672
177.5263367000	2.2894207030	1.0544799469	0.0006931876	0.0003192740
178.0455933000	1.1252443124	0.9478315113	0.0003406999	0.0002869831
178.5636292000	1.9729044328	1.0548725297	0.0005973533	0.0003193928
179.0560455000	1.9376316685	1.1048702658	0.0005866734	0.0003345311
179.5188141000	2.2712312273	1.0310195128	0.0006876802	0.0003121707
180.0317230000	1.9345927871	1.0686441567	0.0005857533	0.0003235626
180.5555115000	2.8452931886	0.6775037562	0.0008614939	0.0002051336
181.0530243000	2.6611781296	1.2098457739	0.0008057478	0.0003663154
181.5626678000	1.4821464832	0.9249873355	0.0004487623	0.0002800664
182.0230865500	2.6827650067	0.8870628476	0.0008122839	0.0002685837
182.5523376000	2.4161482113	0.9051740137	0.0007315580	0.0002740673
183.0153198000	2.8173225456	1.1473236002	0.0008530250	0.0003473850
183.5633545000	1.6468107667	0.9825651671	0.0004986191	0.0002974997
184.0290070000	1.7823168576	1.0296454307	0.0005396474	0.0003117546
184.5307922000	3.0864449786	1.1654274367	0.0009345095	0.0003528665
185.0077438500	3.4738405642	1.1392515873	0.0010518046	0.0003449410
185.5471191000	2.8847839691	1.0435415615	0.0008734509	0.0003159621
186.0416718000	1.1554466927	1.0418856732	0.0003498445	0.0003154607
186.5328217000	3.4464113222	1.0924343873	0.0010434996	0.0003307658
187.4501495000	3.7095149101	1.1916580838	0.0011231618	0.0003608086
187.5505676000	3.1696806865	1.0087538822	0.0009597115	0.0003054291
188.0442352000	2.6988370813	1.0121225016	0.0008171501	0.0003064490
188.5530853000	3.4553094859	1.1237964593	0.0010461938	0.0003402615
189.0159912000	3.1762708006	1.1463398887	0.0009617069	0.0003470872
189.5023269500	2.2991310560	1.0154202430	0.0006961277	0.0003074475
190.0332184000	3.4591283090	1.0242936835	0.0010473501	0.0003101342
190.5326996000	3.8350406391	1.2025602578	0.0011611683	0.0003641095
191.0317993000	3.0758423928	1.0933909338	0.0009312993	0.0003310554
191.5459442000	4.7497471079	0.9807650993	0.0014381218	0.0002969547
192.0489655000	2.5721033154	1.1420452807	0.0007787779	0.0003457869
192.5372620000	3.6541259556	1.0580546712	0.0011063912	0.0003203563
193.0354462000	3.3172651717	1.2441461240	0.0010043969	0.0003767008
193.5401001000	3.1251680148	1.2711183642	0.0009462340	0.0003848675
194.0075073000	4.5447766666	1.0477158216	0.0013760612	0.0003172259
194.5104370000	2.0855951176	1.1823505675	0.0006314736	0.0003579905
195.0037689000	3.8319414699	1.0290954747	0.0011602299	0.0003115881
195.5621033000	5.5373181488	1.0476603624	0.0016765815	0.0003172092
196.0463257000	4.0311587459	1.3757964518	0.0012205486	0.0004165617
196.5492401000	4.6543441280	1.2464486175	0.0014092359	0.0003773980
197.0182953000	3.7436006329	1.1336155390	0.0011334822	0.0003432345
197.9003296000	4.6187989959	0.9435209949	0.0013984735	0.0002856780
198.0324860000	4.6129544997	1.1598002386	0.0013967040	0.0003511627
198.5389252000	5.5324331009	0.9189191438	0.0016751024	0.0002782291
199.0346527000	4.9564938772	0.7307823970	0.0015007203	0.0002212653
199.5499115000	4.8131710199	0.9305616708	0.0014573252	0.0002817542
200.0494232000	6.8244013491	1.0281958234	0.0020662828	0.0003113157
200.5254517000	4.9838859490	1.0143935222	0.0015090141	0.0003071367
201.0678253000	5.9522798005	1.2734544570	0.0018022230	0.0003855748
201.5396271000	4.4615216318	1.0855384654	0.0013508533	0.0003286778
202.0108337000	4.6618164225	1.0579084009	0.0014114983	0.0003203120
202.5119171000	6.1927208196	1.0229628905	0.0018750234	0.0003097313
203.0074920500	3.5690499657	1.3185485569	0.0010806320	0.0003992283
203.5406799000	5.8532972884	0.9168559300	0.0017722532	0.0002776044
204.0077209500	6.4781674555	1.0860820633	0.0019614505	0.0003288424
204.5537415000	6.6813511628	1.0519779921	0.0020229702	0.0003185164
205.0179901000	5.7388365930	1.2458867140	0.0017375970	0.0003772278
205.5087433000	5.4545655051	0.9727888108	0.0016515258	0.0002945396
206.0528412000	6.8267707035	1.1830931861	0.0020670002	0.0003582153
206.5580292000	6.7030724155	1.0910458637	0.0020295470	0.0003303454
207.0090942000	6.0608927150	1.1593872502	0.0018351087	0.0003510377
208.2792511000	6.7134553566	0.9682353023	0.0020326907	0.0002931609
208.5179596000	7.7101649027	0.9942031747	0.0023344730	0.0003010235
209.0338135000	6.1710069477	1.0999081685	0.0018684489	0.0003330287
209.5938416000	6.5974136439	1.0607712742	0.0019975557	0.0003211789
210.0253754000	5.8018934472	1.0845203136	0.0017566892	0.0003283696
210.5362701000	6.8168398084	1.2917321826	0.0020639933	0.0003911089
211.0298615000	6.9356973473	1.2244608446	0.0020999808	0.0003707406
211.5058899000	7.7315894947	1.1269814605	0.0023409599	0.0003412259
212.0253143000	6.8932835738	1.0890110130	0.0020871388	0.0003297292
212.5605392500	7.7864353451	1.2052886053	0.0023575661	0.0003649356
213.0351563000	8.0627814318	1.2159249283	0.0024412378	0.0003681561
213.5465851000	8.4212898739	1.1683337146	0.0025497865	0.0003537465
214.0527344000	8.2305770705	1.1420388879	0.0024920427	0.0003457849
214.5024567000	8.1294832300	1.0882126599	0.0024614336	0.0003294875
215.0430832000	9.2811293866	1.1728754040	0.0028101275	0.0003551216
215.5030365000	7.6196074757	1.0949582988	0.0023070542	0.0003315300
216.0012665000	9.0384405994	1.1873957613	0.0027366465	0.0003595180
216.5699921000	9.9982847683	1.1561267204	0.0030272668	0.0003500504
217.0003967000	8.5517935178	1.1628096209	0.0025893002	0.0003520739
217.5421295500	8.7976786592	1.0984032877	0.0026637489	0.0003325730
218.7614594000	9.6839464982	1.3145514512	0.0029320919	0.0003980181
219.0141907000	10.2094665331	1.1826771660	0.0030912081	0.0003580894
219.5597229000	9.8304952834	1.1760360462	0.0029764637	0.0003560786
220.0656128000	8.9727322701	1.0915029593	0.0027167514	0.0003304838
220.5032654000	9.7311713161	1.3438362827	0.0029463905	0.0004068849
221.0358582000	10.7330432408	1.3123271900	0.0032497359	0.0003973446
221.5049820000	10.7039779669	1.0854858132	0.0032409356	0.0003286619
222.0323944000	8.8288104068	1.0768089053	0.0026731750	0.0003260347
222.5252380000	11.1880215847	1.2332654636	0.0033874936	0.0003734064
223.0314789000	9.4762474315	0.9263338967	0.0028692050	0.0002804741
223.5309448000	10.2442449249	1.2042967469	0.0031017383	0.0003646353
224.0314331000	11.1319538220	1.2630520793	0.0033705175	0.0003824252
224.5248108000	10.6064969377	1.1417274602	0.0032114204	0.0003456907
225.0195007000	11.3784844474	1.0810072390	0.0034451617	0.0003273059
225.5188751000	11.3049455476	1.1120725869	0.0034228957	0.0003367118
226.0271149000	11.2699453659	1.3971462972	0.0034122984	0.0004230260
226.5928192000	12.5781498648	1.1718972693	0.0038083948	0.0003548254
227.0140686000	11.8966896470	1.2727511847	0.0036020632	0.0003853618
227.5194092000	12.4609028843	1.0571880796	0.0037728949	0.0003200939
228.0548858500	12.2599928574	1.1234668567	0.0037120636	0.0003401617
229.1421967000	14.1841115227	1.4910038902	0.0042946456	0.0004514441
229.5222473000	13.9175798378	1.1906518524	0.0042139455	0.0003605039
230.0172729000	13.6786108949	1.3799193259	0.0041415908	0.0004178101
230.5157776000	14.1769870549	1.1918868837	0.0042924885	0.0003608779
231.0105743000	12.5979836660	1.2054360577	0.0038144000	0.0003649803
231.5197144000	15.4842964072	1.1949034444	0.0046883138	0.0003617912
232.0342407000	15.0605005416	1.2947888307	0.0045599974	0.0003920344
232.5492554000	14.4688346867	1.2025963867	0.0043808537	0.0003641205
233.0581818000	14.5473845140	1.3736140540	0.0044046369	0.0004159010
233.5543365000	15.5347497420	1.0830543549	0.0047035900	0.0003279257
234.0658112000	15.4189944830	1.2407124421	0.0046685417	0.0003756612
234.5674286000	14.2180400012	1.2946038275	0.0043049184	0.0003919783
235.0575562000	16.2098150652	1.0668899289	0.0049079853	0.0003230315
235.5593262000	16.3070834399	1.4203179565	0.0049374361	0.0004300419
236.0606842000	17.2025056339	1.2907119176	0.0052085508	0.0003908000
236.5237960500	18.0255784512	1.1729039825	0.0054577596	0.0003551302
237.0566559000	15.4242427650	1.2855316502	0.0046701308	0.0003892315
237.5554962000	17.6138367871	1.5534922497	0.0053330930	0.0004703642
238.0518799000	16.8733586629	1.2916697129	0.0051088921	0.0003910900
238.5500793000	17.5782302140	1.4000605608	0.0053223121	0.0004239084
239.5699615000	17.8658802242	1.3141399990	0.0054094064	0.0003978935
240.0194550000	18.9341490250	1.3902833477	0.0057328554	0.0004209481
240.5221863000	18.7245275385	1.2429593711	0.0056693865	0.0003763415
241.0052795000	18.0568564291	1.1544621446	0.0054672299	0.0003495464
241.5139618000	19.7712904227	1.2222452089	0.0059863239	0.0003700697
242.0269928000	18.4824570794	1.3598174003	0.0055960927	0.0004117236
242.5389862000	17.9836440567	1.3928155014	0.0054450628	0.0004217147
243.0028915000	20.3537122134	1.3424803686	0.0061626687	0.0004064743
243.5361938000	19.4605835857	1.0511941201	0.0058922485	0.0003182791
244.0518494000	20.4863235339	1.2911426372	0.0062028206	0.0003909304
244.5409241000	21.3508463762	1.0526431140	0.0064645796	0.0003187178
245.0560913000	21.6604815001	1.4102759193	0.0065583305	0.0004270014
245.5486298000	21.4839381967	1.3902202875	0.0065048770	0.0004209290
246.0540009000	19.6923269145	1.3625435233	0.0059624154	0.0004125490
246.5560303000	20.8760357551	1.4634039183	0.0063208171	0.0004430874
247.0504303000	20.6215062211	1.1738850541	0.0062437510	0.0003554273
247.5529175000	21.2967020997	1.4696231885	0.0064481859	0.0004449705
248.0552063000	21.9655571851	1.4025549659	0.0066507009	0.0004246636
248.5482635000	23.3149950886	1.3023724492	0.0070592818	0.0003943305
249.0243683000	22.3683174719	1.1790366146	0.0067726481	0.0003569871
249.9026337000	23.5374036923	1.2628085318	0.0071266224	0.0003823514
250.0207367000	23.6802713592	1.3502827802	0.0071698797	0.0004088367
250.5119934000	24.4810940934	1.1538495706	0.0074123517	0.0003493610
251.0036316000	23.4481134884	1.2837388719	0.0070995872	0.0003886887
251.5411300500	25.0257679690	1.3581908208	0.0075772673	0.0004112311
252.0592804000	25.2586552359	1.2425250116	0.0076477806	0.0003762100
252.5102234000	23.4280482693	1.2871765047	0.0070935119	0.0003897295
253.0363846000	24.2367613062	1.0859141704	0.0073383729	0.0003287916
253.5586548000	25.4112344543	1.0833168955	0.0076939783	0.0003280052
254.0516052000	26.2005719427	1.1756096120	0.0079329728	0.0003559494
254.5070038000	26.1500841189	1.2921387026	0.0079176862	0.0003912320
255.0037384000	26.3889675278	1.3395608952	0.0079900150	0.0004055904
255.5171356000	25.5776540288	1.3744411795	0.0077443666	0.0004161514
256.0099792000	28.1789164010	1.3794578490	0.0085319732	0.0004176703
256.5560303000	26.7289910716	1.4895751935	0.0080929668	0.0004510115
257.0434875000	28.0531802425	1.6220743925	0.0084939030	0.0004911294
257.5557556000	28.5478396055	1.5989074332	0.0086436752	0.0004841150
258.0473938000	27.9252726294	1.2217315641	0.0084551753	0.0003699142
258.5426331000	26.5010253714	1.2476993517	0.0080239437	0.0003777767
259.0553589000	29.6588736507	1.1371647436	0.0089800726	0.0003443092
259.5386353000	28.8058643665	1.4292353323	0.0087217996	0.0004327419
260.3518066000	29.5611987260	1.1648060142	0.0089504987	0.0003526783
260.5160217500	28.4572682174	1.3235193698	0.0086162522	0.0004007334
261.0302429000	28.1352005404	1.4142018269	0.0085187370	0.0004281901
261.5256958000	29.3046066444	1.2182644995	0.0088728081	0.0003688644
262.0012207000	31.4199282762	1.2357910112	0.0095132823	0.0003741711
262.5026855000	30.4860434257	1.5987364842	0.0092305219	0.0004840632
263.0016785000	32.7602615163	1.3112310009	0.0099191065	0.0003970127
263.5282440000	31.0902769753	1.3537838710	0.0094134709	0.0004098968
264.0469971000	32.5040154983	1.2063956180	0.0098415207	0.0003652708
264.5147247000	32.3226440098	1.3156132429	0.0097866053	0.0003983396
265.0502930000	33.9010643541	1.5232343185	0.0102645172	0.0004612028
265.5410156000	31.6616012511	1.2263200059	0.0095864557	0.0003713035
266.0379639000	33.7366722560	1.2230789423	0.0102147428	0.0003703221
266.5410461000	33.2205057192	1.4148210451	0.0100584586	0.0004283776
267.0028992000	34.5774796190	1.3739728551	0.0104693213	0.0004160096
267.5490417000	33.7306267980	1.2806738839	0.0102129124	0.0003877607
268.0522461000	35.0194780022	1.2821319881	0.0106031489	0.0003882021
268.5469971000	34.1430672741	1.1428883299	0.0103377905	0.0003460421
269.0179596000	33.6740932985	1.2375592470	0.0101957952	0.0003747065
269.5409851000	34.3904385883	1.1273178326	0.0104126893	0.0003413277
270.7941284000	35.3885520603	1.4151068581	0.0107148967	0.0004284641
271.0234985000	36.2428437899	1.3362795616	0.0109735579	0.0004045969
271.5231628000	36.6464532303	1.1952118326	0.0110957622	0.0003618846
272.0211487000	35.3706599499	1.4271210709	0.0107094793	0.0004321017
272.5090637000	37.1205559186	1.2870943643	0.0112393104	0.0003897046
273.0064392000	37.9252919750	1.1121241344	0.0114829673	0.0003367274
273.5082703000	37.4144145573	1.4598641161	0.0113282845	0.0004420156
274.0476685000	36.9472762372	1.1461695983	0.0111868450	0.0003470356
274.5440979000	37.2311122805	1.5852520191	0.0112727845	0.0004799804
275.0410461000	37.3643408267	1.4542314729	0.0113131232	0.0004403102
275.5543213000	38.7832300943	1.1979086509	0.0117427326	0.0003627011
276.0068054000	36.6535098284	1.4945391972	0.0110978988	0.0004525145
276.5641174000	39.5615728170	1.3211548486	0.0119783981	0.0004000174
277.0494995000	38.2267912985	1.2011200493	0.0115742548	0.0003636735
277.5511475000	39.1142723919	1.3404129847	0.0118429651	0.0004058484
278.0474548000	39.1237751616	1.2802806889	0.0118458423	0.0003876416
278.5523071000	38.5722017777	1.3893270989	0.0116788377	0.0004206585
279.0635681000	39.2841698418	1.4670658045	0.0118944064	0.0004441961
279.5194397000	40.2168517891	1.5245684922	0.0121768026	0.0004616067
280.0097656000	38.9356083769	1.2001726811	0.0117888694	0.0003633866
281.1459961000	39.2824693018	1.6447713223	0.0118938915	0.0004980016
281.5172729000	40.9564533565	1.5248155596	0.0124007381	0.0004616815
282.0136108000	41.3302020540	1.2267951337	0.0125139012	0.0003714473
282.5562439000	40.5876127300	1.4504225402	0.0122890610	0.0004391569
283.0121918000	41.0005461240	0.9795864428	0.0124140884	0.0002965978
283.5492554000	42.5805870772	1.5911994908	0.0128924910	0.0004817812
284.0479431000	42.6022865695	1.4012117919	0.0128990612	0.0004242570
284.5513000000	41.9150430598	1.2633898765	0.0126909785	0.0003825274
285.0563049000	40.3192425617	1.2295224088	0.0122078043	0.0003722731
285.5398865000	42.5616624441	1.1837748483	0.0128867611	0.0003584217
286.0433350000	43.2884843576	1.4452805742	0.0131068272	0.0004376000
286.5480042000	42.0353220551	1.2739626595	0.0127273965	0.0003857286
287.0477295000	42.9518388744	1.2112220916	0.0130048981	0.0003667321
287.5505981000	44.4871531359	1.7453617120	0.0134697585	0.0005284582
288.0400085000	44.0535417351	1.6445537966	0.0133384702	0.0004979357
288.5030823000	45.1726507657	1.3848700461	0.0136773125	0.0004193090
289.0216064000	43.6243820529	1.3601701847	0.0132085298	0.0004118304
289.5280457000	43.2074546100	1.6774509360	0.0130822931	0.0005078963
290.0333862000	45.6938659638	1.5311861760	0.0138351253	0.0004636104
290.5481262000	43.3041709905	1.4141931459	0.0131115768	0.0004281874
291.5072632000	43.5633094414	1.5211576029	0.0131900384	0.0004605740
292.0108032000	43.7919140767	1.1091262222	0.0132592549	0.0003358197
292.5266113000	46.0737007111	1.2048917310	0.0139501311	0.0003648154
293.0294189000	44.1151427659	1.3406360664	0.0133571217	0.0004059159
293.5021515000	44.4427335422	1.2627877644	0.0134563092	0.0003823451
294.0540771000	45.2833807328	1.6191880285	0.0137108392	0.0004902555
294.5584717000	46.2439744753	1.3781966709	0.0140016864	0.0004172885
295.0606995000	46.2692951351	1.4132003509	0.0140093529	0.0004278868
295.5729980000	45.3466851184	1.2779141009	0.0137300064	0.0003869251
296.0102539000	45.5396627055	1.3579886157	0.0137884359	0.0004111699
296.5073242000	46.4633035726	1.2102363877	0.0140680945	0.0003664337
297.0064697000	47.6363740470	1.5859250405	0.0144232752	0.0004801842
297.5069275000	44.7585360811	1.1913016703	0.0135519274	0.0003607007
298.0281677000	48.2609086869	1.4957838381	0.0146123709	0.0004528914
298.5061646000	47.0032788001	1.2429413974	0.0142315875	0.0003763361
299.0000610000	46.8819614845	1.1321457128	0.0141948552	0.0003427895
299.5650635000	45.7879818920	1.2453883436	0.0138636216	0.0003770770
300.0437927000	46.8874709283	1.5169220034	0.0141965234	0.0004592915
300.5512390000	45.1854174922	1.3023699715	0.0136811780	0.0003943298
301.0385437000	47.9022038987	1.2360602372	0.0145037628	0.0003742526
301.8989105500	46.1100756845	1.2279627728	0.0139611447	0.0003718009
302.0503540000	45.0745750738	1.2990626536	0.0136476173	0.0003933284
302.5397034000	46.6657313137	1.3571881317	0.0141293853	0.0004109275
303.0410156000	47.4857069741	1.1476458068	0.0143776564	0.0003474826
303.5534058000	47.7308667373	1.7260637034	0.0144518856	0.0005226152
304.0575562000	48.2621394863	1.3026900892	0.0146127436	0.0003944267
304.5186767500	48.2626910610	1.2438300288	0.0146129106	0.0003766051
305.0518188000	47.4987613539	1.6292680018	0.0143816090	0.0004933075
305.5527954000	46.2421821992	1.7680721965	0.0140011437	0.0005353344
306.0114898500	47.6914559143	1.5952552510	0.0144399528	0.0004830092
306.5398254000	48.2671983565	1.5654232869	0.0146142753	0.0004739767
307.0174866000	48.7010334372	1.5975001527	0.0147456313	0.0004836889
307.5130920000	48.0054701832	1.2602268570	0.0145350296	0.0003815697
308.0328674000	47.7209385261	1.3897574002	0.0144488795	0.0004207888
308.5362549000	47.3304393692	1.4629460791	0.0143306447	0.0004429488
309.0354309000	48.2151235609	1.4207129101	0.0145985082	0.0004301615
309.5302124000	47.5962750568	1.4735633604	0.0144111341	0.0004461635
310.0421448000	48.9973992424	1.3396005591	0.0148353645	0.0004056024
310.5397644000	49.8589957706	1.2701429506	0.0150962375	0.0003845721
311.0409241000	48.0983512348	1.4717778496	0.0145631520	0.0004456229
312.3551788000	47.4386704593	1.3835866538	0.0143634148	0.0004189204
312.5091248000	48.4261221416	1.6443025903	0.0146623940	0.0004978597
313.0075684000	46.9612037353	1.4118053811	0.0142188481	0.0004274645
313.5246582000	47.5705669356	1.2657607211	0.0144033502	0.0003832453
314.0461121000	47.8561483267	1.2844151162	0.0144898182	0.0003888934
314.5537109000	47.8684383334	1.5207982049	0.0144935393	0.0004604652
315.0530090000	47.7533709986	1.9203225876	0.0144586994	0.0005814326
315.5565186000	46.9522770222	1.4089433275	0.0142161453	0.0004265979
316.0579834000	47.6113096895	1.4025184906	0.0144156862	0.0004246526
316.5494690000	48.1331234616	1.4516324937	0.0145736803	0.0004395233
317.0400085000	47.7297482136	1.3771284619	0.0144515469	0.0004169650
317.5567017000	47.1616266950	1.4761061599	0.0142795319	0.0004469334
318.0032349000	49.0040734064	1.5933424885	0.0148373853	0.0004824300
318.5508118000	48.3631728745	1.5064418979	0.0146433343	0.0004561184
319.0564575000	49.2675975088	1.4593036363	0.0149171748	0.0004418459
319.5439453000	48.9239409783	1.1901748588	0.0148131229	0.0003603595
320.0019226000	46.6048417175	1.5368113814	0.0141109493	0.0004653136
320.5081177000	47.6166111712	1.5330077167	0.0144172914	0.0004641619
321.0162048000	48.3147687086	1.3659814292	0.0146286786	0.0004135900
321.5160217000	50.1635655466	1.5718570087	0.0151884547	0.0004759247
322.7073364000	47.4394341566	1.5064300444	0.0143636460	0.0004561148
323.0322876000	47.8243252795	1.5322544904	0.0144801828	0.0004639339
323.5238342000	47.1669522218	1.3469741908	0.0142811443	0.0004078350
324.0128174000	48.7688353906	1.3250478515	0.0147661603	0.0004011961
324.5113831000	47.4462029420	1.2015565562	0.0143656955	0.0003638056
325.0072327000	49.1703157461	1.5701427368	0.0148877199	0.0004754056
325.5628357000	45.9888953885	1.4722233755	0.0139244539	0.0004457577
326.0547180000	47.3295801099	1.6697383742	0.0143303846	0.0005055611
326.5666199000	47.3029904491	1.3942253566	0.0143223338	0.0004221416
327.0026855000	46.6055217195	1.3723200806	0.0141111552	0.0004155092
327.5516357000	46.7573222521	1.4083045489	0.0141571171	0.0004264045
328.0298767000	47.5458649128	1.1807033587	0.0143958710	0.0003574917
328.5498962000	46.6195209753	1.5615815453	0.0141153938	0.0004728135
329.0040588000	48.5145248706	1.6790480592	0.0146891605	0.0005083798
329.5454102000	45.9761460768	1.3621894074	0.0139205937	0.0004124418
330.0399170000	47.3921188626	1.3438371277	0.0143493200	0.0004068851
330.5309143000	47.4561786395	1.5520275272	0.0143687159	0.0004699207
331.0187378000	47.1976064008	1.1698243225	0.0142904257	0.0003541978
331.5002747000	46.6254250025	1.4816437490	0.0141171815	0.0004486100
332.0659790000	48.4879083395	1.4569489392	0.0146811016	0.0004411330
333.1780701000	46.8742160706	1.3366396445	0.0141925101	0.0004047059
333.5324402000	46.5434918434	1.8707398065	0.0140923738	0.0005664200
334.0211487000	46.3234805416	1.3177334891	0.0140257591	0.0003989815
334.5117798000	47.5609547126	1.6103804164	0.0144004398	0.0004875887
335.0107422000	46.5307651153	1.6914155877	0.0140885205	0.0005121245
335.5079956000	46.9270515962	1.5959275213	0.0142085075	0.0004832127
336.0059814000	47.3165517951	1.5980708725	0.0143264399	0.0004838617
336.5720215000	47.2389490838	1.4663533931	0.0143029434	0.0004439804
337.0070801000	47.1310795648	1.5991357368	0.0142702828	0.0004841841
337.5050659000	47.8277652377	1.6478568443	0.0144812244	0.0004989358
338.0003052000	46.0299212605	1.3156393036	0.0139368757	0.0003983474
338.5680542000	44.6661960096	1.6470240271	0.0135239688	0.0004986836
339.0058899000	46.2253002341	1.2390248921	0.0139960322	0.0003751502
339.5534058000	44.4850037833	1.5254819485	0.0134691077	0.0004618833
340.0521851000	47.9824995115	1.6344808086	0.0145280746	0.0004948858
340.5596008000	44.4936341512	1.4025248729	0.0134717208	0.0004246545
341.0506897000	45.6840199358	1.5420420034	0.0138321441	0.0004668973
341.5532532000	45.8853805029	1.4715515142	0.0138931118	0.0004455543
342.0339050000	46.5058468442	1.4889804004	0.0140809757	0.0004508314
342.5456085500	45.6925478681	1.2586676035	0.0138347262	0.0003810976
343.5886536000	46.0093778643	1.8463102420	0.0139306556	0.0005590233
344.0048523000	46.0504548745	1.3219226758	0.0139430928	0.0004002499
344.5586243000	44.1534410929	1.7106013180	0.0133687176	0.0005179335
345.0454712000	45.7878444796	1.6147992580	0.0138635800	0.0004889267
345.5326538000	45.0761741753	1.9092075754	0.0136481014	0.0005780672
346.0249329000	45.0490501776	1.6279866712	0.0136398889	0.0004929195
346.5135193000	43.4588931221	1.1976965175	0.0131584233	0.0003626369
347.0584717000	44.5930950571	1.7027372568	0.0135018354	0.0005155524
347.5525513000	43.2445079052	1.8481141039	0.0130935121	0.0005595694
348.0515137000	45.4120958968	1.5184110189	0.0137498113	0.0004597424
348.5237732000	42.7815362794	1.6682117874	0.0129533342	0.0005050988
349.0015106000	43.4181820998	1.6143144948	0.0131460969	0.0004887799
349.5090027000	46.5639515115	1.4540323194	0.0140985686	0.0004402499
349.7882080000	44.6165282334	1.2209062283	0.0135089305	0.0003696643
