#Data reduced with Dominiques SARed v. 1.0
#wavelength: 5.1836
#q/A-1 	 Icorr/a.u. 	 sIcorr /a.u. 	Ispec/a.u. 	 sIspec/a.u. 	 Ibg/a.u. 	 sIbg/a.u. 	 2th/°
0.0	0.023723569405104818	0.003277732234242761	0.03144367323787493	0.0008239786937065959	0.007720103832770116	0.0031724734375108035	0.0
0.0007616023025496474	0.10414482766599448	0.006017829579794112	0.12081869468620593	0.0016150403039564974	0.016673867020211456	0.005797061123365967	0.03600000000000003
0.001523204529932161	0.14332607812453096	0.004185682215495395	0.1540436356817298	0.0018235314109112913	0.010717557557198831	0.0037675812934207962	0.07200000000000006
0.002284806606980415	0.07454511813517217	0.001947644000599008	0.0786949551014268	0.0013034257260774605	0.004149836966254629	0.0014472036932197045	0.1080000000000001
0.003046408458527297	0.014384328197403951	0.0012463443867480586	0.01800924152780497	0.000623429374091644	0.003624913330401018	0.0010792173765734572	0.14400000000000013
0.0038080100094057185	0.012304261422925115	0.0007281918918144628	0.01460427614609841	0.0005589019153165745	0.0023000147231732955	0.00046678911765356187	0.18000000000000016
0.004569611184448619	0.03150495899726941	0.0010427866333512009	0.034051541738907454	0.0008477516681914796	0.0025465827416380426	0.0006072240704834544	0.2160000000000002
0.0053312119084889765	0.05269877067985857	0.0013617081390178173	0.056247447466729265	0.0010796384089810623	0.003548676786870695	0.0008298373103929516	0.2520000000000002
0.006092812106359814	0.06653867310480518	0.00167819799161407	0.07146075516242226	0.0011989202155378638	0.004922082057617066	0.0011742822556064364	0.28800000000000026
0.006854411702894205	0.076316448902888	0.0019268454795668283	0.0823676080156921	0.0012625578067426747	0.006051159112804096	0.001455569059426672	0.3240000000000003
0.007616010622925281	0.08489578993723142	0.002028306159861375	0.0916351875975408	0.0013060604240389395	0.006739397660309386	0.0015518479458023018	0.3600000000000003
0.008377608791286243	0.09162615182974118	0.002150560640720349	0.09900357452586248	0.0013337949498203893	0.007377422696121301	0.0016869801721564903	0.39600000000000035
0.009139206132810369	0.09713188053971868	0.0022559962349919887	0.10498948826945656	0.0013492197839610252	0.00785760772973788	0.0018080721741308317	0.4320000000000004
0.009900802572331011	0.09776638981203434	0.0023111665385949307	0.10601500514301895	0.0013299417270660177	0.00824861533098462	0.0018901708313614225	0.4680000000000004
0.010662398034681612	0.09005406220742636	0.0023416579766531863	0.09885894894839034	0.0012558340388218992	0.008804886740963986	0.001976421753209514	0.5040000000000004
0.011423992444695719	0.08505398694375624	0.002479569114768438	0.09491404808515233	0.0011991132736282257	0.009860061141396096	0.00217034337189352	0.5400000000000005
0.01218558572720697	0.09914566588888735	0.0027584320891065823	0.11020859964944277	0.0012582761457146253	0.011062933760555418	0.002454727832436511	0.5760000000000005
0.012947177807049128	0.12983703048501463	0.0031199993542827494	0.14190428046058992	0.0013964595170968676	0.012067249975575301	0.0027900352664140928	0.6120000000000005
0.013708768609056067	0.1499462547953245	0.0034249060025571066	0.16260306380188505	0.0014686815793537621	0.012656809006560538	0.003094019318753301	0.6480000000000006
0.014470358058061785	0.13483385832400555	0.0033023896124469293	0.14664678928378658	0.001371479242157212	0.011812930959781039	0.0030041341249566833	0.6840000000000006
0.01523194607890042	0.09237224804401087	0.0026183670734286697	0.10170717454866265	0.001120960610787095	0.00933492650465178	0.0023662826205420266	0.7200000000000006
0.01599353259640625	0.05036397142737674	0.0017526259993811875	0.05662130507533874	0.0008181089803567686	0.006257333647962	0.001549966318978098	0.7560000000000007
0.016755117535413692	0.024570570273431742	0.0011090647463049275	0.028445992018022573	0.0005655257401645575	0.0038754217445908313	0.0009540467749055823	0.7920000000000007
0.017516700820757333	0.0130807624473428	0.0007228094061812909	0.015603787567263211	0.00040811264464182703	0.002523025119920412	0.0005965714600511863	0.8280000000000007
0.018278282377271908	0.008962124116929626	0.0005117405239984782	0.010751245679323103	0.0003302318316162139	0.0017891215623934767	0.0003909287675390973	0.8640000000000008
0.01903986212979234	0.009552563812005466	0.0004636175475601012	0.011074602926907366	0.00032708183488958076	0.0015220391149018994	0.0003285706981623707	0.9000000000000008
0.019801440003153717	0.014300968859216983	0.0005016136868818471	0.015776122354963798	0.00038272719535278405	0.001475153495746815	0.00032424710454311174	0.9360000000000008
0.020563015922191313	0.01908163217340327	0.0005316364830055882	0.020434136338831822	0.00042887439276624253	0.0013525041654285533	0.00031417209502426806	0.9720000000000009
0.0213245898117406	0.017993746740332103	0.0005056794122166574	0.01917512987308173	0.0004094430876114998	0.001181383132749628	0.0002967625750443371	1.008000000000001
0.022086161596637257	0.011940445799585355	0.0004083555741264576	0.012886319888836383	0.000330747303133199	0.0009458740892510284	0.00023950051438413356	1.044000000000001
0.02284773120171715	0.0064563482030598005	0.0002975954810997778	0.0071783792236908475	0.00024271185284841898	0.0007220310206310473	0.00017220344612665458	1.080000000000001
0.023609298551816378	0.0037118129982009673	0.00022275137854261938	0.004265030968499738	0.0001833534732916531	0.0005532179702987707	0.00012648984336508746	1.116000000000001
0.024370863571771255	0.002780885273172376	0.00018519878417780906	0.0032357015437837733	0.00015681223445477256	0.0004548162706113971	9.853178566452623e-05	1.152000000000001
0.025132426186418328	0.002723499249327488	0.00018107916555336803	0.0031658831909057144	0.00015238471598198608	0.00044238394157822676	9.781902950138843e-05	1.188000000000001
0.02589398632059438	0.003928381345067736	0.0002105678270228203	0.004417315298049092	0.00017671067724233454	0.0004889339529813559	0.0001145082805986879	1.224000000000001
0.026655543899136446	0.006805217345754328	0.0002709454043653802	0.007429492931741045	0.00022578172102815774	0.0006242755859867171	0.00014977992721417155	1.2600000000000011
0.02741709884688179	0.011308594286487561	0.00033240552545242904	0.012027843711442525	0.0002837786392053383	0.000719249424954963	0.0001730985767765636	1.2960000000000012
0.02817865108866797	0.01478925553425586	0.0003606724387122524	0.015492111028151451	0.00031835829231223115	0.0007028554938955914	0.00016950694901001387	1.3320000000000012
0.02894020054933278	0.013992581585484854	0.0003471034240166807	0.014619076271210538	0.00030580888676631557	0.0006264946857256848	0.00016420021844946003	1.3680000000000012
0.02970174715371431	0.009780425593543838	0.00029686266988269343	0.010324421666801534	0.00025413676988660387	0.0005439960732576956	0.00015343385207145245	1.4040000000000012
0.03046329082665092	0.005557810136664407	0.0002252770285851967	0.006000852551606355	0.00019143550616538275	0.00044304241494194787	0.00011875262770726056	1.4400000000000013
0.031224831492981258	0.0032542485230501917	0.0001652458974304278	0.0035695424994320523	0.00014556917777586653	0.0003152939763818606	7.82037153800613e-05	1.4760000000000013
0.031986369077544284	0.0024023032192190498	0.00013394793702238718	0.0026285699140843576	0.00012314314025196776	0.0002262666948653077	5.2704998258586466e-05	1.5120000000000013
0.032747903505179234	0.0021662502094718494	0.0001242499779943827	0.0023705113880114178	0.00011549475735110208	0.0002042611785395684	4.581504180959175e-05	1.5480000000000014
0.0335094347007257	0.0022689682517950597	0.00012883388522128835	0.002498843423653076	0.00011702263215353349	0.00022987517185801595	5.388760103280618e-05	1.5840000000000014
0.03427096258902354	0.002989018884475906	0.00015163650212707012	0.0032862423792844	0.00013247247219170253	0.00029722349480849355	7.378802673030047e-05	1.6200000000000014
0.03503248709491299	0.004767002513264891	0.00018752043036599522	0.00512199509438925	0.00016364281503983123	0.0003549925811243587	9.156932286791054e-05	1.6560000000000015
0.035794008143234565	0.007331750503291767	0.00021995851661084408	0.007715520122763731	0.0001989808832225555	0.0003837696194719631	9.37462380131315e-05	1.6920000000000015
0.03655552565882917	0.00918441341405107	0.0002432707436299881	0.009601617088154716	0.0002199324138195501	0.00041720367410364606	0.00010397301600796985	1.7280000000000015
0.03731703956653804	0.008835787909172048	0.00023796839137769384	0.009240674537503333	0.00021384849474270429	0.00040488662833128503	0.0001043924163489228	1.7640000000000016
0.03807854979120276	0.006509442765806765	0.0002020355080276064	0.0068417483391833185	0.00018241122101886586	0.00033230557337655324	8.685904069456141e-05	1.8000000000000016
0.038840056257665276	0.00399520894973272	0.00015543126614280466	0.004234467043553911	0.0001421812322156933	0.000239258093821191	6.279630323818809e-05	1.8360000000000016
0.039601558890767934	0.0024060524856809717	0.00011688298164945382	0.002560446156886547	0.0001095128072784318	0.00015439367120557507	4.084821221624776e-05	1.8720000000000017
0.04036305761535342	0.0015132992530355325	8.995173013225802e-05	0.0016184954710087714	8.623149274522106e-05	0.00010519621797323892	2.5601629102802483e-05	1.9080000000000017
0.041124552356264825	0.0010035675066730797	7.214077602897095e-05	0.0010786257586740673	6.961848612082295e-05	7.505825200098762e-05	1.8909202952714105e-05	1.9440000000000017
0.04188604303834564	0.000694380419910267	5.967895057900161e-05	0.0007571816558781769	5.757749016642339e-05	6.280123596790979e-05	1.569744464383724e-05	1.9800000000000018
0.042647529586439734	0.000546139181867782	5.264950989581946e-05	0.0006058836611738163	5.089482789695558e-05	5.974447930603439e-05	1.3479146323460668e-05	2.016000000000002
0.04340901192539141	0.0005322147883012626	5.080058900096171e-05	0.0005823358502771064	4.9374768063153516e-05	5.012106197584382e-05	1.1951239331317385e-05	2.052000000000002
0.04417048998004537	0.0005246564588262152	4.893698188073458e-05	0.0005612275916458669	4.791708578209114e-05	3.6571132819651754e-05	9.938867427783899e-06	2.088000000000002
0.044931963675246746	0.00048968289903849	4.6188861732437515e-05	0.0005199892632654278	4.562492410719233e-05	3.0306364226937846e-05	7.195640927059324e-06	2.124000000000002
0.04569343293584109	0.0004526833685220807	4.430537049684506e-05	0.00048454951222691634	4.3531403627020194e-05	3.186614370483563e-05	8.245165439465848e-06	2.160000000000002
0.04645489768667441	0.00039298853497074244	4.15660614277734e-05	0.0004282198770851418	4.045022330572061e-05	3.5231342114399366e-05	9.566446421465446e-06	2.196000000000002
0.04721635785259313	0.0003509821964132372	3.959713427395823e-05	0.0003933736756353851	3.830437826208295e-05	4.239147922214794e-05	1.0035320057932634e-05	2.232000000000002
0.04797781335844415	0.000390366621397066	4.152699184889596e-05	0.00043951840579102813	3.993457632173178e-05	4.915178439396216e-05	1.1389498058389186e-05	2.268000000000002
0.048739264129074845	0.0004887874885343696	4.549124936330732e-05	0.0005394027471166755	4.3703350732677715e-05	5.061525858230591e-05	1.2628178941207909e-05	2.304000000000002
0.04950071008933302	0.0006243156330641327	5.1310886875761464e-05	0.0006864448706415717	4.875818400513325e-05	6.212923757743899e-05	1.598269703456705e-05	2.340000000000002
0.05026215116406697	0.0008268993269288814	5.928803463077252e-05	0.0009096656650220977	5.545162406504363e-05	8.276633809321628e-05	2.0980668219309786e-05	2.376000000000002
0.05102358727812547	0.00112362642367493	6.982481335836964e-05	0.001235670673711237	6.381087572124206e-05	0.00011204425003630714	2.8349192232219904e-05	2.412000000000002
0.051785018356357806	0.0016090420647943775	8.152029858982292e-05	0.00174453292068265	7.481617583921708e-05	0.00013549085588827252	3.237435582323199e-05	2.448000000000002
0.05254644432361374	0.0021505698585435637	9.159866311884605e-05	0.002299250000565821	8.477028825064037e-05	0.0001486801420222572	3.4703217647117244e-05	2.484000000000002
0.05330786510474352	0.0025177133611878665	9.632967736909939e-05	0.002657176133815842	8.990980488564378e-05	0.00013946277262797543	3.457793700411068e-05	2.5200000000000022
0.05406928062459796	0.002543274867445324	9.349853772190298e-05	0.002662051373888563	8.878569162892697e-05	0.00011877650644323888	2.9310024191515157e-05	2.5560000000000023
0.054830690808028326	0.0022328181024064576	8.654694921498958e-05	0.002343783844958357	8.221374320744107e-05	0.00011096574255189942	2.7042093969271708e-05	2.5920000000000023
0.05559209557988647	0.0018016486771661785	7.663731973545418e-05	0.0018934070325805792	7.291663813603737e-05	9.175835541440068e-05	2.3589036842830514e-05	2.6280000000000023
0.05635349486502476	0.001396534169061472	6.573848973289788e-05	0.0014653514514661465	6.32316303698815e-05	6.88172824046747e-05	1.7980821814616854e-05	2.6640000000000024
0.05711488858829606	0.001149088345586755	5.72471865782098e-05	0.001190890301765227	5.608947032393168e-05	4.180195617847199e-05	1.1454767125574895e-05	2.7000000000000024
0.05787627667455386	0.0009254320424103889	4.9715317318711645e-05	0.0009553659518757613	4.89914562805508e-05	2.9933909465372396e-05	8.452809450772545e-06	2.7360000000000024
0.05863765904865216	0.0006639389747874108	4.086254481989911e-05	0.0006946080322958477	3.99754140605145e-05	3.066905750843695e-05	8.468402437808622e-06	2.7720000000000025
0.05939903563544553	0.0004353366981238759	3.0698368314009205e-05	0.0004603353023132379	2.9835266305861428e-05	2.4998604189361983e-05	7.228187988762744e-06	2.8080000000000025
0.060160406359789115	0.0002592214939488784	2.0473386240048163e-05	0.00028121792927148317	1.963795119588537e-05	2.1996435322604764e-05	5.788818269925028e-06	2.8440000000000025
0.06092177114653864	0.00014891385616105435	1.3536181067896125e-05	0.00017345200762571415	1.1837091175401818e-05	2.453815146465979e-05	6.565932561951418e-06	2.8800000000000026
0.061683129920550396	0.00011972488066141002	1.0017218663854997e-05	0.00013742701825027916	8.804586336395127e-06	1.7702137588869142e-05	4.777439607619243e-06	2.9160000000000026
0.062444482606681305	0.00012813265789017917	8.816856120951444e-06	0.00013774137081109215	8.53127929985843e-06	9.608712920912975e-06	2.225808923822083e-06	2.9520000000000026
0.06320582912978885	0.00011797052428343344	8.281766852231335e-06	0.00012612764703263734	8.049519644394897e-06	8.157122749203902e-06	1.947535799213553e-06	2.9880000000000027
0.06396716941473117	8.905940300570226e-05	7.2105957153657e-06	9.695104022942582e-05	6.953014453551971e-06	7.891637223723562e-06	1.910047271443195e-06	3.0240000000000027
0.06472850338636696	7.223174380610161e-05	6.575879015015076e-06	8.074448422672436e-05	6.241854054524185e-06	8.512740420622755e-06	2.069164754710372e-06	3.0600000000000027
0.06548983096955559	6.897453106187665e-05	6.43714576648084e-06	7.818729602078814e-05	6.042634630818621e-06	9.212764958911486e-06	2.2188763681993906e-06	3.0960000000000027
0.06625115208915702	7.863181491243518e-05	6.7042662832063035e-06	8.777962243044313e-05	6.295771214938475e-06	9.14780751800795e-06	2.304441625489564e-06	3.132000000000003
0.0670124666700319	0.00010029755832594503	7.424018222710765e-06	0.00011087642888804971	6.973417244260994e-06	1.057887056210469e-05	2.547056832617777e-06	3.168000000000003
0.06777377463704146	0.00012816134491767036	8.396041582562676e-06	0.00014108867349813415	7.784641104646247e-06	1.29273285804638e-05	3.1452944421744703e-06	3.204000000000003
0.06853507591504764	0.00015965997413811873	9.2497078000208e-06	0.00017367099673065164	8.548321607090094e-06	1.4011022592532898e-05	3.533170260194417e-06	3.240000000000003
0.06929637042891301	0.00018672332757873808	9.701281096827771e-06	0.00020056646449414042	9.074408875264282e-06	1.3843136915402341e-05	3.43073730912069e-06	3.276000000000003
0.07005765810350081	0.00019398052015079904	9.537650226097897e-06	0.00020608936829889422	9.069871912500312e-06	1.210884814809518e-05	2.950287329434742e-06	3.312000000000003
0.07081893886367496	0.00017962746530224695	8.945502627816804e-06	0.00018994206762837736	8.552904119983325e-06	1.0314602326130402e-05	2.6210395606800005e-06	3.348000000000003
0.07158021263430006	0.00015574113765758074	8.081410837817074e-06	0.0001641854223494325	7.780668996112346e-06	8.444284691851737e-06	2.1841225017208536e-06	3.384000000000003
0.07234147934024139	0.0001230724497166494	6.934986508684828e-06	0.0001297065316167937	6.7528484228472045e-06	6.6340819001443096e-06	1.5789477678791687e-06	3.420000000000003
0.07310273890636496	9.856097537343773e-05	6.098730697851203e-06	0.00010478089671843508	5.939459374702863e-06	6.219921344997358e-06	1.3846799128921119e-06	3.456000000000003
0.07386399125753744	8.088671342104546e-05	5.489479030938492e-06	8.651802068182079e-05	5.310306378485188e-06	5.6313072607753226e-06	1.3910521908731297e-06	3.492000000000003
0.07462523631862626	6.347780836101688e-05	4.740801324473896e-06	6.727424394856397e-05	4.642706187444804e-06	3.796435587547088e-06	9.594146419537152e-07	3.528000000000003
0.07538647401449954	5.327578575937537e-05	4.309142116421987e-06	5.616395799263875e-05	4.232388536836149e-06	2.8881722332633808e-06	8.09687009145953e-07	3.564000000000003
0.07614770427002611	4.810916311166992e-05	4.065507416447348e-06	5.0543576883686376e-05	4.008923406044945e-06	2.4344137720164603e-06	6.759317107913996e-07	3.600000000000003
0.07690892701007558	4.007339547076839e-05	3.67335100580923e-06	4.18627936842573e-05	3.631775870477777e-06	1.789398213488907e-06	5.511003887633085e-07	3.6360000000000032
0.07767014215951826	3.367584873895447e-05	3.370187432002196e-06	3.5712820758439714e-05	3.327547808252156e-06	2.0369720194852452e-06	5.344051932960872e-07	3.6720000000000033
0.07843134964322523	3.0398135972905064e-05	3.1861994940397476e-06	3.243374621775001e-05	3.13972559585883e-06	2.0356102448449466e-06	5.42208814506052e-07	3.7080000000000033
0.07919254938606833	2.9776346349623102e-05	3.063043859508119e-06	3.106862228761348e-05	3.033090028500653e-06	1.2922759379903795e-06	4.273202128150547e-07	3.7440000000000033
0.07995374131292016	2.7255143321873482e-05	2.8617091949063267e-06	2.810450380846422e-05	2.8482653113356003e-06	8.493604865907359e-07	2.7706358918799194e-07	3.7800000000000034
0.08071492534865408	2.181211695739885e-05	2.5519053387924965e-06	2.284639859316795e-05	2.5342555318580717e-06	1.0342816357691e-06	2.996160166019321e-07	3.8160000000000034
0.08147610141814425	2.015036942495061e-05	2.4428790209648028e-06	2.117846369924579e-05	2.419808570898581e-06	1.0280942742951797e-06	3.3493938447981954e-07	3.8520000000000034
0.08223726944626558	1.997328043819242e-05	2.4007813351345877e-06	2.0676575833887832e-05	2.3842597418674098e-06	7.032953956954108e-07	2.811698818169642e-07	3.8880000000000035
0.08299842935789382	1.851188464437062e-05	2.3039435778382772e-06	1.915339749254164e-05	2.2925255914608247e-06	6.415128481710193e-07	2.2909042398021971e-07	3.9240000000000035
0.08375958107790549	1.5392136097566144e-05	2.1023411039509155e-06	1.6010229667057356e-05	2.093576068454386e-06	6.18093569491213e-07	1.9177424998322977e-07	3.9600000000000035
0.08452072453117793	1.2337713157706365e-05	1.8925720046248486e-06	1.288477974271202e-05	1.883675419968628e-06	5.470665850056549e-07	1.8329131156639713e-07	3.9960000000000035
0.08528185964258927	9.462710095866178e-06	1.687645092996966e-06	1.0123808229249572e-05	1.6656219237989626e-06	6.61098133383394e-07	2.717527679288316e-07	4.032000000000004
0.08604298633701853	9.157328587346769e-06	1.632504017503472e-06	9.670172194560454e-06	1.618915033418663e-06	5.128436072136859e-07	2.1019867206056814e-07	4.068000000000003
0.08680410453934549	9.6143184496539e-06	1.6370542728367662e-06	9.92383806433724e-06	1.633361650255916e-06	3.0951961468334093e-07	1.0989272808690903e-07	4.104000000000004
0.08756521417445082	8.107037143545572e-06	1.516420458717594e-06	8.592391939517335e-06	1.5074167516939197e-06	4.853547959717629e-07	1.6500225552952033e-07	4.140000000000004
0.08832631516721595	7.2760467108543595e-06	1.4035109390756023e-06	7.767180126282515e-06	1.3946893563550429e-06	4.911334154281553e-07	1.5711319287327566e-07	4.176000000000004
0.08908740744252326	7.018549072578016e-06	1.2994022891758037e-06	7.345394587708066e-06	1.292577804543485e-06	3.2684551513005013e-07	1.3299973051425076e-07	4.212000000000003
0.089848490925256	7.693537354083602e-06	1.2755328938659907e-06	7.890898349454446e-06	1.2725800677452146e-06	1.9736099537084338e-07	8.674176912960587e-08	4.248000000000004
0.09060956554029817	7.464793845403467e-06	1.2448025808224734e-06	7.653853254027477e-06	1.2411621291611508e-06	1.890594086240102e-07	9.513166853603153e-08	4.284000000000004
0.09137063121253476	5.044809856155088e-06	1.030414840751771e-06	5.219406806603829e-06	1.0266279049907798e-06	1.7459695044874134e-07	8.8260346338203e-08	4.320000000000004
0.09213168786685154	4.006614537794939e-06	9.198732246841802e-07	4.142787468459191e-06	9.172499002722346e-07	1.3617293066425191e-07	6.942168207014281e-08	4.356000000000003
0.09289273542813534	5.012894250306215e-06	1.0153357263529608e-06	5.213475606961428e-06	1.0121230874185914e-06	2.0058135665521274e-07	8.070621489670115e-08	4.392000000000004
0.09365377382127368	5.866396916970812e-06	1.1046858563334162e-06	6.273514748645877e-06	1.0971750429100494e-06	4.071178316750647e-07	1.2859924727005279e-07	4.428000000000004
0.09441480297115509	6.0761624435119075e-06	1.0894936850794584e-06	6.4513814165043625e-06	1.0829603490809523e-06	3.752189729924552e-07	1.1913593977671126e-07	4.464000000000004
0.09517582280266905	5.909721221719386e-06	1.022192168284887e-06	6.0924373012304124e-06	1.0183936136773264e-06	1.82716079511026e-07	8.804133418000311e-08	4.5000000000000036
0.0959368332407059	4.8823898872042394e-06	9.111612050189238e-07	5.123744408985061e-06	9.048168515136886e-07	2.413545217808219e-07	1.0733688437994223e-07	4.536000000000004
0.09669783421015692	4.827094647104894e-06	8.896858621625317e-07	5.0978794490299005e-06	8.829031388656031e-07	2.707848019250068e-07	1.0964935345524444e-07	4.5720000000000045
0.09745882563591426	4.49453132548162e-06	8.358699169024989e-07	4.712771487641721e-06	8.285737715495823e-07	2.1824016216010067e-07	1.1019992324267267e-07	4.608000000000004
0.09821980744287118	3.94214083875959e-06	7.726083865784423e-07	4.235624044007563e-06	7.660557270996148e-07	2.934832052479727e-07	1.0041086589221449e-07	4.644000000000004
0.09898077955592174	3.801498006603757e-06	7.763772747322983e-07	4.193428509024449e-06	7.658414591382927e-07	3.9193050242069184e-07	1.2746973046837954e-07	4.680000000000004
0.09974174189996102	4.448054600968805e-06	8.218339973129541e-07	4.757575459895063e-06	8.156224787793128e-07	3.0952085892625787e-07	1.0085182819006352e-07	4.716000000000005
0.10050269439988499	4.911298627911225e-06	8.604056126613006e-07	5.297886315431789e-06	8.470162671435286e-07	3.865876875205645e-07	1.5119940969894952e-07	4.752000000000004
0.10126363698059072	4.579481894148101e-06	8.233385855691652e-07	5.027110531553671e-06	8.064600691931263e-07	4.4762863740557e-07	1.6585711707385797e-07	4.788000000000004
0.10202456956697616	4.646123418261543e-06	8.051626024877537e-07	4.987957113531681e-06	7.978930466058564e-07	3.4183369527013765e-07	1.0795139009237908e-07	4.824000000000004
0.10278549208394028	4.8886855559427406e-06	8.308260241491761e-07	5.195232577186333e-06	8.253003650472146e-07	3.065470212435923e-07	9.566185162572184e-08	4.860000000000005
0.10354640445638301	4.2346631812795595e-06	7.867472567813966e-07	4.50050346170308e-06	7.801785627146211e-07	2.6584028042351993e-07	1.0145272955224471e-07	4.896000000000004
0.10430730660920536	4.101072117727738e-06	7.835723368470755e-07	4.3273505429739445e-06	7.771236441836441e-07	2.2627842524620727e-07	1.0032172607526133e-07	4.932000000000004
0.10506819846730926	4.748606600442075e-06	8.43033703259221e-07	5.003068001385257e-06	8.366387474505027e-07	2.544614009431819e-07	1.0364087560132837e-07	4.968000000000004
0.1058290799555977	4.245250573767483e-06	8.006057524680777e-07	4.5615562129185865e-06	7.931917863759352e-07	3.1630563915110323e-07	1.0870308602210768e-07	5.004000000000005
0.1065899509989747	3.958994663720104e-06	7.685573855835187e-07	4.2451493738382624e-06	7.619141063987448e-07	2.861547101181591e-07	1.0083327528933925e-07	5.0400000000000045
0.10735081152234527	4.438962863707977e-06	8.108647020414431e-07	4.690613763569762e-06	8.048380341843124e-07	2.5165089986178496e-07	9.867777737206046e-08	5.076000000000004
0.10811166145061554	4.640268295694281e-06	8.179538524703498e-07	4.828906337893518e-06	8.141709319230696e-07	1.8863804219923694e-07	7.857606749263537e-08	5.1120000000000045
0.1088725007086926	3.87322015892097e-06	7.48473054001683e-07	4.161188460108923e-06	7.4143226699126e-07	2.8796830118795305e-07	1.0242121865515628e-07	5.148000000000005
0.10963332922148458	3.6237882885096447e-06	7.150729737925426e-07	3.935291004324478e-06	7.076638147868367e-07	3.1150271581483363e-07	1.0267075089747825e-07	5.184000000000005
0.11039414691390081	3.43882219034628e-06	6.834120477424849e-07	3.638118303387139e-06	6.792030649892824e-07	1.9929611304085894e-07	7.573125846532041e-08	5.220000000000004
0.11115495371085153	3.129265676368234e-06	6.48478293464127e-07	3.2929562203726522e-06	6.449193289190912e-07	1.6369054400441825e-07	6.784656425122422e-08	5.256000000000005
0.11191574953724816	2.9556251056083137e-06	6.304945054825879e-07	3.111950569117712e-06	6.274814772854676e-07	1.5632546350939845e-07	6.156555130412068e-08	5.292000000000005
0.11267653431800309	2.2198322430755995e-06	5.544148952502922e-07	2.430814442534994e-06	5.48907329660333e-07	2.1098219945939452e-07	7.795267487748545e-08	5.328000000000005
0.11343730797802996	2.2052493695520947e-06	5.399212746423339e-07	2.4432452101506237e-06	5.34164782373624e-07	2.3799584059852903e-07	7.863185158154085e-08	5.364000000000004
0.11419807044224338	2.2448541095582427e-06	5.116137554714784e-07	2.380166218097445e-06	5.084030200122149e-07	1.3531210853920242e-07	5.72276509223391e-08	5.400000000000005
0.11495882163555914	2.2079337399741495e-06	4.6505599878640815e-07	2.2744927980125004e-06	4.6327126024308666e-07	6.655905803835108e-08	4.0704071540890654e-08	5.436000000000005
0.11571956148289399	2.5960058960659856e-06	4.830318324957e-07	2.675029509363653e-06	4.807385498790332e-07	7.902361329766717e-08	4.7012741510767735e-08	5.472000000000005
0.11648028990916603	2.5443112020777963e-06	4.7588508945746305e-07	2.663609194848139e-06	4.731649117178403e-07	1.1929799277034275e-07	5.0809297249479745e-08	5.5080000000000044
0.11724100683929436	2.074392159163981e-06	4.5722322861623095e-07	2.361531768615579e-06	4.4313739928277033e-07	2.871396094515981e-07	1.1261583433581967e-07	5.544000000000005
0.11800171219819924	1.6974221111081478e-06	4.1185587630567016e-07	1.944503100468063e-06	4.01461925123915e-07	2.470809893599154e-07	9.194338216158665e-08	5.580000000000005
0.11876240591080199	1.6264426819449929e-06	3.819706278899522e-07	1.7385681317011771e-06	3.796504280420922e-07	1.121254497561842e-07	4.203704387918452e-08	5.616000000000005
0.11952308790202522	1.9763328517379096e-06	4.2509988603377006e-07	2.1343166855004054e-06	4.2067752203114857e-07	1.579838337624959e-07	6.115828287040751e-08	5.652000000000005
0.12028375809679258	2.333871134122579e-06	4.5485132855384914e-07	2.4621531179919908e-06	4.515755099032111e-07	1.2828198386941153e-07	5.4491191424453854e-08	5.688000000000005
0.12104441642002901	1.9886593104941257e-06	4.1435476369051864e-07	2.0622169740593206e-06	4.128926572966426e-07	7.355766356519487e-08	3.477820788285094e-08	5.7240000000000055
0.12180506279666042	1.551104704772943e-06	3.7455660880093246e-07	1.6745245272525648e-06	3.71722076360163e-07	1.2341982247962178e-07	4.599294666515618e-08	5.760000000000005
0.12256569715161413	1.437665787299847e-06	3.6209862813961606e-07	1.5619234410592616e-06	3.5883860807608027e-07	1.2425765375941468e-07	4.8479581832078796e-08	5.796000000000005
0.12332631940981849	1.6379908007192605e-06	3.8004311182088553e-07	1.7340904024488986e-06	3.7802108816747336e-07	9.609960172963815e-08	3.915129299501428e-08	5.832000000000005
0.12408692949620312	1.4651659305809454e-06	3.7045025429109564e-07	1.6170616997280064e-06	3.6508318002495505e-07	1.5189576914706092e-07	6.28304270811817e-08	5.868000000000006
0.12484752733569876	1.2914051312617153e-06	3.5258562333988067e-07	1.4531592776487784e-06	3.460460034099425e-07	1.6175414638706317e-07	6.759279036981863e-08	5.904000000000005
0.12560811285323747	1.0332573903414347e-06	3.050251346930423e-07	1.1128353717389967e-06	3.0277198871657544e-07	7.957798139756195e-08	3.700615682718915e-08	5.940000000000005
0.12636868597375245	2.6683871125372285e-07	1.549380344410622e-07	2.880769881887967e-07	1.540192276375933e-07	2.1238276935073846e-08	1.6848502437278785e-08	5.976000000000005
