#Data reduced with Dominiques SARed v. 1.0
#wavelength: 5.1836
#q/A-1 	 Icorr/a.u. 	 sIcorr /a.u. 	Ispec/a.u. 	 sIspec/a.u. 	 Ibg/a.u. 	 sIbg/a.u. 	 2th/°
0.0	0.0038948718223046786	0.0007146208593676731	0.005572549009282723	0.00034829501001776855	0.0016776771869780442	0.0006239980437790763	0.0
0.0008039135400700481	0.042974240800400104	0.0024620015558760614	0.04865867686448684	0.001029639444580905	0.0056844360640867335	0.0022363573675285606	0.03799999999999981
0.0016078269917362263	0.12408557223703034	0.0033984724537085465	0.1327502428861984	0.0017008591607932907	0.008664670649168073	0.0029422258808190324	0.07599999999999962
0.002411740266594674	0.12483991054013463	0.006037506974489642	0.14149238553604243	0.001755498053024964	0.0166524749959078	0.005776652755085477	0.11399999999999944
0.003215653276241552	0.04287929206475316	0.005893184443500733	0.06216501993368985	0.0011630944758294808	0.019285727868936692	0.0057772687427030765	0.15199999999999925
0.004019565932273047	0.010218546756024106	0.0023568878890986456	0.01920922422479391	0.0006449115925723584	0.008990677468769803	0.0022669383669490562	0.18999999999999906
0.004823478146285387	0.025364518490351883	0.001074145184411161	0.028617143378682645	0.0007822812437514451	0.0032526248883307618	0.0007360869057851656	0.22799999999999887
0.00562738982987485	0.04198497062215608	0.0016401499551880153	0.046787668338424404	0.0009911818963607248	0.004802697716268325	0.0013067709530862727	0.2659999999999987
0.006431300894637767	0.05102035251217395	0.002385110744194649	0.05870581261064316	0.001093167249930141	0.007685460098469213	0.002119844009768861	0.3039999999999985
0.0072352112521705415	0.05814591029505582	0.002855688708706859	0.0678477154031205	0.0011499775170645495	0.00970180510806468	0.0026139069821403175	0.3419999999999983
0.008039120814069654	0.06441821482982886	0.0032393705636756605	0.07570890992903215	0.0011909191309990741	0.011290695099203288	0.0030125127837452867	0.3799999999999981
0.008843029491931675	0.07166775952178045	0.0035822851194821778	0.08419857000180545	0.0012323277235424404	0.012530810480024992	0.0033636490689505864	0.41799999999999793
0.009646937197353262	0.07764743612418205	0.00390709279529883	0.09146851969248046	0.0012595930978610691	0.013821083568298411	0.003698486087427771	0.45599999999999774
0.010450843841931193	0.07988216339156154	0.0042053165464200504	0.09491582645468302	0.0012575566333228104	0.015033663063121476	0.004012884071285895	0.49399999999999755
0.011254749337262357	0.07765428597972526	0.004309181574655114	0.09331252553188836	0.001218814374036697	0.015658239552163104	0.00413322360452331	0.5319999999999974
0.012058653594943762	0.07138188056510693	0.004222859685622991	0.08731050833600962	0.0011465612924874012	0.015928627770902686	0.0040642270023990455	0.5699999999999972
0.012862556526572564	0.07726908868932612	0.004145965784432417	0.0932910240006018	0.0011496928670512783	0.016021935311275676	0.003983370256094168	0.607999999999997
0.01366645804374606	0.10262904331630768	0.004547465198670139	0.11981151156336343	0.0012730945122081804	0.017182468247055764	0.004365623677792379	0.6459999999999968
0.014470358058061702	0.12548661324696586	0.0056242182630022045	0.1460821956959179	0.0013818704792951857	0.020595582448952047	0.0054518130056284975	0.6839999999999966
0.015274256481117106	0.11872777886300859	0.00645890047809821	0.1424138052696995	0.0013412032626152926	0.023686026406690906	0.006318114370152489	0.7219999999999964
0.016078153224510065	0.08358603114086452	0.005773968053529514	0.10525537630668658	0.0011289965646288876	0.021669345165822057	0.005662514798235461	0.7599999999999962
0.01688204819983856	0.04516407793740342	0.003964732901858093	0.06025809068286597	0.0008335978309289384	0.01509401274546255	0.0038761090850679965	0.797999999999996
0.017685941318700757	0.020931089506100585	0.002259282994808722	0.029551439052612514	0.0005687912278595361	0.008620349546511927	0.0021865123346878038	0.8359999999999959
0.018489832492695032	0.011061318308720255	0.001213242001767932	0.01566801499103871	0.00040306031016037086	0.004606696682318455	0.001144333229975991	0.8739999999999957
0.019293721633419976	0.008465638265738495	0.0007686389156058951	0.011308614978306496	0.00033309040910063176	0.0028429767125680012	0.0006927167977961702	0.9119999999999955
0.02009760865247441	0.010098989429547985	0.000611903946311692	0.012215727785033957	0.00033774563327280635	0.0021167383554859718	0.0005102492789970145	0.9499999999999953
0.020901493461457366	0.014950750515231741	0.0006386971471046023	0.016991190539892537	0.0003909338790395046	0.0020404400246607944	0.0005050789521834027	0.9879999999999951
0.021705375971968144	0.01788382079700523	0.0007553859477272335	0.020303944706830217	0.000420857176255507	0.002420123909824985	0.000627285554765939	1.025999999999995
0.022509256095606285	0.014636861055062095	0.0007603220957231164	0.01712894804770735	0.00038066268813825437	0.0024920869926452547	0.0006581683729139147	1.0639999999999947
0.023313133743971592	0.008327388726148128	0.0005825241492265078	0.010266110500852264	0.00028978791046948676	0.001938721774704137	0.0005053289536309941	1.1019999999999945
0.024117008828664143	0.004220190917127427	0.00038312385276879706	0.005479059715496323	0.00020768047072368154	0.0012588687983688962	0.00032195140726575016	1.1399999999999944
0.024920881261284295	0.002805311675943575	0.00026652642965938045	0.0036475017077477884	0.00016619491873545223	0.0008421900318042134	0.0002083640724633042	1.1779999999999942
0.0257247509534327	0.0025109198096434867	0.00021516488609843668	0.0031712938312551406	0.00015194922083024303	0.0006603740216116539	0.00015233962878658747	1.215999999999994
0.026528617816710308	0.0030833157191090966	0.00021134400747063183	0.003693164345047794	0.00016080681001322977	0.0006098486259386971	0.00013714029075044106	1.2539999999999938
0.027332481762718387	0.0054331958522596336	0.00025508984212382153	0.006072555345088314	0.00020294102152967902	0.0006393594928286804	0.00015455021622516921	1.2919999999999936
0.02813634270305852	0.009944271941610827	0.00034479445981140953	0.01078294434792397	0.0002669907177967072	0.0008386724063131428	0.00021817235417678557	1.3299999999999934
0.02894020054933261	0.014114977235930509	0.00044798345516237697	0.015277374447296186	0.00031416547482246654	0.001162397211365677	0.00031935752774718735	1.3679999999999932
0.029744055213142932	0.01409316824330603	0.000499492890860976	0.015469264415063806	0.00031245904114854677	0.0013760961717577762	0.00038969538825239585	1.405999999999993
0.03054790660609207	0.01006857398756657	0.0004527287662195194	0.011365186091253823	0.000264606625892168	0.0012966121036872534	0.00036735088035366205	1.4439999999999928
0.03135175463978301	0.005499849176280861	0.00032010254176987615	0.00643182662874482	0.00019658077216227113	0.0009319774524639596	0.0002526294465489337	1.4819999999999927
0.032155599225819065	0.0028576967010986126	0.00020105702332587285	0.0034160059850678014	0.00014129565579688497	0.0005583092839691887	0.00014303658371755382	1.5199999999999925
0.032959440275803956	0.002220384485554028	0.00014689592168734444	0.002567398023114007	0.00012068781910869863	0.0003470135375599787	8.374283328835051e-05	1.5579999999999923
0.033763277701341785	0.002285134751016729	0.00013247170425489445	0.002555198183706779	0.00011874406551676434	0.0002700634326900499	5.8724776140455354e-05	1.595999999999992
0.03456711141403705	0.0025529754010573604	0.00013954448991799966	0.002844901477485828	0.00012359035795857207	0.00029192607642846774	6.479265456937789e-05	1.633999999999992
0.035370941325494676	0.003742239148706247	0.00016885489293668417	0.00409043919169916	0.00014625118103600397	0.0003482000429929133	8.439530149382171e-05	1.6719999999999917
0.03617476734731996	0.006230310255506738	0.00021284239566093057	0.0066561823739260655	0.00018454721772483062	0.0004258721184193272	0.00010603871849804714	1.7099999999999915
0.03697858939111868	0.008359368120606801	0.0002568358339133205	0.008920619369918933	0.00021157242227523877	0.0005612512493121326	0.00014560822680926658	1.7479999999999913
0.037782407368497015	0.008675980625115117	0.0002726212793238399	0.009321711949979975	0.00021420432454855831	0.0006457313248648575	0.0001686382794174058	1.7859999999999912
0.0385862211910616	0.007318709195692575	0.00024328014720794556	0.007874218705809346	0.00019509219315285212	0.0005555095101167712	0.00014534189415419733	1.823999999999991
0.03939003077041955	0.0048307121009342	0.0001924359017172607	0.005234293528819825	0.0001576430555261731	0.0004035814278856243	0.00011036413962020054	1.8619999999999908
0.040193836018178414	0.0027306490170243224	0.0001438808260322867	0.003006985334997547	0.00011832450701231882	0.0002763363179732246	8.18596551423524e-05	1.8999999999999906
0.040997636845946234	0.0017177355877769154	0.00010466685649281098	0.0018910383337613218	9.284709715787967e-05	0.00017330274598440642	4.8317361242538295e-05	1.9379999999999904
0.04180143316533153	0.0011656488235839617	8.03185086729729e-05	0.001273918195346411	7.531942650260281e-05	0.00010826937176244932	2.789349075984281e-05	1.9759999999999902
0.04260522488794334	0.0008717522973101355	6.834903834051747e-05	0.000957630038051539	6.452408364775232e-05	8.587774074140351e-05	2.2544038491170737e-05	2.01399999999999
0.04340901192539116	0.0007178737952563051	6.134538750222199e-05	0.0007883181563361122	5.777095678808426e-05	7.04443610798071e-05	2.063427051259812e-05	2.05199999999999
0.04421279418928505	0.0005971768434361937	5.4695810619096774e-05	0.000656861458044624	5.206761473485541e-05	5.968461460843044e-05	1.6750975944785053e-05	2.0899999999999896
0.04501657159123558	0.0005353243360341723	5.235125139451209e-05	0.0006000624882436924	4.915380285967568e-05	6.473815220952011e-05	1.8015470768301962e-05	2.1279999999999895
0.04582034404285384	0.0005002312899604289	5.047236574177722e-05	0.0005591317479702292	4.687166986823943e-05	5.890045800980031e-05	1.8721812608145147e-05	2.1659999999999893
0.046624111455751474	0.00045391415963659494	4.568103506860039e-05	0.0005005738809565304	4.387352445534828e-05	4.665972131993549e-05	1.2722846254068117e-05	2.203999999999989
0.0474278737415407	0.00042274753582721345	4.329502492716473e-05	0.00046767742476716654	4.188001409411667e-05	4.492988893995308e-05	1.0978324230974626e-05	2.241999999999989
0.04823163081183427	0.00044339348107390374	4.3362422798215854e-05	0.0004886292943804606	4.216829492911853e-05	4.523581330655687e-05	1.0106167112318422e-05	2.2799999999999887
0.0490353825782455	0.0004938129530031298	4.481269196156646e-05	0.0005375190250562727	4.362145407890195e-05	4.370607205314292e-05	1.026382506108186e-05	2.3179999999999885
0.049839128952388345	0.0005542332473083535	4.6977089015500206e-05	0.0006031954772215793	4.563277554886472e-05	4.8962229913225776e-05	1.1157808390412712e-05	2.3559999999999883
0.050642869845877285	0.0006742293308038586	5.186352371269028e-05	0.0007383023105298369	4.979476003594321e-05	6.40729797259783e-05	1.4501964172470578e-05	2.393999999999988
0.051446605170327474	0.0009547604036202304	6.0825951321836954e-05	0.0010376648226730753	5.821835045825444e-05	8.290441905284489e-05	1.7618740707733433e-05	2.431999999999988
0.052250334837354605	0.0014205647934956744	7.383545765722782e-05	0.0015267462805601956	6.963794467347604e-05	0.00010618148706452128	2.4540404827674962e-05	2.4699999999999878
0.053054058758575044	0.001990756746685339	8.762597237791891e-05	0.0021307566378815663	8.10817985606836e-05	0.00013999989119622714	3.322729265740043e-05	2.5079999999999876
0.05385777684560577	0.0024384850089234733	9.539404290934528e-05	0.0025894412305536244	8.816364560335833e-05	0.00015095622163015118	3.643068784027337e-05	2.5459999999999874
0.05466148901006441	0.002570859386627422	9.677519293334677e-05	0.0027203393552616938	8.909831544216954e-05	0.00014947996863427204	3.7774702548850626e-05	2.583999999999987
0.05546519516356922	0.0024041281285068833	9.22525564429627e-05	0.002544202131918225	8.489111228139872e-05	0.00014007400341134135	3.6111400220553245e-05	2.621999999999987
0.05626889521773917	0.0019499379347892205	8.15955382707106e-05	0.0020688921636136913	7.543798825347327e-05	0.00011895422882447067	3.109568770675169e-05	2.659999999999987
0.05707258908419384	0.0014640421934399568	6.928887030052643e-05	0.001558210754762578	6.448557377645891e-05	9.416856132262125e-05	2.534873413494351e-05	2.6979999999999866
0.05787627667455353	0.0012153445858349371	5.998343038619515e-05	0.0012784627786090541	5.7448905012498505e-05	6.31181927741171e-05	1.7252108096126814e-05	2.7359999999999864
0.058679957900439214	0.00103374663137801	5.354486437889734e-05	0.0010852927464765764	5.203695204877893e-05	5.15461150985662e-05	1.2617770121047165e-05	2.7739999999999863
0.05948363267347256	0.0008197655680104015	4.70905036806214e-05	0.0008678361463830481	4.577461516803186e-05	4.80705783726466e-05	1.1054417357473191e-05	2.811999999999986
0.06028730090527596	0.0007105270883899136	4.3182927695542524e-05	0.0007530750856659284	4.196873937963801e-05	4.254799727601477e-05	1.0168095162933685e-05	2.849999999999986
0.06109096250747252	0.0006626728530005473	4.106094760737423e-05	0.0007029131167625726	3.991482521959754e-05	4.024026376202536e-05	9.633698464479368e-06	2.8879999999999857
0.061894617391686085	0.0006198312573933832	3.9374520770877816e-05	0.0006607205153132821	3.8041078941173704e-05	4.0889257919898866e-05	1.0160177111038926e-05	2.9259999999999855
0.06269826546954121	0.0005810167021178289	3.7962612850002544e-05	0.0006244995668823446	3.6373042676067736e-05	4.3482864764515755e-05	1.0870222669482603e-05	2.9639999999999853
0.06350190665266324	0.0005118676451397536	3.477913873810627e-05	0.0005492520851678546	3.3618975026574726e-05	3.738444002810102e-05	8.908030620007366e-06	3.001999999999985
0.06430554085267824	0.00041920606647993406	3.0906434132305624e-05	0.00045004915438672053	2.9986456200881153e-05	3.0843087906786453e-05	7.484658662035461e-06	3.039999999999985
0.06510916798121306	0.0003297420311199751	2.8081914763041097e-05	0.00036673909203821536	2.663942421696995e-05	3.699706091824026e-05	8.884537925352138e-06	3.0779999999999847
0.0659127879498953	0.0002985090441751087	2.6512168733763865e-05	0.0003343867033936376	2.5034698630889923e-05	3.587765921852892e-05	8.726909844159297e-06	3.1159999999999846
0.06671640067035343	0.0003409962122239392	2.6774312940225743e-05	0.0003681914144833651	2.584596054652402e-05	2.7195202259425875e-05	6.989288722657214e-06	3.1539999999999844
0.06752000605421664	0.0004032714289694692	2.8554892096414486e-05	0.00043439453358547106	2.759465134917584e-05	3.1123104616001856e-05	7.3428250391319086e-06	3.191999999999984
0.06832360401311494	0.0005093543504778035	3.187622216014256e-05	0.0005490349224273228	3.058976503688097e-05	3.968057194951931e-05	8.964363568663327e-06	3.229999999999984
0.06912719445867913	0.0006505158271901581	3.534882908532267e-05	0.0006927674248671867	3.390964108356047e-05	4.2251597677028636e-05	9.983784817766348e-06	3.267999999999984
0.06993077730254092	0.0007775196458486128	3.788234078756147e-05	0.0008227478900017552	3.645042751767277e-05	4.5228244153142366e-05	1.0316883120585733e-05	3.3059999999999836
0.07073435245633279	0.000810529822574257	3.863609627690542e-05	0.0008591771590421209	3.6782626583325286e-05	4.8647336467863876e-05	1.1823126369533444e-05	3.3439999999999834
0.07153791983168806	0.0007282225031506709	3.608224792312081e-05	0.0007712573870256829	3.4429795748692476e-05	4.303488387501202e-05	1.0794340178485833e-05	3.3819999999999832
0.07234147934024096	0.0006329297186342056	3.288894319256308e-05	0.0006693240648980069	3.1666562116083747e-05	3.639434626380131e-05	8.883210459729696e-06	3.419999999999983
0.07314503089362653	0.000545572148689705	3.018760099373041e-05	0.0005757928205556088	2.9011494475126244e-05	3.0220671865903846e-05	8.344126202089274e-06	3.457999999999983
0.07394857440348072	0.0004673691810936894	2.691870967210771e-05	0.0004875596523898171	2.6392664802603935e-05	2.019047129612771e-05	5.295675124912453e-06	3.4959999999999827
0.07475210978144035	0.00039429816683501896	2.4162376013901896e-05	0.00040943119953676204	2.391715042899231e-05	1.5133032701743083e-05	3.4337049952106663e-06	3.5339999999999825
0.07555563693914313	0.00031101327545477543	2.1285521431057356e-05	0.00032335775299452483	2.1024460290198498e-05	1.2344477539749415e-05	3.3234759060159493e-06	3.5719999999999823
0.07635915578822766	0.0002375343703559886	1.8380018041736288e-05	0.0002469240113439035	1.81903088286333e-05	9.389640987914898e-06	2.6339567068379832e-06	3.609999999999982
0.07716266624033352	0.00018092819262923148	1.614691507482386e-05	0.00019150541689638963	1.5871149439011188e-05	1.0577224267158139e-05	2.9714444161297716e-06	3.647999999999982
0.07796616820710112	0.00014870008778450206	1.4743137201151284e-05	0.00016008944463569025	1.4377501635681686e-05	1.1389356851188199e-05	3.263057040252493e-06	3.6859999999999817
0.07876966160017189	0.00014342771913972914	1.4149158776892007e-05	0.00015228854696758775	1.3893451551071285e-05	8.8608278278586e-06	2.6778159181943474e-06	3.7239999999999815
0.07957314633118812	0.0001333087123952642	1.3298588448845724e-05	0.0001393696803321727	1.3177114165358266e-05	6.060967936908503e-06	1.7933535638260014e-06	3.7619999999999814
0.08037662231179313	0.00011797137925011233	1.2346055446653897e-05	0.00012258261442168105	1.2270682019927448e-05	4.6112351715687265e-06	1.3621482509923946e-06	3.799999999999981
0.08118008945363114	0.00010694346833846154	1.1647037195917843e-05	0.00011057696303650973	1.157938657799537e-05	3.6334946980481823e-06	1.2535078461798315e-06	3.837999999999981
0.08198354766834738	9.485790639572107e-05	1.093128405641606e-05	9.863018267091463e-05	1.0867048414457853e-05	3.772276275193568e-06	1.1833130946140214e-06	3.875999999999981
0.08278699686758807	8.859729436042528e-05	1.0521050873098165e-05	9.241870939212421e-05	1.0458900799087382e-05	3.82141503169892e-06	1.1418868372868679e-06	3.9139999999999806
0.08359043696300039	8.451556367343174e-05	1.0241718648417516e-05	8.84954572055298e-05	1.0179578816995163e-05	3.9798935320980555e-06	1.1264883407858505e-06	3.9519999999999804
0.08439386786623253	8.334664856604024e-05	1.0204535239891671e-05	8.794474570084178e-05	1.0101559383130374e-05	4.598097134801538e-06	1.4460420088232855e-06	3.9899999999999802
0.08519728948893368	7.98119420328283e-05	1.0014490749035606e-05	8.502238469143233e-05	9.891347007653685e-06	5.210442658604024e-06	1.5656562000325132e-06	4.02799999999998
0.08600070174275407	7.490841304641728e-05	9.646973264417923e-06	7.972532308845475e-05	9.543061752280039e-06	4.8169100420374696e-06	1.4121138610480511e-06	4.065999999999979
0.08680410453934498	7.918727030634526e-05	9.821489056813062e-06	8.347055165702639e-05	9.73260621548978e-06	4.283281350681123e-06	1.3183412105022134e-06	4.10399999999998
0.0876074977903587	7.857334839767579e-05	9.720845574900416e-06	8.228464794540028e-05	9.636164283184999e-06	3.711299547724497e-06	1.2803033228617157e-06	4.14199999999998
0.08841088140744854	6.677949182597737e-05	8.921716403358802e-06	6.978857524568254e-05	8.852553514463016e-06	3.0090834197051738e-06	1.1087469754321834e-06	4.179999999999979
0.08921425530226894	6.753163060388225e-05	8.939683518193434e-06	7.047101050971606e-05	8.873356320792456e-06	2.939379905833808e-06	1.0869632053164928e-06	4.217999999999979
0.09001761938647536	6.474951690049039e-05	8.816497385855491e-06	6.827431196719852e-05	8.716769095171883e-06	3.524795066708133e-06	1.3223322941882097e-06	4.255999999999979
0.09082097357172435	6.025670453603022e-05	8.426479584975711e-06	6.30760086327342e-05	8.366706159969862e-06	2.8193040967039736e-06	1.0018913258107408e-06	4.293999999999979
0.09162431776967356	5.8950461881812165e-05	8.268822786573209e-06	6.0868359760595535e-05	8.20794685289583e-06	1.917897878783373e-06	1.001518215405873e-06	4.3319999999999785
0.09242765189198168	5.488595675557875e-05	8.164367437788761e-06	5.883359422206711e-05	8.057221253326035e-06	3.947637466488362e-06	1.318363126826835e-06	4.369999999999978
0.09323097585030866	6.080330085631671e-05	8.586141397988897e-06	6.506661863159058e-05	8.46101175840681e-06	4.26331777527387e-06	1.460515022298792e-06	4.407999999999978
0.09403428955631539	6.0183022841253245e-05	8.445718182801037e-06	6.380135120785348e-05	8.372617191614499e-06	3.6183283666002375e-06	1.1087997952639538e-06	4.445999999999978
0.09483759292166397	5.775958899308273e-05	8.33018266960061e-06	6.207735434485669e-05	8.253634716852895e-06	4.317765351773958e-06	1.1267019435835668e-06	4.483999999999978
0.09564088585801758	5.768081815483272e-05	8.244654987693597e-06	6.120659775018356e-05	8.189566873458673e-06	3.5257795953508414e-06	9.51488460912281e-07	4.521999999999977
0.09644416827704073	4.8926139681351675e-05	7.720649258866793e-06	5.302231355387017e-05	7.61910299125343e-06	4.096173872518494e-06	1.2480763546808387e-06	4.559999999999977
0.09724744009039885	4.634808576645299e-05	7.735392841803962e-06	5.211087498588637e-05	7.551021348916092e-06	5.762789219433384e-06	1.6788028488316892e-06	4.597999999999978
0.09805070120975865	4.8992501234055666e-05	7.790989990892681e-06	5.371972922522841e-05	7.662724737827947e-06	4.727227991172745e-06	1.4078972371837212e-06	4.635999999999977
0.098853951546788	5.225255341852074e-05	7.823248444411275e-06	5.503926800764014e-05	7.752110955779091e-06	2.786714589119397e-06	1.0526119666207514e-06	4.673999999999976
0.09965719101315602	5.107387088521512e-05	7.745750733177741e-06	5.3890358931961654e-05	7.667670185065023e-06	2.81648804674653e-06	1.097036167857944e-06	4.711999999999977
0.10046041952053292	4.0649044295254534e-05	7.1644063755956695e-06	4.5419197620032656e-05	7.038267211994242e-06	4.770153324778125e-06	1.3384742684275535e-06	4.749999999999977
0.10126363698059014	4.00156135692728e-05	7.203069746688308e-06	4.557937883176955e-05	7.051610146528815e-06	5.5637652624967505e-06	1.4693563614822072e-06	4.787999999999976
0.10206684330500039	4.897801115365167e-05	7.656732165837333e-06	5.2559677880274316e-05	7.575391007272872e-06	3.58166672662265e-06	1.1131031157522497e-06	4.825999999999976
0.10287003840543756	4.779813332333532e-05	7.504038218771422e-06	5.074930228519737e-05	7.448477217799855e-06	2.951168961862052e-06	9.114695412896193e-07	4.863999999999976
0.1036732221935768	4.016105237472935e-05	6.990416142446507e-06	4.383868709514074e-05	6.926193511303968e-06	3.6776347204113932e-06	9.453894903940462e-07	4.901999999999976
0.10447639458109446	3.979287990158438e-05	6.967456913053038e-06	4.3329219259023364e-05	6.8861488499362565e-06	3.536339357438984e-06	1.061324574186495e-06	4.9399999999999755
0.10527955547966818	4.009859735215223e-05	6.9243968600437765e-06	4.301675380434537e-05	6.859604832133799e-06	2.9181564521931433e-06	9.450362016085685e-07	4.977999999999975
0.10608270480097687	3.895864074804033e-05	6.7305793449019495e-06	4.090686144064746e-05	6.688035092042275e-06	1.948220692607129e-06	7.555692725566752e-07	5.015999999999975
0.1068858424567007	3.5786074118863715e-05	6.479864673776156e-06	3.7886263876629094e-05	6.435610634027878e-06	2.1001897577653784e-06	7.560171675560513e-07	5.053999999999975
0.1076889683585211	3.09821269558497e-05	6.215033915538447e-06	3.4543934886469296e-05	6.144991045363683e-06	3.5618079306196e-06	9.304470020873335e-07	5.091999999999975
0.10849208241812082	2.589214090261834e-05	5.771043902222903e-06	2.9587139054463402e-05	5.686823873483692e-06	3.6949981518450623e-06	9.82334949678617e-07	5.129999999999974
0.10929518454718395	2.7256223886883196e-05	5.69554755402206e-06	2.918412319803686e-05	5.647182388858757e-06	1.9278993111536636e-06	7.406706468398585e-07	5.167999999999974
0.11009827465739581	2.7254071172197727e-05	5.678133571477369e-06	2.9080585619479335e-05	5.63636975635298e-06	1.826514447281608e-06	6.874131401186554e-07	5.205999999999975
0.11090135266044304	2.2104973723234375e-05	5.168938655433241e-06	2.4022943056521042e-05	5.122181468316741e-06	1.9179693332866666e-06	6.936741520804692e-07	5.243999999999974
0.11170441846801372	2.1518330370244826e-05	5.1565174104798644e-06	2.386089829859395e-05	5.1048334671289694e-06	2.342567928349124e-06	7.28249323694839e-07	5.281999999999973
0.11250747199179718	2.1127874108565616e-05	5.174935743626437e-06	2.3836560987131606e-05	5.102872029309714e-06	2.7086868785659896e-06	8.606143173054129e-07	5.319999999999974
0.11331051314348414	1.6369176490897538e-05	4.714470733642136e-06	1.9575937999052306e-05	4.62481559346111e-06	3.206761508154768e-06	9.150491925832086e-07	5.357999999999974
0.11411354183476659	1.4449424965566423e-05	4.688296403645376e-06	1.8722076767206017e-05	4.523299424107168e-06	4.272651801639594e-06	1.2328363590947213e-06	5.395999999999973
0.11491655797733806	1.8747818483939433e-05	5.0568827595081855e-06	2.226805905698243e-05	4.932626923864318e-06	3.5202405730429965e-06	1.114116184865814e-06	5.433999999999973
0.11571956148289332	2.2953212375140886e-05	5.29858816292994e-06	2.5190454437694233e-05	5.245740403650838e-06	2.237242062553348e-06	7.464878685192549e-07	5.471999999999973
0.11652255226312858	1.90126944886668e-05	4.913426897287527e-06	2.141607725790367e-05	4.83678805751442e-06	2.4033827692368687e-06	8.644334339175056e-07	5.509999999999973
0.11732553022974142	1.7767609489230205e-05	4.897571692859794e-06	2.0887105753205e-05	4.775695432882672e-06	3.1194962639747927e-06	1.0857907805121278e-06	5.5479999999999725
0.11812849529443085	2.0777949904007355e-05	5.32561564087132e-06	2.4591154836662428e-05	5.177522390653199e-06	3.813204932655075e-06	1.247174345702328e-06	5.585999999999972
0.1189314473688974	2.0388804167294694e-05	5.356169529171637e-06	2.452116841096394e-05	5.1639879830422925e-06	4.132364243669249e-06	1.4218931521818078e-06	5.623999999999972
0.11973438636484281	1.8942627009586788e-05	5.048179971682589e-06	2.2418073896327874e-05	4.934129168856621e-06	3.475446886741087e-06	1.0670006427062236e-06	5.661999999999972
0.1205373121939704	1.898833885082477e-05	5.007377708353133e-06	2.2291968395934643e-05	4.9210400823147425e-06	3.303629545109873e-06	9.258488118281451e-07	5.699999999999972
0.12134022476798495	2.207537130698462e-05	5.268319929615664e-06	2.481181033308407e-05	5.191448389091741e-06	2.73643902609945e-06	8.966930936403802e-07	5.737999999999971
0.12214312399859265	2.1536111211204456e-05	5.1016627876318404e-06	2.352475700078489e-05	5.05595141194811e-06	1.9886457895804317e-06	6.814092153232114e-07	5.775999999999971
0.1229460097975012	1.6105026294804048e-05	4.4168060208524294e-06	1.7620805326483448e-05	4.376156972663265e-06	1.5157790316794011e-06	5.978507978157812e-07	5.813999999999972
0.12374888207641967	6.003113349937806e-06	2.685179202881125e-06	6.538816812592907e-06	2.665960001199211e-06	5.357034626551013e-07	3.206939718660378e-07	5.851999999999971
