#Data reduced with Dominiques SARed v. 1.0
#wavelength: 5.1836
#q/A-1 	 Icorr/a.u. 	 sIcorr /a.u. 	Ispec/a.u. 	 sIspec/a.u. 	 Ibg/a.u. 	 sIbg/a.u. 	 2th/°
0.0	0.000624105086024537	0.00015227013270830675	0.0009958970067234394	6.639887455201209e-05	0.00037179192069890243	0.00013703059064760508	0.0
0.0008039135400700388	0.008503862030183188	0.0005472875037960371	0.009780934310421218	0.00020819133351255388	0.00127707228023803	0.0005061422531873446	0.03799999999999937
0.0016078269917362076	0.028546991420541526	0.000792275195435955	0.030618434523052827	0.00036809742134044486	0.0020714431025113025	0.0007015727144819671	0.07599999999999874
0.0024117402665946464	0.03196653509395967	0.0015228878554225257	0.03633913115616057	0.00040006974127443465	0.004372596062200897	0.0014693983878819338	0.1139999999999981
0.0032156532762415146	0.013055988633662807	0.0015398531367067517	0.018284026136815578	0.00028299049043439627	0.005228037503152772	0.0015136261311662542	0.15199999999999747
0.004019565932272999	0.004139723979791051	0.0006580105966362407	0.006662647025330809	0.00016995929731231625	0.0025229230455397584	0.000635682139549858	0.18999999999999684
0.004823478146285332	0.006554553383157074	0.000273702822469369	0.007448842694558831	0.00017844539235129092	0.0008942893114017575	0.0002075342790391331	0.2279999999999962
0.0056273898298747835	0.009066263808572332	0.0003373843006565867	0.010090982076308	0.00020562085559135704	0.001024718267735668	0.00026748500906669957	0.2659999999999956
0.006431300894637692	0.010858109285975772	0.00042993766438155755	0.012284262905074277	0.00022293020925062495	0.0014261536190985054	0.00036762551197834655	0.30399999999999494
0.0072352112521704565	0.01284010818023289	0.0005033521152102061	0.014556555437816261	0.00023747493213092713	0.0017164472575833698	0.000443811906663172	0.3419999999999943
0.00803912081406956	0.014262383146759948	0.0005598700572856157	0.016172790759955286	0.0002452212092873641	0.0019104076131953385	0.0005033100829117586	0.3799999999999937
0.008843029491931569	0.014979760236005779	0.0006002300365199826	0.017058226516409293	0.0002464761304866014	0.002078466280403513	0.0005472893328406205	0.41799999999999304
0.00964693719735315	0.016176041697046204	0.0006233469705954841	0.018412154280677585	0.0002503317797470564	0.002236112583631381	0.0005708725302545556	0.4559999999999924
0.010450843841931071	0.017605061247026293	0.0006867054308252305	0.020090832997302535	0.00025609815294926617	0.0024857717502762416	0.0006371640956463569	0.4939999999999918
0.011254749337262223	0.01813107372469331	0.000747253906274512	0.020833518875240323	0.00025518410377662536	0.0027024451505470136	0.000702331455669072	0.5319999999999911
0.01205865359494362	0.017186024103750773	0.0007644304162134135	0.020017559683024065	0.00024380502146117633	0.0028315355792732904	0.000724508780307408	0.5699999999999905
0.012862556526572415	0.01683588833573124	0.0007776486630907588	0.019811200680678785	0.00023578336175200258	0.002975312344947543	0.0007410422724296966	0.6079999999999899
0.013666458043745899	0.02002990423078143	0.0007922516076966529	0.023104858992003534	0.00024843972665650915	0.0030749547612221057	0.0007522900452064816	0.6459999999999892
0.014470358058061532	0.025270088772413376	0.0009278282325645791	0.028782058678591592	0.00027170974124239133	0.0035119699061782156	0.0008871522110990332	0.6839999999999886
0.015274256481116931	0.027694950817047745	0.0011530342159366117	0.03197584827568571	0.00028076624394981765	0.004280897458637965	0.0011183283146638417	0.721999999999988
0.016078153224509877	0.02435063518140157	0.0012161985367941134	0.028890721003506106	0.0002612399774159221	0.004540085822104535	0.001187809982741293	0.7599999999999874
0.01688204819983836	0.01686622161175795	0.000990001405941811	0.02059926733615567	0.00021581150236759048	0.00373304572439772	0.000966192620139797	0.7979999999999867
0.01768594131870055	0.009255032907143001	0.0006592057126271278	0.011740847310255275	0.00015923598603974983	0.002485814403112274	0.0006396843536543535	0.8359999999999861
0.018489832492694817	0.004508570231596241	0.0004029393164837112	0.006033557849541219	0.00011121042644033453	0.0015249876179449773	0.0003872884374975831	0.8739999999999855
0.019293721633419754	0.002602301185998777	0.00024302143215582494	0.003520970587770068	8.255371018929136e-05	0.0009186694017712908	0.00022857012364053774	0.9119999999999848
0.020097608652474175	0.0021185873099746786	0.0001687846215562969	0.002751598997322984	7.104141030342276e-05	0.000633011687348305	0.0001531057363262497	0.9499999999999842
0.020901493461457123	0.00255161387215201	0.00014648102211771473	0.003074400907090808	7.356315746148595e-05	0.0005227870349387982	0.00012666945845367405	0.9879999999999836
0.021705375971967894	0.0036348911761739065	0.00015346714892128217	0.004140526508109841	8.413236644505034e-05	0.0005056353319359342	0.00012835073320547399	1.025999999999983
0.02250925609560602	0.0038383543223874652	0.00016828229766023583	0.004387110938003529	8.53952549249575e-05	0.0005487566156160635	0.00014500545555981586	1.0639999999999823
0.02331313374397132	0.002687499967422829	0.0001534643774513743	0.003204725790242242	7.18699504024192e-05	0.0005172258228194134	0.00013559507872961941	1.1019999999999817
0.02411700882866386	0.0014664588487220327	0.00010988854416865091	0.0018440835081242842	5.3546547789071616e-05	0.00037762465940225146	9.595967569441975e-05	1.139999999999981
0.024920881261284004	0.0008385746574050961	7.244223381500931e-05	0.001082680582489318	4.020527619155149e-05	0.0002441059250842219	6.026120648036797e-05	1.1779999999999804
0.0257247509534324	0.0006620748161509125	5.270570983977092e-05	0.0008307452748960778	3.45282094457255e-05	0.00016867045874516536	3.9820781034357396e-05	1.2159999999999798
0.026528617816709996	0.0007058592193509697	4.7746952090609226e-05	0.000851585058258853	3.427378361050598e-05	0.00014572583890788332	3.324273140046022e-05	1.2539999999999791
0.027332481762718065	0.0010884997866598026	5.537787184939976e-05	0.0012505139592713748	4.076787589241436e-05	0.00016201417261157213	3.747918069794539e-05	1.2919999999999785
0.028136342703058186	0.0020357850222433344	7.303653684924419e-05	0.002237929186779615	5.378017194376743e-05	0.0002021441645362805	4.941688801037369e-05	1.3299999999999779
0.02894020054933227	0.003370403389279312	0.00010115621556425973	0.0036577019698684236	6.800109826037354e-05	0.0002872985805891115	7.488945575089997e-05	1.3679999999999772
0.02974405521314259	0.0040994519259914515	0.0001315311313762874	0.004487248113098503	7.455332576477533e-05	0.00038779618710705103	0.00010836161745995423	1.4059999999999766
0.030547906606091718	0.0033660638581594743	0.00013762957419412807	0.003787791632115777	6.776666749667958e-05	0.0004217277739563025	0.00011978972605883811	1.443999999999976
0.031351754639782646	0.0020006961915002923	0.00010733902517174603	0.0023442898962852295	5.2672832633955917e-05	0.00034359370478493706	9.352667548424887e-05	1.4819999999999753
0.03215559922581869	0.0010366895287914288	6.77722575714188e-05	0.0012491621735524552	3.7911225522535566e-05	0.00021247264476102648	5.6176666648228433e-05	1.5199999999999747
0.03295944027580357	0.0006102460727241202	4.057041778199256e-05	0.0007232813117887839	2.841978223456735e-05	0.00011303523906466369	2.89529752658546e-05	1.557999999999974
0.03376327770134139	0.0005171547434397283	3.084806748404521e-05	0.0005900293530697936	2.532231789674707e-05	7.287460963006532e-05	1.761770370497501e-05	1.5959999999999734
0.03456711141403665	0.0005515782751048667	2.983065256624237e-05	0.0006165812544291318	2.5595715715355876e-05	6.500297932426514e-05	1.53208083842383e-05	1.6339999999999728
0.03537094132549425	0.0007001862058661478	3.310334160170797e-05	0.0007728478069997571	2.8333182134897643e-05	7.266160113360927e-05	1.7119054159330378e-05	1.6719999999999722
0.036174767347319545	0.0010903714810269586	4.2329382080451866e-05	0.00119010768673405	3.4784449251837037e-05	9.973620570709126e-05	2.4120917842388443e-05	1.7099999999999715
0.03697858939111824	0.001754850582984755	5.717740987030194e-05	0.0018949010185262231	4.350834871051566e-05	0.0001400504355414682	3.709824513316866e-05	1.747999999999971
0.03778240736849657	0.0022831223766625365	7.157412637787568e-05	0.0024686632345116404	4.924247157441003e-05	0.0001855408578491039	5.194260832880401e-05	1.7859999999999703
0.03858622119106116	0.002186216454505762	7.70157831030512e-05	0.00239295292298493	4.803566827466377e-05	0.00020673646847916817	6.0199712793191025e-05	1.8239999999999696
0.03939003077041909	0.0015371255787790927	6.667136674364125e-05	0.0017204709426933877	4.030330796941003e-05	0.00018334536391429517	5.311039926594416e-05	1.861999999999969
0.04019383601817794	0.0008897023713160415	4.6444907740102606e-05	0.001016675465045211	3.062662405467491e-05	0.00012697309372916942	3.491617610793387e-05	1.8999999999999684
0.04099763684594575	0.000511933415233352	3.1067113154382775e-05	0.0005894570532680817	2.3050736961242643e-05	7.752363803472969e-05	2.082856320754808e-05	1.9379999999999677
0.041801433165331046	0.00031506848491510677	2.277581347007144e-05	0.0003669851358004501	1.7989890121952434e-05	5.191665088534336e-05	1.396787502176211e-05	1.9759999999999671
0.04260522488794284	0.00023136736866154515	1.7546239413775844e-05	0.0002650508117592377	1.5128480504544866e-05	3.3683443097692546e-05	8.888171644896762e-06	2.0139999999999665
0.04340901192539065	0.00017926521803577193	1.4505339506891675e-05	0.00020230207273962082	1.3053104226973057e-05	2.3036854703848892e-05	6.326242506414888e-06	2.051999999999966
0.04421279418928454	0.0001425425049123038	1.2437409487610364e-05	0.00015986195230234857	1.142556026637945e-05	1.7319447390044768e-05	4.913830212963354e-06	2.089999999999965
0.045016571591235045	0.0001282966832013504	1.1525280699768553e-05	0.0001437727144940681	1.0669721807626936e-05	1.5476031292717673e-05	4.357652092160145e-06	2.1279999999999646
0.0458203440428533	0.00012344514913518884	1.1331895202235337e-05	0.00013949727652622752	1.0374130169396228e-05	1.6052127391038675e-05	4.559525425180481e-06	2.165999999999964
0.04662411145575093	0.00011704535469171701	1.076084010063571e-05	0.00013201758119937872	9.970229724683769e-06	1.4972226507661709e-05	4.048481061889972e-06	2.2039999999999633
0.047427873741540144	0.00010215610134054495	9.829709639605822e-06	0.00011511901744145061	9.180889009146242e-06	1.2962916100905656e-05	3.5120462127792893e-06	2.2419999999999627
0.048231630811833695	9.187195771463832e-05	9.103879175175702e-06	0.00010281662133433577	8.537880096125685e-06	1.0944663619697454e-05	3.1599397937901744e-06	2.279999999999962
0.04903538257824493	9.62328730639449e-05	9.251773365551152e-06	0.00010811774373436524	8.618799872727035e-06	1.1884870670420345e-05	3.3632720914909887e-06	2.3179999999999614
0.04983912895238776	0.00010982307166385865	9.673603994442416e-06	0.00012379031918141646	9.062313867254407e-06	1.3967247517557813e-05	3.3842401824723877e-06	2.355999999999961
0.050642869845876695	0.0001302769968601541	1.0561461373398724e-05	0.00014776664507392605	9.71568748722462e-06	1.7489648213771943e-05	4.1412417210759605e-06	2.39399999999996
0.05144660517032688	0.0001907681020944721	1.2478964251588255e-05	0.00021164845826697752	1.1441182355164824e-05	2.0880356172505426e-05	4.9823583881815185e-06	2.4319999999999595
0.05225033483735399	0.00028726035279091596	1.4794790152019907e-05	0.0003117174180764185	1.3684614251141856e-05	2.445706528550258e-05	5.622912807411334e-06	2.469999999999959
0.05305405875857442	0.0003953792023026112	1.7854231057220034e-05	0.0004297464862131105	1.5836718645936083e-05	3.4367283910499336e-05	8.24450781878826e-06	2.5079999999999583
0.05385777684560514	0.0005357460116943807	2.1738797551596137e-05	0.0005833475614800462	1.8199919084883777e-05	4.760154978566543e-05	1.1888577050806607e-05	2.5459999999999576
0.05466148901006376	0.0006401460302853632	2.375980423167897e-05	0.0006927902805789789	1.958344046057376e-05	5.264425029361576e-05	1.3454261661454064e-05	2.583999999999957
0.05546519516356858	0.0006389746776812339	2.3450462022807295e-05	0.0006889494387178599	1.929930212227655e-05	4.997476103662601e-05	1.3321452874075678e-05	2.6219999999999564
0.056268895217738514	0.0005466160576554639	2.1106274173301142e-05	0.0005885350136159697	1.761073533176695e-05	4.191895596050581e-05	1.163343502809957e-05	2.6599999999999557
0.05707258908419318	0.0004061700711730536	1.7337668241374016e-05	0.00043692825708535523	1.4952296138463883e-05	3.0758185912301666e-05	8.776307893164828e-06	2.697999999999955
0.05787627667455284	0.00029707286824157364	1.4553700654917451e-05	0.0003222401888547281	1.2633518542404783e-05	2.516732061315446e-05	7.225262070794331e-06	2.7359999999999545
0.05867995790043853	0.0002413595815030994	1.2662042915439506e-05	0.0002632508002918274	1.121343245993043e-05	2.189121878872801e-05	5.88100869400908e-06	2.773999999999954
0.05948363267347187	0.00020959086172221215	1.1171511196328335e-05	0.0002274341249608573	1.0232338720110782e-05	1.7843263238645168e-05	4.483514996808979e-06	2.811999999999953
0.06028730090527525	0.0001821101321832234	1.0227126003003838e-05	0.0001978134829887412	9.371899095848136e-06	1.5703350805517788e-05	4.0940949694112076e-06	2.8499999999999526
0.06109096250747182	0.00014906293686191134	9.274078839891565e-06	0.00016335705860907738	8.367818432838365e-06	1.4294121747166047e-05	3.998518851221658e-06	2.887999999999952
0.06189461739168537	0.00013263348704512735	8.482918912824926e-06	0.00014549098898366739	7.746543998024877e-06	1.2857501938540042e-05	3.457017409303516e-06	2.9259999999999513
0.06269826546954049	0.00012898714795853367	8.170550145062782e-06	0.0001413956927813135	7.50098420709968e-06	1.2408544822779816e-05	3.2393094322442597e-06	2.9639999999999507
0.0635019066526625	0.00011996863250389067	7.605698989579457e-06	0.00013042035878568843	7.102199717320137e-06	1.045172628179776e-05	2.7212894545394725e-06	3.00199999999995
0.06430554085267748	0.00010330363373808174	6.91370235195904e-06	0.00011230212121166471	6.481779738484595e-06	8.998487473582961e-06	2.4053714127457595e-06	3.0399999999999494
0.0651091679812123	8.566695839295444e-05	6.3129628675399425e-06	9.512898706855007e-05	5.854340761903806e-06	9.462028675595624e-06	2.3622435120981287e-06	3.0779999999999488
0.06591278794989455	8.278462873054099e-05	6.1009430404973944e-06	9.173262927226474e-05	5.666487019433542e-06	8.94800054172376e-06	2.261068517755436e-06	3.115999999999948
0.06671640067035266	8.438032582835216e-05	6.1335501888845685e-06	9.381729886019964e-05	5.650272189980148e-06	9.43697303184747e-06	2.3863910196576896e-06	3.1539999999999475
0.06752000605421585	8.493797180464777e-05	6.129930577470769e-06	9.541299742746618e-05	5.605270587636657e-06	1.0475025622818416e-05	2.481328378910483e-06	3.191999999999947
0.06832360401311413	0.00011042937847041192	6.805688384686145e-06	0.00012240903241805741	6.245743527467388e-06	1.1979653947645494e-05	2.703346477710755e-06	3.2299999999999462
0.06912719445867832	0.00014827218637927195	7.810529920758453e-06	0.00016265630083479963	7.098968419811004e-06	1.438411445552766e-05	3.257149830386853e-06	3.2679999999999456
0.0699307773025401	0.00017712366241176745	8.447450928317378e-06	0.00019244447435388452	7.64850233799095e-06	1.5320811942117062e-05	3.5860617914471435e-06	3.305999999999945
0.07073435245633194	0.00020231290513030993	9.085930744719017e-06	0.00021897694396595495	8.118615313598822e-06	1.666403883564502e-05	4.079488066857038e-06	3.3439999999999444
0.07153791983168722	0.00021331841271366543	9.336670895697739e-06	0.00022992276257509468	8.301401792720201e-06	1.6604349861429245e-05	4.27318987296271e-06	3.3819999999999437
0.07234147934024013	0.00020027867910932143	8.834519820442374e-06	0.00021420085192118586	8.000653470470194e-06	1.3922172811864421e-05	3.7467698759387945e-06	3.419999999999943
0.07314503089362569	0.00016482013493038028	7.796400776680422e-06	0.00017579754956821277	7.219398258567728e-06	1.097741463783248e-05	2.9434934779632787e-06	3.4579999999999425
0.07394857440347986	0.0001281176131000191	6.7329085693711804e-06	0.00013711369924425062	6.320507880819116e-06	8.996086144231535e-06	2.3201805817684376e-06	3.495999999999942
0.07475210978143948	0.0001011524848705627	5.931385978940371e-06	0.00010926131652755751	5.580873733896973e-06	8.10883165699481e-06	2.0087777371997356e-06	3.533999999999941
0.07555563693914225	7.794651046618153e-05	5.084187738858629e-06	8.411806954662727e-05	4.846827707610801e-06	6.171559080445737e-06	1.5353260685263739e-06	3.5719999999999406
0.07635915578822677	5.9654747055761404e-05	4.339408314963182e-06	6.399381330032658e-05	4.189195625731926e-06	4.339066244565174e-06	1.1318588840134187e-06	3.60999999999994
0.07716266624033263	4.805007659291961e-05	3.851669210112804e-06	5.167048239031942e-05	3.733156683175661e-06	3.620405797399808e-06	9.481017260778996e-07	3.6479999999999393
0.07796616820710021	4.042457474529003e-05	3.4762608106122325e-06	4.330459680137839e-05	3.3799191345863473e-06	2.880022056088362e-06	8.127335769214232e-07	3.6859999999999387
0.07876966160017096	3.530761651811769e-05	3.201277291255852e-06	3.7831530693842886e-05	3.110181401319949e-06	2.5239141757251923e-06	7.582532204968764e-07	3.723999999999938
0.07957314633118719	2.910214341319445e-05	2.8550856936824884e-06	3.1520378512400706e-05	2.789880811726553e-06	2.418235099206255e-06	6.066954545984404e-07	3.7619999999999374
0.0803766223117922	2.5173029682263427e-05	2.5750811978195103e-06	2.6677010051592665e-05	2.5434089329304643e-06	1.503980369329238e-06	4.026340463163538e-07	3.7999999999999368
0.08118008945363019	2.3999678617457165e-05	2.485739066744781e-06	2.5084553501502853e-05	2.460333639217524e-06	1.0848748840456863e-06	3.5448144052385744e-07	3.837999999999936
0.08198354766834644	2.0816124389500814e-05	2.369051915014856e-06	2.2320288640144416e-05	2.330855317964485e-06	1.5041642506436009e-06	4.2369855174668146e-07	3.8759999999999355
0.08278699686758711	1.787449173900787e-05	2.178953312540128e-06	1.9057048035350597e-05	2.1537047405938286e-06	1.182556296342729e-06	3.3074677409351574e-07	3.913999999999935
0.08359043696299942	1.6925683740858004e-05	2.070267344449301e-06	1.75387004120026e-05	2.0609238623342803e-06	6.130166711445955e-07	1.9646809194959164e-07	3.9519999999999342
0.08439386786623153	1.497012092450913e-05	1.963402043193415e-06	1.5701871304675424e-05	1.94651108801755e-06	7.317503801662931e-07	2.569867067394944e-07	3.9899999999999336
0.0851972894889327	1.0321388787850059e-05	1.7256068613152693e-06	1.161608162460092e-05	1.6664711399575685e-06	1.2946928367508616e-06	4.4787607605994914e-07	4.027999999999933
0.08600070174275307	7.579390026538454e-06	1.4738702714573514e-06	8.797611359633342e-06	1.4230648933465328e-06	1.218221333094889e-06	3.8364030863608163e-07	4.065999999999932
0.08680410453934398	7.563065525045986e-06	1.3857664208664256e-06	8.393090635754956e-06	1.3603222403549154e-06	8.3002511070897e-07	2.643330770008309e-07	4.103999999999932
0.08760749779035767	7.852506460544144e-06	1.371057727405539e-06	8.46757905735618e-06	1.352975408763088e-06	6.150725968120352e-07	2.2193880949666521e-07	4.141999999999931
0.08841088140744752	7.718901753095153e-06	1.323845304471524e-06	8.195171772211903e-06	1.3131038113905994e-06	4.762700191167498e-07	1.6829964552185695e-07	4.17999999999993
0.0892142553022679	6.9947602895317366e-06	1.215968934637146e-06	7.377255435465875e-06	1.2066630849682312e-06	3.8249514593413806e-07	1.5014875749584882e-07	4.21799999999993
0.0900176193864743	6.601547448391542e-06	1.13067767079801e-06	6.905706997874784e-06	1.1245121186111136e-06	3.0415954948324156e-07	1.1791730296253333e-07	4.255999999999929
0.09082097357172329	6.833989975110687e-06	1.1453161915716082e-06	7.134987444359891e-06	1.1390918750749833e-06	3.009974692492044e-07	1.192429403120015e-07	4.2939999999999285
0.09162431776967249	7.2827338881401686e-06	1.2027722254529912e-06	7.63702373290494e-06	1.1964173301302096e-06	3.542898447647714e-07	1.23477117253531e-07	4.331999999999928
0.09242765189198063	7.990069135707218e-06	1.2748269923916968e-06	8.395466731018094e-06	1.265897794955422e-06	4.053975953108751e-07	1.5062082610801185e-07	4.369999999999927
0.09323097585030757	7.087017003064872e-06	1.188945087053524e-06	7.4991593089487035e-06	1.180048557284717e-06	4.1214230588383217e-07	1.4517514414998748e-07	4.407999999999927
0.09403428955631428	6.085659035877576e-06	1.065431798829555e-06	6.462420732035306e-06	1.0555968624604672e-06	3.767616961577298e-07	1.4443054358687023e-07	4.445999999999926
0.09483759292166286	6.0380812606591e-06	1.006517325011377e-06	6.459165930406873e-06	9.983645186053576e-07	4.210846697477726e-07	1.278491827817074e-07	4.483999999999925
0.09564088585801647	5.020727833194073e-06	9.166714096491627e-07	5.6114219036164635e-06	9.019115059271619e-07	5.906940704223911e-07	1.6383561500596268e-07	4.521999999999925
0.0964441682770396	4.15613916569775e-06	8.240577038913824e-07	4.641360377536238e-06	8.109501476149343e-07	4.852212118384877e-07	1.4639316044834058e-07	4.559999999999924
0.09724744009039771	4.926368460681339e-06	8.721735966537035e-07	5.271663000294728e-06	8.621981039449999e-07	3.4529453961338854e-07	1.3153407259529496e-07	4.5979999999999235
0.09805070120975751	6.029963425748283e-06	9.500960662779385e-07	6.332655261157656e-06	9.438226747101719e-07	3.0269183540937315e-07	1.0900134797216968e-07	4.635999999999923
0.09885395154678688	5.606202744316629e-06	9.210964685972252e-07	5.924811596957674e-06	9.132193442767454e-07	3.1860885264104516e-07	1.202045494190218e-07	4.673999999999922
0.09965719101315487	5.248686320963218e-06	8.866518136558121e-07	5.5340389479307814e-06	8.790412744754543e-07	2.8535262696756393e-07	1.1592185483208091e-07	4.711999999999922
0.10046041952053172	5.265592421356711e-06	8.743682801668533e-07	5.5277268336459675e-06	8.65409666105564e-07	2.621344122892565e-07	1.2484389922217627e-07	4.749999999999921
0.10126363698058896	4.51313786885967e-06	7.927093438116371e-07	4.806614739714019e-06	7.864398406100027e-07	2.934768708543498e-07	9.950116013187871e-08	4.78799999999992
0.10206684330499921	4.26778860977174e-06	7.553705717562574e-07	4.561518204199196e-06	7.486328563971721e-07	2.9372959442745616e-07	1.0066552040289771e-07	4.82599999999992
0.10287003840543636	5.154720189590026e-06	8.229402023340518e-07	5.4412664464310664e-06	8.14329460255291e-07	2.8654625684104094e-07	1.1873544869977396e-07	4.863999999999919
0.10367322219357558	5.675362647410993e-06	8.667018044579818e-07	6.002878791978773e-06	8.560507185719313e-07	3.2751614456778085e-07	1.3545916389525594e-07	4.901999999999918
0.10447639458109323	4.930618876021399e-06	8.134292236283605e-07	5.23551810645879e-06	8.031464806560482e-07	3.04899230437391e-07	1.2892956395815957e-07	4.939999999999918
0.10527955547966696	4.035502668856936e-06	7.44066798981895e-07	4.319474139750805e-06	7.378291481666088e-07	2.8397147089386874e-07	9.61433797143641e-08	4.977999999999917
0.10608270480097563	3.981521188534426e-06	7.55491116381094e-07	4.318763446056966e-06	7.482984420153674e-07	3.372422575225397e-07	1.040012913772013e-07	5.0159999999999165
0.10688584245669944	4.264236860817071e-06	7.854302498337025e-07	4.560813013950397e-06	7.769808057972734e-07	2.9657615313332637e-07	1.1489780144307372e-07	5.053999999999916
0.10768896835851983	4.107175874541046e-06	7.760553875687993e-07	4.434127947032491e-06	7.694083931988404e-07	3.2695207249144465e-07	1.0135427494554812e-07	5.091999999999915
0.10849208241811957	3.556288782852353e-06	7.194441490582052e-07	3.8551055877247085e-06	7.138765115287406e-07	2.9881680487235523e-07	8.933202058411593e-08	5.129999999999915
0.10929518454718266	2.960148981927472e-06	6.497011125803585e-07	3.278349203188899e-06	6.411756209276514e-07	3.182002212614271e-07	1.0490642886018142e-07	5.167999999999914
0.11009827465739451	2.964799806181359e-06	6.349460258568627e-07	3.291768659116386e-06	6.259203165147326e-07	3.2696885293502706e-07	1.0667808174841077e-07	5.205999999999913
0.11090135266044175	3.1913693984753183e-06	6.413144517940776e-07	3.455462843269703e-06	6.351636985601977e-07	2.6409344479438474e-07	8.860757366765335e-08	5.243999999999913
0.11170441846801242	2.8660195230774925e-06	6.188492210088276e-07	3.204432109126545e-06	6.115807773772837e-07	3.384125860490525e-07	9.456908102456241e-08	5.281999999999912
0.11250747199179585	2.3800851378420046e-06	5.870167781952207e-07	2.8250962686466053e-06	5.758849331360537e-07	4.4501113080460084e-07	1.1377715794297215e-07	5.3199999999999115
0.11331051314348281	2.336419495407551e-06	5.842746780753287e-07	2.7709075659029484e-06	5.723715233430141e-07	4.3448807049539744e-07	1.1733600771300498e-07	5.357999999999911
0.11411354183476526	2.4485980156824636e-06	6.038651276478405e-07	2.8849814606820466e-06	5.861871411337235e-07	4.36383444999583e-07	1.4504388287209812e-07	5.39599999999991
0.11491655797733671	2.5068249420096692e-06	5.996836671918523e-07	2.868955751258933e-06	5.87050196399139e-07	3.6213080924926364e-07	1.2244414075161218e-07	5.43399999999991
0.11571956148289195	2.6291081090066298e-06	5.925858778589176e-07	2.864655809048157e-06	5.854914608595554e-07	2.3554770004152741e-07	9.142085045747389e-08	5.471999999999909
0.1165225522631272	2.675557827297218e-06	5.869365976893147e-07	2.864410751212123e-06	5.830764028944239e-07	1.8885292391490518e-07	6.720474756152156e-08	5.509999999999908
0.11732553022974004	2.265751064587515e-06	5.656250109641694e-07	2.6195760872094544e-06	5.537871633158182e-07	3.5382502262193943e-07	1.151148590531914e-07	5.547999999999908
0.11812849529442951	1.9329254474301795e-06	5.393552205671692e-07	2.362121744119352e-06	5.242545076618621e-07	4.291962966891726e-07	1.26733046792375e-07	5.585999999999907
0.11893144736889602	1.7148984117777877e-06	5.068753056369889e-07	2.0921938369136277e-06	4.936191252288231e-07	3.7729542513583994e-07	1.1516394693185166e-07	5.623999999999906
0.11973438636484139	2.502602085839205e-06	5.871934301448205e-07	2.8454789769355564e-06	5.762004551476298e-07	3.428768910963517e-07	1.1308916788492339e-07	5.661999999999906
0.12053731219396902	3.092070142616028e-06	6.272043926969645e-07	3.321644448980823e-06	6.230803126801838e-07	2.29574306364795e-07	7.180720137098001e-08	5.699999999999905
0.12134022476798355	2.540964352768459e-06	5.748394077515846e-07	2.760250057221526e-06	5.687391695378076e-07	2.1928570445306705e-07	8.352306111270988e-08	5.7379999999999045
0.12214312399859126	2.159908656192739e-06	5.411340588860545e-07	2.4201971529417134e-06	5.331489832858713e-07	2.6028849674897454e-07	9.261874166569949e-08	5.775999999999904
0.12294600979749976	2.369119696161677e-06	5.559365196050036e-07	2.573443166482211e-06	5.499310529239921e-07	2.0432347032053392e-07	8.149387007888342e-08	5.813999999999903
0.12374888207641824	2.5411613087171673e-06	5.703588130018281e-07	2.7178524567187775e-06	5.651906981643006e-07	1.7669114800161033e-07	7.660711636267724e-08	5.851999999999903
0.12455174074705731	2.10421425051143e-06	5.341814371509169e-07	2.363631620083432e-06	5.257761560189451e-07	2.5941736957200216e-07	9.43887787746032e-08	5.889999999999902
0.12535458572112915	1.958889187534364e-06	5.190465640961471e-07	2.2475358186686827e-06	5.107428590642906e-07	2.886466311343187e-07	9.247198286427034e-08	5.927999999999901
0.12615741691034735	1.7444879268385747e-06	4.917956326356939e-07	2.0179658914596992e-06	4.823684204412529e-07	2.734779646211245e-07	9.583136877115516e-08	5.965999999999901
0.12696023422642705	1.1554320289351796e-06	4.0285090798611474e-07	1.386701098655651e-06	3.950959848099157e-07	2.3126906972047147e-07	7.866394887316511e-08	6.0039999999999
0.12776303758108495	1.0251005548503157e-06	3.693604622490773e-07	1.2103916072846467e-06	3.630471978653658e-07	1.8529105243433104e-07	6.799914113397299e-08	6.0419999999998995
0.12856582688603926	8.805791222112673e-07	3.5655230905484894e-07	1.0975835503893037e-06	3.382369634494812e-07	2.170044281780363e-07	1.1280649648322055e-07	6.079999999999899
0.12936860205300976	6.598171404074804e-07	3.208759995699279e-07	9.070441450354046e-07	2.9412213955786434e-07	2.4722700462792417e-07	1.282714860048973e-07	6.117999999999898
0.13017136299371776	9.296749337438471e-07	3.4057217715509533e-07	1.1501947284665546e-06	3.3003063126009016e-07	2.2051979472270755e-07	8.407847692619103e-08	6.1559999999998976
0.13097410961988612	8.163056374745772e-07	3.188143660442493e-07	1.0080501572415645e-06	3.089922348366044e-07	1.9174451976698736e-07	7.85264210751854e-08	6.193999999999897
0.1317768418432393	4.272084461426178e-07	2.3886322076805384e-07	5.623270182960265e-07	2.3084017252419315e-07	1.3511857215340875e-07	6.138772666167698e-08	6.231999999999896
0.13257955957550333	1.9270019731910336e-07	1.9462513249782722e-07	3.6121463617292556e-07	1.8502322525935492e-07	1.685144388538222e-07	6.037671997072059e-08	6.269999999999896
0.13338226272840584	1.1006747770089931e-07	1.6584851949147278e-07	2.5789584243194144e-07	1.564275801462065e-07	1.4782836473104212e-07	5.510121221094475e-08	6.307999999999895
0.13418495121367605	1.7379341418687979e-07	1.5222682321530966e-07	2.310887756615897e-07	1.4820135324763562e-07	5.729536147470993e-08	3.477591985547848e-08	6.345999999999894
0.13498762494304484	2.2259410820912974e-07	1.5337454939416317e-07	2.4331460350810335e-07	1.5207757371369395e-07	2.072049529897359e-08	1.990386834810207e-08	6.383999999999894
0.13579028382824465	1.7419066766509896e-07	1.4123300883905872e-07	2.0330498925695318e-07	1.3901290069354794e-07	2.911432159185422e-08	2.494346059590403e-08	6.421999999999893
0.1365929277810096	1.8523429568406231e-09	1.0840302811248569e-07	9.076908075546016e-08	9.289293684298919e-08	8.891673779861954e-08	5.587592315694466e-08	6.4599999999998925
0.1373955567130754	5.160472277820394e-09	1.3786180473637002e-07	1.5793415607197639e-07	1.2265367621996275e-07	1.52773683794156e-07	6.294404590505414e-08	6.497999999999892
0.1381981705361795	3.346489678851827e-07	2.2195315781794347e-07	4.734864008892697e-07	2.1237152837709737e-07	1.3883743300408704e-07	6.450998527462743e-08	6.535999999999891
0.1390007691620609	5.20858250403137e-07	2.3864301963028126e-07	5.871073969123627e-07	2.364837554640722e-07	6.624914650922567e-08	3.203005182430578e-08	6.573999999999891
0.13980335250246034	4.539791496169867e-07	2.303440178726419e-07	5.389269585544292e-07	2.2657265400196087e-07	8.49478089374425e-08	4.151143250021257e-08	6.61199999999989
0.14060592046912027	2.387805832376889e-07	1.8700465914532481e-07	3.449496686867593e-07	1.8126769137370188e-07	1.0616908544907045e-07	4.59648409777243e-08	6.649999999999889
0.14140847297378473	-4.499150845894291e-09	9.909052316095429e-08	8.428324555036145e-08	8.959781802373302e-08	8.878239639625574e-08	4.232213115732287e-08	6.687999999999889
0.14221100992819957	4.9763410302091255e-08	1.2360633478368515e-07	1.421960673961102e-07	1.1633766582354717e-07	9.243265709401895e-08	4.1762106141634207e-08	6.725999999999888
0.14301353124411226	1.0854322850674657e-07	1.6296815571553157e-07	2.38610467675661e-07	1.5070050263275057e-07	1.3006723916891445e-07	6.203207463528914e-08	6.763999999999887
0.14381603683327204	1.4824502651959466e-07	1.6577042878583159e-07	2.5995254207352464e-07	1.572957502598518e-07	1.1170751555392997e-07	5.2324774342836805e-08	6.801999999999887
0.1446185266074299	2.0853259977463999e-07	1.5592975538047836e-07	2.4795585154470247e-07	1.5362331616727038e-07	3.9423251770062473e-08	2.6720129917099998e-08	6.839999999999886
0.14542100047833847	1.4470403489060892e-07	1.381372983678474e-07	1.9236321874091707e-07	1.3527950677334303e-07	4.7659183850308145e-08	2.7952964914812336e-08	6.8779999999998855
0.14622345835775225	6.214057281220831e-08	1.2045714566644028e-07	1.362280163797116e-07	1.1374746359185909e-07	7.40874435675033e-08	3.964137319171348e-08	6.915999999999885
0.14702590015742742	7.002486994769683e-08	1.317808128012384e-07	1.6353453408496992e-07	1.2445577739440601e-07	9.350966413727309e-08	4.332368977486905e-08	6.953999999999884
0.147828325789122	1.0883766341658641e-07	1.351166377176071e-07	1.7751831620548312e-07	1.2966772995135754e-07	6.868065278889671e-08	3.7984017657073825e-08	6.991999999999884
0.14863073516459566	1.4538560401925602e-07	1.2372534359850552e-07	1.595133094743948e-07	1.229161038560086e-07	1.4127705455138787e-08	1.4127705455138787e-08	7.029999999999883
0.14943312819561	1.724018596592074e-07	1.3228938884076213e-07	1.834746407819368e-07	1.318251717923041e-07	1.1072781122729425e-08	1.1072781122729425e-08	7.067999999999882
0.15023550479392833	2.0017931670830112e-08	1.0308175768822162e-07	8.516651307812386e-08	8.981414836806221e-08	6.514858140729375e-08	5.0589203601291695e-08	7.105999999999882
0.15103786487131582	-7.657303300724301e-08	5.41441138206017e-08	5.81990009299336e-09	2.3478377848119162e-08	8.239293310023637e-08	4.878883924668857e-08	7.143999999999881
0.1518402083395394	-2.956682909348089e-08	2.439992476490889e-08	0.0	0.0	2.956682909348089e-08	2.439992476490889e-08	7.1819999999998805
0.15264253511036785	-1.249696277014996e-09	1.249696277014996e-09	0.0	0.0	1.249696277014996e-09	1.249696277014996e-09	7.21999999999988
0.15344484509557182	0.0	0.0	0.0	0.0	0.0	0.0	7.257999999999879
0.1542471382069238	0.0	0.0	0.0	0.0	0.0	0.0	7.295999999999879
0.155049414356198	0.0	0.0	0.0	0.0	0.0	0.0	7.333999999999878
0.15585167345517076	1.050803843584127e-08	3.1518839057174265e-08	1.050803843584127e-08	3.1518839057174265e-08	0.0	0.0	7.371999999999877
0.1566539154156201	7.920266812787787e-08	8.65325082230868e-08	7.920266812787787e-08	8.65325082230868e-08	0.0	0.0	7.409999999999877
0.15745614014932582	2.0456041103989407e-07	1.390657492886949e-07	2.0456041103989407e-07	1.390657492886949e-07	0.0	0.0	7.447999999999876
0.15825834756806997	2.4132262075059165e-07	1.5104571273798873e-07	2.4132262075059165e-07	1.5104571273798873e-07	0.0	0.0	7.485999999999875
0.15906053758363622	1.4816437944298902e-07	1.1835355011347405e-07	1.4816437944298902e-07	1.1835355011347405e-07	0.0	0.0	7.523999999999875
0.1598627101078102	8.424520029106556e-08	9.326176394186233e-08	9.163491791606884e-08	9.307646569303144e-08	7.389717625003278e-09	5.876065660081927e-09	7.561999999999874
0.16066486505237954	-2.7148637259022444e-08	8.776952198094446e-08	6.220028089480822e-08	7.66841413887414e-08	8.934891815383067e-08	4.269697235443059e-08	7.5999999999998735
0.1614670023291337	-1.534809827046268e-07	6.932658794775553e-08	1.3272903019786608e-08	3.5423571587186915e-08	1.667538857244134e-07	5.95931738749106e-08	7.637999999999873
0.16226912184986417	-1.230181588151919e-07	5.109473487149273e-08	0.0	0.0	1.230181588151919e-07	5.109473487149273e-08	7.675999999999872
0.1630712235263644	-3.8572951557547756e-08	2.5727358066641585e-08	0.0	0.0	3.8572951557547756e-08	2.5727358066641585e-08	7.713999999999872
0.16387330727042967	-3.494779379418025e-10	3.494779379418025e-10	0.0	0.0	3.494779379418025e-10	3.494779379418025e-10	7.751999999999871
0.16467537299385748	0.0	0.0	0.0	0.0	0.0	0.0	7.78999999999987
0.165477420608447	0.0	0.0	0.0	0.0	0.0	0.0	7.82799999999987
0.16627945002599964	1.2312518151488687e-08	3.6690406645971185e-08	1.2312518151488687e-08	3.6690406645971185e-08	0.0	0.0	7.865999999999869
0.1670814611583187	5.466736874123186e-08	7.731133429326309e-08	5.466736874123186e-08	7.731133429326309e-08	0.0	0.0	7.9039999999998685
0.16788345391720952	4.235485059020136e-08	6.80503965484996e-08	4.235485059020136e-08	6.80503965484996e-08	0.0	0.0	7.941999999999868
0.1686854282144794	0.0	0.0	0.0	0.0	0.0	0.0	7.979999999999867
